uuid,status,ingestion_time,has_unreachable_hole_warning,has_unreachable_hole_error
00074330-52a8-445f-b54d-5613b1958c09,completed,2023-03-06 20:43:42.066461,,
00091d6c-47d4-4bdc-848f-db5e25165cf1,completed,2023-03-06 20:43:42.066461,,
000de5aa-6422-4fe6-90b8-6efc49952982,completed,2023-03-06 20:43:42.066461,,
000faa17-1138-4c2d-ab2b-3042fc261d11,completed,2023-03-06 20:43:42.066461,X,
0010aa45-5828-4119-a4b6-355f89213968,completed,2023-03-06 20:43:42.066461,X,
0017742c-a908-4cbb-969c-ebc92224d62d,completed,2023-03-06 20:43:42.066461,,
00187e7e-133f-44cf-ac61-84692cd76e06,completed,2023-03-06 20:43:42.066461,,
001997b3-ff2e-4000-8dd8-dfed4b9255af,completed,2023-03-06 20:43:42.066461,,
001bb574-26e0-4241-863f-2a35360055c0,completed,2023-03-06 20:43:42.066461,,
001c2837-bf1f-415f-9cbb-c204a3ed7fc6,completed,2023-03-06 20:43:42.066461,,
001e2785-9051-4f58-828b-91d58f6075f2,completed,2023-03-06 20:43:42.066461,,
00260663-54e7-4b22-bb58-76bdf98d0001,completed,2023-03-06 20:43:42.066461,,
00309c28-6eb0-42c4-9c60-c0a0f7eeadf8,completed,2023-03-06 20:43:42.066461,X,
003d9d26-5a34-4ee3-9e6b-14bd17f7bbaa,completed,2023-03-06 20:43:42.066461,,
00420618-2ae1-4bea-854d-de6d2adc9cb7,completed,2023-03-06 20:43:42.066461,,
004d29bb-b14a-4051-b465-e6582d1258a5,completed,2023-03-06 20:43:42.066461,,
00518b3a-31b9-4278-8d54-5e5513422b73,completed,2023-03-06 20:43:42.066461,,
0056764a-361c-460a-8762-6b87fe5b4284,completed,2023-03-06 20:43:42.066461,,
00572455-db4e-4f9c-a2ae-68b2e76f5710,completed,2023-03-06 20:43:42.066461,,
005b2773-d922-4812-b09f-466dacc27cb2,completed,2023-03-06 20:43:42.066461,,
005c5c09-c40f-4365-bb50-58c7006d2045,completed,2023-03-06 20:43:42.066461,,
006017d1-ce8a-499b-b5a4-fb63ea2b4752,completed,2023-03-06 20:43:42.066461,,
00611a75-6157-4c5c-9c61-ec98c9503846,completed,2023-03-06 20:43:42.066461,,
0063ad44-3113-46d5-9fa8-01ed3be92708,completed,2023-03-06 20:43:42.066461,,
00667d49-09f1-4aa0-9298-be5e6b2ca5da,completed,2023-03-06 20:43:42.066461,,
00676a74-a418-49d6-aa54-7bf846737d38,completed,2023-03-06 20:43:42.066461,,
006f336f-e88c-4f17-ac3a-e76a893d472f,completed,2023-03-06 20:43:42.066461,,
00790e53-8bd8-4e91-a372-a5e888d7aef7,completed,2023-03-06 20:43:42.066461,,
007d4f82-3d18-4fd5-8257-24c24fbe5e52,completed,2023-03-06 20:43:42.066461,,
008bbe1c-343a-4696-ba03-9bf6c65fd596,completed,2023-03-06 20:43:42.066461,,
008e5ea5-0861-4b9f-9cce-920d12ea32e1,completed,2023-03-06 20:43:42.066461,,
008fed44-956f-4c26-aae1-bf4372f7a978,completed,2023-03-06 20:43:42.066461,,
00934878-2ada-4fa5-ae94-5a29108da124,completed,2023-03-06 20:43:42.066461,,
0096b92b-6000-4369-9ca0-d160158784e5,completed,2023-03-06 20:43:42.066461,,
009d6cba-c469-49e2-8e92-1b6711b76295,completed,2023-03-06 20:43:42.066461,,
00a5cc69-a1aa-445a-add9-87c75e683b23,completed,2023-03-06 20:43:42.066461,,
00a5f16a-9b86-43ab-9cd4-577ff8a1b2cf,completed,2023-03-06 20:43:42.066461,,
00a88603-ca93-46b6-bc66-fe020487880c,completed,2023-03-06 20:43:42.066461,,
00aee9b1-9864-47a3-9f94-c57d94095205,completed,2023-03-06 20:43:42.066461,,
00afd8d2-3744-4409-8a48-4a6489f0cd74,completed,2023-03-06 20:43:42.066461,,
00b15069-e037-4413-9817-1f82cf14c452,completed,2023-03-06 20:43:42.066461,,
00ba0f57-f873-463e-8c74-70afc8b8542a,completed,2023-03-06 20:43:42.066461,,
00bfda8e-9b5d-42e3-a6fb-fcbe2ac4f1ae,completed,2023-03-06 20:43:42.066461,,
00c05273-49d1-41c5-8dd1-5334f38868d7,completed,2023-03-06 20:43:42.066461,,X
00c1645c-9ff8-46fc-bf59-1efcb6c6d104,completed,2023-03-06 20:43:42.066461,,
00c2bd66-8c30-49c7-96ee-1d4150d954d5,completed,2023-03-06 20:43:42.066461,,
00c5864d-62e8-4178-a51e-d5ba552d3840,completed,2023-03-06 20:43:42.066461,,
00ccab04-ef63-4f23-bf72-0a8ab30bae7a,completed,2023-03-06 20:43:42.066461,,
00ceda8e-f62c-404b-824f-907b54c0308b,completed,2023-03-06 20:43:42.066461,,
00cffcd0-47c9-4fde-84e6-301a539f5f88,completed,2023-03-06 20:43:42.066461,,
00d4e9fb-132f-49a3-bd4f-8c97890dea94,completed,2023-03-06 20:43:42.066461,,
00d5ad7c-24c0-4e43-a0e8-a511d7d29367,completed,2023-03-06 20:43:42.066461,,
00d7c9cc-1b04-46d9-9cee-7c1a2bec4b27,completed,2023-03-06 20:43:42.066461,,
00dcf9b6-b6d0-4186-805e-7845265edfcb,completed,2023-03-06 20:43:42.066461,,
00e2ceaa-7df3-458b-8ad7-f4aa3912b402,completed,2023-03-06 20:43:42.066461,,
00e5eced-4c10-45d5-8ed4-d6108bf13d98,completed,2023-03-06 20:43:42.066461,,
00e9dfe8-4257-4e95-b26e-e4c52cf69192,completed,2023-03-06 20:43:42.066461,,
00eb65fe-b637-4e91-bc43-8445ba7b4af8,completed,2023-03-06 20:43:42.066461,,
00f50208-0a0b-4122-bca9-8f1343c3fd04,completed,2023-03-06 20:43:42.066461,,
00fdc9f1-adbc-4057-8481-875b822d65cf,completed,2023-03-06 20:43:42.066461,,
010d3fc0-5bbc-4ada-9d3c-bd0f33ba5caa,completed,2023-03-06 20:43:42.066461,,
0116ba0a-3498-4eef-a3d8-f5407ee2ca51,completed,2023-03-06 20:43:42.066461,,
011c8ce7-b062-4edb-a642-4c1c46f60397,completed,2023-03-06 20:43:42.066461,,
01319b98-2e0c-4b4b-8eea-3293a3a306a6,completed,2023-03-06 20:43:42.066461,,
0134217b-6a06-49a6-941a-7bdd48ae2e69,completed,2023-03-06 20:43:42.066461,,
01399e18-0ef7-4eca-a0bb-37188de64184,completed,2023-03-06 20:43:42.066461,,
013e0a75-8d39-4e89-a59c-2c26ce11eef5,completed,2023-03-06 20:43:42.066461,,
0142619d-a46b-4df8-a2e4-19a69d2c6494,completed,2023-03-06 20:43:42.066461,,
0148aaf4-ae25-4c73-8d2e-2f20789a26df,completed,2023-03-06 20:43:42.066461,,
014e92bb-63d4-41b8-9740-b56201f53229,completed,2023-03-06 20:43:42.066461,,
015fc698-4421-412f-ae28-092076463af6,completed,2023-03-06 20:43:42.066461,,
01642486-83a2-4c14-aaf4-53fd1bee242e,completed,2023-03-06 20:43:42.066461,,
0166f6ea-a6d3-4074-acbd-8f27628c5e6e,completed,2023-03-06 20:43:42.066461,,
016c0b5b-c780-4374-9129-fec7e96c4f77,completed,2023-03-06 20:43:42.066461,,
017242cf-92aa-4d4c-9195-66cdf6108317,completed,2023-03-06 20:43:42.066461,,
01780333-079c-4282-86b9-a91a6b30261f,completed,2023-03-06 20:43:42.066461,,
017af0e5-de95-41bf-90c7-d61898210259,completed,2023-03-06 20:43:42.066461,,
017d79ab-ea63-4d09-91fb-3f1cfb441021,completed,2023-03-06 20:43:42.066461,,
01866380-ed9a-44c3-a632-a9893b28dcea,completed,2023-03-06 20:43:42.066461,,
01899e34-c204-484e-9e8b-46b9e632369c,completed,2023-03-06 20:43:42.066461,,
0189a28a-996f-4505-929d-c948754bb543,completed,2023-03-06 20:43:42.066461,,
018b9d41-0d21-4faf-a7e7-ab5ebeafb785,completed,2023-03-06 20:43:42.066461,,
018bdb8e-d11d-4218-9a60-43b6ababc46c,completed,2023-03-06 20:43:42.066461,,
019338b4-4463-43b6-a5d6-33e06b4e49a7,completed,2023-03-06 20:43:42.066461,,
019c9171-5bda-4ceb-bfce-6f85f707612a,completed,2023-03-06 20:43:42.066461,,
01a3162c-38e1-46da-9e75-256efc1b7d11,completed,2023-03-06 20:43:42.066461,,
01aa5009-3d0f-4cd6-8001-cd83d7b84841,completed,2023-03-06 20:43:42.066461,,
01ae9749-d674-4e04-87cd-884c45403837,completed,2023-03-06 20:43:42.066461,,
01b37804-2789-4383-b602-85907d8970ec,completed,2023-03-06 20:43:42.066461,,
01b64672-72cb-4065-b9d6-556c57245def,completed,2023-03-06 20:43:42.066461,,
01b85d4a-ce58-4894-bcc9-f566f6459c7b,completed,2023-03-06 20:43:42.066461,,
01be8dd9-3901-4cfd-b2f4-6751c25c64f5,completed,2023-03-06 20:43:42.066461,,
01c183e5-ab30-4afe-82fb-2648981a0b80,completed,2023-03-06 20:43:42.066461,,
01cc43d5-5f39-48fd-b260-3ddfca0022ee,completed,2023-03-06 20:43:42.066461,,
01cfbb0c-0586-48a2-9583-ecb0e7bc3849,completed,2023-03-06 20:43:42.066461,,
01e0a021-07ab-4633-a9cd-1f0411b7eb0e,completed,2023-03-06 20:43:42.066461,,
01ec3889-c209-4b7e-a757-585cd7c78286,completed,2023-03-06 20:43:42.066461,,
01eeb517-18dd-435c-8274-45a06b01ee13,completed,2023-03-06 20:43:42.066461,,
01f3b92f-a5c3-4693-9803-929ac5fc7207,completed,2023-03-06 20:43:42.066461,,
0206f6bc-7dc8-40e6-ace5-1fba18673f69,completed,2023-03-06 20:43:42.066461,,
0207b5ad-2769-482a-9700-e17d94d10d40,completed,2023-03-06 20:43:42.066461,,
020ac042-07da-4996-9bea-bba5e1a17628,completed,2023-03-06 20:43:42.066461,,
020b7c7e-ae0b-44f7-a3d3-3b89ff9238eb,completed,2023-03-06 20:43:42.066461,,
020edb28-f12a-4f3f-9d8b-3b4ec8ab5131,completed,2023-03-06 20:43:42.066461,,
021460db-e17d-4c47-84c5-ca89cd2d5d37,completed,2023-03-06 20:43:42.066461,,
0217524e-c22f-4a3d-81e9-35da49bbc9cf,completed,2023-03-06 20:43:42.066461,,
0217fdda-a262-4cf2-a9a7-e408b7d59881,completed,2023-03-06 20:43:42.066461,,
02280547-09a3-44e1-b3e4-18eaa63aa6cb,completed,2023-03-06 20:43:42.066461,,
0238aaa1-0de9-4eaf-823d-b0d1a499c10a,completed,2023-03-06 20:43:42.066461,,
0238cd0a-dc32-4451-8fa1-e925e7335640,completed,2023-03-06 20:43:42.066461,,
023a131c-2f08-4f8f-9951-78e62dc61665,completed,2023-03-06 20:43:42.066461,,
02447f2c-8d7a-4433-bab1-f6a682b4e39d,completed,2023-03-06 20:43:42.066461,,
024a6ec0-4d30-4a7b-83b8-1e2072d91ff8,completed,2023-03-06 20:43:42.066461,,
025c77af-83c0-4008-811a-635f5643f967,completed,2023-03-06 20:43:42.066461,,
0265233c-72b7-4519-a53b-ec675dc7587f,completed,2023-03-06 20:43:42.066461,,
0267679b-45a9-4a99-a14d-c9135981cc6e,completed,2023-03-06 20:43:42.066461,,
0267dc52-d751-43e6-90c0-a87d8329f93f,completed,2023-03-06 20:43:42.066461,,
0267fc95-8369-4230-b7e7-da3a58f74880,completed,2023-03-06 20:43:42.066461,,
026b5164-becd-43d9-90da-d9663e807112,completed,2023-03-06 20:43:42.066461,,
026ccab1-a2e1-47d8-850d-c8abbacbdaaa,completed,2023-03-06 20:43:42.066461,,
02714612-b726-498b-a111-e1f7bc4af321,completed,2023-03-06 20:43:42.066461,,
02717694-e551-490c-80b4-5b9c9fd438ff,completed,2023-03-06 20:43:42.066461,,
0271d374-fb10-4211-a2ce-dbbe887e772c,completed,2023-03-06 20:43:42.066461,,
0272a9eb-2795-49eb-ad12-0218bc83df5b,completed,2023-03-06 20:43:42.066461,,
02783a83-8e73-46bc-8686-f18225badcdc,completed,2023-03-06 20:43:42.066461,,
027b598c-9835-4b98-b4d6-8e53db1e7529,completed,2023-03-06 20:43:42.066461,,
02883629-4023-4dde-88aa-1e5c8461097a,completed,2023-03-06 20:43:42.066461,,
029804f8-f1a3-4d31-b5bd-6d98cbd86356,completed,2023-03-06 20:43:42.066461,,
0298949c-2ccd-40d6-868c-b8073b274a66,completed,2023-03-06 20:43:42.066461,,
029cbe0b-a0f2-4bf7-8987-c84dd7cf2e50,completed,2023-03-06 20:43:42.066461,,
029f314b-9467-4eca-9caf-9801195ea943,completed,2023-03-06 20:43:42.066461,,
02aa3957-ca66-40f6-b86a-ec42130b54f3,completed,2023-03-06 20:43:42.066461,,
02aa9617-7797-4a07-9335-8d60cd416688,completed,2023-03-06 20:43:42.066461,,
02ab546b-6423-4192-aac8-b86ac2a94c1b,completed,2023-03-06 20:43:42.066461,,
02ae03fe-888b-4b32-8f91-d91abb47a423,completed,2023-03-06 20:43:42.066461,,
02b68801-2f55-4ee3-b1ee-576179059699,completed,2023-03-06 20:43:42.066461,,
02c597ac-83a5-4225-b503-d7a032e7f7b1,completed,2023-03-06 20:43:42.066461,,
02de422e-829c-47bf-b71d-d64d2f680f66,completed,2023-03-06 20:43:42.066461,,
02e3f0b0-7c31-4216-ac1d-242eef378fe0,completed,2023-03-06 20:43:42.066461,,
02ecb059-f7bd-4b54-8d3a-a6623347ecd3,completed,2023-03-06 20:43:42.066461,,
02ee5fc0-2156-41b8-86c8-6225f1f44a19,completed,2023-03-06 20:43:42.066461,,
02f0213b-d030-4b7a-9e99-45347dfd2e2d,completed,2023-03-06 20:43:42.066461,,
02f17215-76cd-45ba-9618-426ea2348b52,completed,2023-03-06 20:43:42.066461,,
02f2502e-24a0-444e-8ab2-3dcf251d32a6,completed,2023-03-06 20:43:42.066461,,
02f9e38f-b635-43c6-8841-75d5284e0f0a,completed,2023-03-06 20:43:42.066461,,
02febce3-98ad-41e4-97ed-c8eaa5ddf13a,completed,2023-03-06 20:43:42.066461,,
03035c4b-52cd-4951-96c3-7c5f7c49b8e3,completed,2023-03-06 20:43:42.066461,,
03041ca8-c0f3-421c-a8a2-6912f4daded4,completed,2023-03-06 20:43:42.066461,,
0309df57-3fc6-4662-8046-9d2b76ba750a,completed,2023-03-06 20:43:42.066461,,
031361f0-e05a-4b46-a16a-5b5a6a3d6b8e,completed,2023-03-06 20:43:42.066461,,
0313a23e-17c7-4eee-ab68-bda82d6fe74f,completed,2023-03-06 20:43:42.066461,,
0316264f-b9b7-42ce-8458-cecad902e715,completed,2023-03-06 20:43:42.066461,,
0317ee73-628a-47ae-b06f-0398093f35ca,completed,2023-03-06 20:43:42.066461,,
031890c5-121c-4b06-90d9-de7df0522d18,completed,2023-03-06 20:43:42.066461,,
0332f025-848c-40c4-b644-6b60d1de620d,completed,2023-03-06 20:43:42.066461,,
0334ef26-6553-4b7e-b7b8-5539faaf8598,completed,2023-03-06 20:43:42.066461,,
033a78b8-04ba-4cc5-93f5-33ae9dbb88c8,completed,2023-03-06 20:43:42.066461,,
033ab002-d018-49c6-b33f-894b470b90bd,completed,2023-03-06 20:43:42.066461,,
0345908b-b32c-4ddb-9ad6-46bdf95526e2,completed,2023-03-06 20:43:42.066461,,
03528d6d-8778-41e7-8eea-a3aea5fb878e,completed,2023-03-06 20:43:42.066461,,
035b57bd-c026-4a53-b9aa-eb4f6d7cdd76,completed,2023-03-06 20:43:42.066461,,
035bc0ec-dd73-4a6f-bb9a-e83af71a84b5,completed,2023-03-06 20:43:42.066461,,
036b608d-b565-4cf2-9962-4714307e677f,completed,2023-03-06 20:43:42.066461,,
036f06d5-067f-41c5-a6b1-1f2f1ac1d34c,completed,2023-03-06 20:43:42.066461,,
03789354-cb01-4a84-b8f9-237e00d5cef2,completed,2023-03-06 20:43:42.066461,,
0386d35a-7b44-4772-b5b9-4c523571ae72,completed,2023-03-06 20:43:42.066461,,
03888ee8-1022-4e03-9460-05ca5bdbb738,completed,2023-03-06 20:43:42.066461,,
0388bbac-7850-43e0-8382-717bd6293437,completed,2023-03-06 20:43:42.066461,,
0389a097-d341-47c7-9bea-464940ecee4f,completed,2023-03-06 20:43:42.066461,,
038b26b9-6523-488b-9ca8-3d210a9a07c7,completed,2023-03-06 20:43:42.066461,,
039d17bc-bdf0-44a4-a9a0-4a4393ec58e4,completed,2023-03-06 20:43:42.066461,,
03a749f5-b279-40bc-b605-47f5a763d39f,completed,2023-03-06 20:43:42.066461,,
03a94697-d398-43c2-b9f5-7e74a94d9532,completed,2023-03-06 20:43:42.066461,,
03bfdd6e-7f67-4309-adf9-3ccfe5df950e,completed,2023-03-06 20:43:42.066461,,
03c29210-a158-489b-9908-983aa12358ea,completed,2023-03-06 20:43:42.066461,,
03c39109-cbb8-4ed6-bb34-1dc98c08a66e,completed,2023-03-06 20:43:42.066461,,
03cb558d-1d18-42ad-8018-1c0e7f61b9c7,completed,2023-03-06 20:43:42.066461,,
03d0e861-7866-4bc1-90c3-6b403da55e7c,completed,2023-03-06 20:43:42.066461,,
03d71583-fc4a-4f48-968a-85f5f01494e5,completed,2023-03-06 20:43:42.066461,,
03dc0f84-b066-41e9-9cc2-336656c2c680,completed,2023-03-06 20:43:42.066461,,
03e6ace9-058c-43f8-92de-5c712d65f7ca,completed,2023-03-06 20:43:42.066461,,
03e8ca1b-49e1-4d61-a7b0-d34a3c7bfb24,completed,2023-03-06 20:43:42.066461,,
03edb972-57d8-48b9-b8dc-c0d326afc607,completed,2023-03-06 20:43:42.066461,,
03f74339-e295-433b-9f5b-ed3d4ee66666,completed,2023-03-06 20:43:42.066461,,
03fdb242-12af-41a1-b9e0-ebcedd7a9eba,completed,2023-03-06 20:43:42.066461,,
0401e2b8-ca74-45f3-9c29-9d58fbafe8ef,completed,2023-03-06 20:43:42.066461,,
04099c97-d59a-418c-8d99-98e3d2e71795,completed,2023-03-06 20:43:42.066461,,
040f066c-8f5f-485d-8079-cab60b5fa290,completed,2023-03-06 20:43:42.066461,,
0412e103-eb49-41a1-a1b1-d3ac288f33f8,completed,2023-03-06 20:43:42.066461,,
04149af8-8ecb-4d32-b58c-d29545e26188,completed,2023-03-06 20:43:42.066461,,
04164b31-8b3b-491d-8e48-2cfc1805e361,completed,2023-03-06 20:43:42.066461,,
0422d117-af25-4e98-b954-8e5334113c9d,completed,2023-03-06 20:43:42.066461,,
0428d8e8-f318-4096-85e9-c61fcb4e5271,completed,2023-03-06 20:43:42.066461,,
042d5dd4-d544-4099-b4d9-a4515ee3fd86,completed,2023-03-06 20:43:42.066461,,
0436dd15-cacd-431d-9eb1-c014aabc3e6a,completed,2023-03-06 20:43:42.066461,,
04374f7e-a555-426a-b74c-48786afb54c6,completed,2023-03-06 20:43:42.066461,,
043e0fb7-815e-49c3-9854-d9dc897516bf,completed,2023-03-06 20:43:42.066461,,
04430d5b-1cf1-4287-83e1-925271ec6f53,completed,2023-03-06 20:43:42.066461,,
0444d210-3661-469f-903e-f005b0666da9,completed,2023-03-06 20:43:42.066461,,
04514fb3-221a-4c3e-aca9-0cfaf7d4400b,completed,2023-03-06 20:43:42.066461,,
04518170-f52b-41dc-b4a7-eda82dbaf97b,completed,2023-03-06 20:43:42.066461,,
0453739c-2f8a-485a-8a28-2574a8decdfd,completed,2023-03-06 20:43:42.066461,,
045db0e5-16c4-44c2-8826-56aba5b66181,completed,2023-03-06 20:43:42.066461,,
046bc457-7902-4564-8b9b-9454b1988292,completed,2023-03-06 20:43:42.066461,,
04793e52-8d41-41c6-9396-bf5109907d25,completed,2023-03-06 20:43:42.066461,,
047a8f8c-6468-4269-a1c0-38fb9736f774,completed,2023-03-06 20:43:42.066461,,
047ed3c5-2525-4b02-ae5b-47b8c37c6069,completed,2023-03-06 20:43:42.066461,,
047fb0da-31fb-4445-b860-1151fb230919,completed,2023-03-06 20:43:42.066461,,
048e2eae-03fc-40cc-ad08-54d6c39e3ce4,completed,2023-03-06 20:43:42.066461,,
048ec5eb-6112-4b14-ae6e-71263d198cc7,completed,2023-03-06 20:43:42.066461,,
04901792-e329-4fbb-a085-4670c45ae1bf,completed,2023-03-06 20:43:42.066461,,
049b8afc-2958-4764-8ead-88a5b0c38bf3,completed,2023-03-06 20:43:42.066461,,
049c7bca-9f2d-429e-a875-938118f7bcbd,completed,2023-03-06 20:43:42.066461,,
04a1735c-b5d9-4319-b7cd-1cdb2d7ebe24,completed,2023-03-06 20:43:42.066461,,
04a1998a-59e1-40c7-a4ef-6dc7c1cc06a9,completed,2023-03-06 20:43:42.066461,,
04a43a68-4a55-4c6c-aef8-276dc87efbdd,completed,2023-03-06 20:43:42.066461,,
04a91993-e40e-4ecf-a232-267251217f54,completed,2023-03-06 20:43:42.066461,,
04b57d5c-3347-40bb-a537-3851bbe872d6,completed,2023-03-06 20:43:42.066461,,
04b59890-0b0b-4b2c-8714-5725e7860a34,completed,2023-03-06 20:43:42.066461,,
04b8682a-ddb7-48e2-8ac7-2d1da7d15b08,completed,2023-03-06 20:43:42.066461,,
04c6a10f-2db7-47a9-8d48-d796549efa2c,completed,2023-03-06 20:43:42.066461,,
04c78abf-26e6-4163-8eb4-b3356b9265a3,completed,2023-03-06 20:43:42.066461,,
04d513b9-4db6-49ee-b4f9-2cdbbe6f2bc1,completed,2023-03-06 20:43:42.066461,,
04e1422c-b2f3-499b-b894-dd527afb1428,completed,2023-03-06 20:43:42.066461,,
04ec7fc0-9646-49a2-9194-104076d7c32e,completed,2023-03-06 20:43:42.066461,,
04ed86de-2811-4fda-ab53-7575eda0bc31,completed,2023-03-06 20:43:42.066461,,
04ef0597-6aa8-4767-9da3-494cdf1cbbda,completed,2023-03-06 20:43:42.066461,,
04f36f54-8f28-4990-9678-7ef034316879,completed,2023-03-06 20:43:42.066461,,
04f4b081-602d-4355-91c1-d6502294d634,completed,2023-03-06 20:43:42.066461,,
04f593af-a7b2-4e2c-842a-1ba631328052,completed,2023-03-06 20:43:42.066461,,
04fa336c-a7a0-4946-ae97-c12d3678517c,completed,2023-03-06 20:43:42.066461,,
04fb9696-e539-4e38-843a-01d7e1e3e043,completed,2023-03-06 20:43:42.066461,,
05163ec8-f9ff-403b-8dbb-4e5a11f5dc36,completed,2023-03-06 20:43:42.066461,,
0518fe25-71a4-4a91-a9ab-dfa811b3aa66,completed,2023-03-06 20:43:42.066461,,
051f197f-d5bd-4d38-9793-503a39bd64fa,completed,2023-03-06 20:43:42.066461,,
0521012b-b72a-4a48-9864-384e0b358668,completed,2023-03-06 20:43:42.066461,,
05263060-212d-4797-8abf-caf4c9df02ea,completed,2023-03-06 20:43:42.066461,,
052ac24e-63fa-41fa-af7e-6a9de3127b49,completed,2023-03-06 20:43:42.066461,,
052bc03b-8839-4a61-93a5-8713bcd1dbaa,completed,2023-03-06 20:43:42.066461,,
05328399-381e-464a-b62e-307c9e1ab938,completed,2023-03-06 20:43:42.066461,,
0532cded-9c22-4be4-958a-e947b88a759d,completed,2023-03-06 20:43:42.066461,,
0536abd9-8fc7-4478-a3e5-3e663872bc95,completed,2023-03-06 20:43:42.066461,,
05409e7b-7f38-4b9a-8a9e-64393ae43ace,completed,2023-03-06 20:43:42.066461,,
054cc1b1-6bca-42d4-ac69-2629e361b29e,completed,2023-03-06 20:43:42.066461,,
05534f83-889d-4f7b-81e3-f7b0e12263fa,completed,2023-03-06 20:43:42.066461,,
0558ac90-3994-4938-8792-73b16b4eb7d1,completed,2023-03-06 20:43:42.066461,,
0559e1c5-ec0d-44ef-87fb-20f796eb4fbb,completed,2023-03-06 20:43:42.066461,,
055c4ea5-e82b-4324-8d7f-5aa01cf948ed,completed,2023-03-06 20:43:42.066461,,
0564bfd5-385a-4716-99c4-6d05f837a949,completed,2023-03-06 20:43:42.066461,,
0566da72-f8e1-424d-955b-6e4bb79e7fed,completed,2023-03-06 20:43:42.066461,,
056e9e22-0fcd-4104-890a-267d3f7711f6,completed,2023-03-06 20:43:42.066461,,
05805c05-ab97-48ce-af18-0fef9e35910f,completed,2023-03-06 20:43:42.066461,,
0583a7d0-1a8a-459b-a8df-5d7079f21f09,completed,2023-03-06 20:43:42.066461,,
0587339e-157b-4869-a1f6-66155fdf577a,completed,2023-03-06 20:43:42.066461,,
058a653a-7a12-4057-acbb-4e64c684c073,completed,2023-03-06 20:43:42.066461,,
0592b6dd-bec6-4732-83c2-8507381cf21c,completed,2023-03-06 20:43:42.066461,,
059303be-cb84-49a0-8a1c-93edf12dfee7,completed,2023-03-06 20:43:42.066461,,
059602d7-f515-4b5c-b7de-0da5b481d58a,completed,2023-03-06 20:43:42.066461,,
0599ccdf-e8e0-4737-a735-834b733e7547,completed,2023-03-06 20:43:42.066461,,
059f730e-4c55-496a-a2df-aac2b667cd1c,completed,2023-03-06 20:43:42.066461,,
05a28f62-951c-4938-8717-8cb30511c218,completed,2023-03-06 20:43:42.066461,,
05acb92e-453d-4724-9296-8197f6fb07b0,completed,2023-03-06 20:43:42.066461,,
05b80210-4528-4cb2-bedc-7a889a34a350,completed,2023-03-06 20:43:42.066461,,
05b8c14b-0b3f-4877-90fb-116002dba383,completed,2023-03-06 20:43:42.066461,,
05c77681-55d9-447d-9380-d4274b988e0d,completed,2023-03-06 20:43:42.066461,,
05ce3550-58bb-45d3-b82f-e70b6345055b,completed,2023-03-06 20:43:42.066461,,
05d9cb87-d347-4976-a9c3-6a50f9a20aee,completed,2023-03-06 20:43:42.066461,,
05e95795-3871-45e4-8cc4-534271be3f78,completed,2023-03-06 20:43:42.066461,,
05ffdd33-0e74-4313-93cc-e397de89174e,completed,2023-03-06 20:43:42.066461,,
060141f0-1bd9-4fa2-a6c2-753e2b1a0c8e,completed,2023-03-06 20:43:42.066461,,
06063c16-bf19-4b37-8a21-dbe0b80bf060,completed,2023-03-06 20:43:42.066461,,
061357d7-225b-44fc-93f7-e7b79b0c30ea,completed,2023-03-06 20:43:42.066461,,
0615d51e-9592-48d3-b294-215e31a815f3,completed,2023-03-06 20:43:42.066461,,
0627a7d2-23be-41a5-8ce7-0948493d0531,completed,2023-03-06 20:43:42.066461,,
062c45c6-6082-4112-b1a0-673e9a5ac97e,completed,2023-03-06 20:43:42.066461,,
062f584a-635f-4f70-b768-c35b50c666f3,completed,2023-03-06 20:43:42.066461,,
063f190d-6dcb-4900-aaa9-f1f6b11d6bad,completed,2023-03-06 20:43:42.066461,,
063f496a-69f7-486d-bd44-f5cb76a52299,completed,2023-03-06 20:43:42.066461,,
063fdf45-71f7-444e-9428-fd5fb6494b6c,completed,2023-03-06 20:43:42.066461,,
0642cee7-8db2-4f5e-9c9b-99e3791e38ff,completed,2023-03-06 20:43:42.066461,,
06439862-2339-4760-b968-fbcf43595c59,completed,2023-03-06 20:43:42.066461,,
0648860c-a7eb-440b-8da2-d858d5133977,completed,2023-03-06 20:43:42.066461,,
0648faa5-e767-4454-bcf7-e0c0576f13ac,completed,2023-03-06 20:43:42.066461,,
065ab74a-6ff9-4364-8214-0d7da1f8a1bf,completed,2023-03-06 20:43:42.066461,,
065c9f67-78eb-4d1d-b8bf-8208c3d44888,completed,2023-03-06 20:43:42.066461,,
065e2ccc-5314-4544-9035-e6ba6785dcd6,completed,2023-03-06 20:43:42.066461,,
065e94dd-8be6-4627-83a3-b7210f99aae6,completed,2023-03-06 20:43:42.066461,,
066f754f-e381-4998-ab8f-c4a42a705e95,completed,2023-03-06 20:43:42.066461,,
06780804-277f-4c99-8403-980e7d6f183b,completed,2023-03-06 20:43:42.066461,X,
0678dce3-31dd-45c7-a91e-8adeb7ccc253,completed,2023-03-06 20:43:42.066461,,
067b67a3-8383-4dce-b9d4-ad7a781c8a15,completed,2023-03-06 20:43:42.066461,,
067ecf2d-48eb-4ead-91fe-9f8d2ad1ddb8,completed,2023-03-06 20:43:42.066461,,
06819e64-65b0-43a9-81d8-3b817b07a632,completed,2023-03-06 20:43:42.066461,,
0685b3e6-afc2-44a6-9ea5-ca62e86122e5,completed,2023-03-06 20:43:42.066461,,
06873d86-a39a-4803-85a2-16c037645812,completed,2023-03-06 20:43:42.066461,,
0687f08e-f23f-4a15-a8bf-ced2df889abd,completed,2023-03-06 20:43:42.066461,,
06883c6a-a7bc-4256-9012-415003a0d192,completed,2023-03-06 20:43:42.066461,X,
06a3b2c6-d378-4c60-a4ae-d047266e2943,completed,2023-03-06 20:43:42.066461,,
06a480cd-dcb0-43ff-9017-dd7410def583,completed,2023-03-06 20:43:42.066461,,
06a850a3-d29a-489e-9047-e1012d8b385e,completed,2023-03-06 20:43:42.066461,,
06a9a206-01fd-4995-a10d-12c91f77212f,completed,2023-03-06 20:43:42.066461,,
06abf1d4-ce2a-42da-9b28-4554dcf76703,completed,2023-03-06 20:43:42.066461,,
06ae80d7-0d68-468d-a182-6b896183e76e,completed,2023-03-06 20:43:42.066461,,
06b10a17-e42b-4bbe-984e-b6b570f0338a,completed,2023-03-06 20:43:42.066461,,
06b1bf04-6fb7-420c-87e5-72ef146c25dd,completed,2023-03-06 20:43:42.066461,,
06b1fa3d-d569-47cb-9eff-f4ce1039bcee,completed,2023-03-06 20:43:42.066461,,
06bb92b6-cb23-488b-b361-7778632c217d,completed,2023-03-06 20:43:42.066461,,
06c5aafe-841c-4c32-89b7-21c42aa71695,completed,2023-03-06 20:43:42.066461,,
06cf81fd-9fe3-426b-8aa2-8ace6bd1ad1a,completed,2023-03-06 20:43:42.066461,,
06d57128-1dc4-4d96-ae6a-7eac0fd9a14e,completed,2023-03-06 20:43:42.066461,,
06e2c970-3d1e-4144-aa3b-b521a8044da9,completed,2023-03-06 20:43:42.066461,,
06e98602-4a1a-414b-93b8-1e30c46b42cd,completed,2023-03-06 20:43:42.066461,,
0703c623-99d6-4eb8-ac49-25b3885655b8,completed,2023-03-06 20:43:42.066461,,
0705ddc2-c5c7-435a-aac8-924d4490c377,completed,2023-03-06 20:43:42.066461,,
0706611e-e103-4b4b-837b-50c359600219,completed,2023-03-06 20:43:42.066461,,
070b9390-b63a-4e9d-a086-91ead466008a,completed,2023-03-06 20:43:42.066461,,
070ff140-f271-444f-91f0-789b7335c271,completed,2023-03-06 20:43:42.066461,,
07183139-486e-47ec-95f8-471d1f523400,completed,2023-03-06 20:43:42.066461,,
0721422b-a773-4b00-8d5c-4fe0199ff450,completed,2023-03-06 20:43:42.066461,,
0721db81-04c2-412f-b0b0-8f6faca07519,completed,2023-03-06 20:43:42.066461,,
0731c412-36d4-4915-b017-be49dd9419cf,completed,2023-03-06 20:43:42.066461,,
074b8822-e0b6-47de-901c-7498539bda90,completed,2023-03-06 20:43:42.066461,,
074fc78d-723b-4286-866b-f685bcd05446,completed,2023-03-06 20:43:42.066461,,
07524a02-8918-4bda-aa8e-e51cffc9a1d0,completed,2023-03-06 20:43:42.066461,,
0754ddb2-f8a6-4f06-a33d-8159306795b5,completed,2023-03-06 20:43:42.066461,,
07590084-2108-420a-8e27-26ec4a3b02dc,completed,2023-03-06 20:43:42.066461,,
075ad3e3-8e76-46a8-b7a6-ac3833f331d8,completed,2023-03-06 20:43:42.066461,,
076463ad-5c70-4f58-861a-ca3dbe21c9b9,completed,2023-03-06 20:43:42.066461,,
0767cb0a-5fac-400d-a24e-595b8d17bf6a,completed,2023-03-06 20:43:42.066461,,
07697f32-d1bf-4c6a-8778-ea734dca973a,completed,2023-03-06 20:43:42.066461,X,
076bf1c5-5757-4d16-ada2-7c5514847398,completed,2023-03-06 20:43:42.066461,,
076cdbb7-6ddf-418c-962c-855f1e26bffd,completed,2023-03-06 20:43:42.066461,,
076e3353-1b08-443e-87cb-2fea143c9bad,completed,2023-03-06 20:43:42.066461,,
07725488-9d48-452a-bca2-9cff064b86b8,completed,2023-03-06 20:43:42.066461,,
077a0f81-734f-48c8-b32b-e7bb499937a2,completed,2023-03-06 20:43:42.066461,,
078337f7-455e-4572-b334-772a3aa7badf,completed,2023-03-06 20:43:42.066461,,
078ba776-ab53-4416-9cfe-0ab8961ec3ae,completed,2023-03-06 20:43:42.066461,,
078cc7a9-4fd4-404a-849a-184b9990c955,completed,2023-03-06 20:43:42.066461,,
078eb3b7-fd59-40b4-8d94-bfcd8249efd6,completed,2023-03-06 20:43:42.066461,,
0797a1df-257b-4e76-b80b-84daa79cf49a,completed,2023-03-06 20:43:42.066461,,
07985dd7-c226-406e-8f0c-e3fa00ad1b38,completed,2023-03-06 20:43:42.066461,,
07b40e98-025a-48f4-8202-2c36571b23f8,completed,2023-03-06 20:43:42.066461,,
07bb3dd3-260a-40fd-b573-2b33987047f5,completed,2023-03-06 20:43:42.066461,,
07be7038-b34e-4eef-a608-425be4842867,completed,2023-03-06 20:43:42.066461,,
07cfef1f-637a-4185-aa7f-188a5285a859,completed,2023-03-06 20:43:42.066461,,
07d146b4-4dcd-451c-8cb1-4481f8afa73b,completed,2023-03-06 20:43:42.066461,,
07d621d5-cbcb-40af-8e5f-85ac1ac5b007,completed,2023-03-06 20:43:42.066461,,
07d7862d-c013-40da-a3e2-43663885ecfd,completed,2023-03-06 20:43:42.066461,,
07eb32e0-68f9-45a4-9125-21cd317c89e6,completed,2023-03-06 20:43:42.066461,,
07f81532-1f35-4212-9541-5dcc70e010f7,completed,2023-03-06 20:43:42.066461,,
0801903f-2c09-4c54-9061-1367057eb05d,completed,2023-03-06 20:43:42.066461,,
080a3312-5066-48c5-be5b-8d416f2732c7,completed,2023-03-06 20:43:42.066461,,
080a678f-ab61-486d-84b8-9883fcac159e,completed,2023-03-06 20:43:42.066461,,
0815471c-979b-407d-855f-0ed3996c69ba,completed,2023-03-06 20:43:42.066461,,
081662ca-a95b-4cdb-9590-b50ba2c1d6ab,completed,2023-03-06 20:43:42.066461,,
081820e0-0220-46da-b421-c7916f87ecb9,completed,2023-03-06 20:43:42.066461,,
0818dc02-fc20-497a-b438-05f6efe9546b,completed,2023-03-06 20:43:42.066461,,
0819bb1f-b0af-45dd-93f7-93483f7c45b5,completed,2023-03-06 20:43:42.066461,,
081b5e95-10dd-47f9-aa1e-05e94afd991d,completed,2023-03-06 20:43:42.066461,,
081e222f-c278-49f2-b80b-74cd1ff1a012,completed,2023-03-06 20:43:42.066461,,
082809fc-c30f-470c-a166-834d31b594d6,completed,2023-03-06 20:43:42.066461,,
082a1d7e-65c4-4e33-90cc-ca887ed321c0,completed,2023-03-06 20:43:42.066461,,
082d49db-e5d3-4699-a72b-f9606bf90f3a,completed,2023-03-06 20:43:42.066461,,
08375d46-fef0-4220-a4ea-f8683edeeedf,completed,2023-03-06 20:43:42.066461,,
084123d4-1593-4fb4-909f-6659775bb91d,completed,2023-03-06 20:43:42.066461,,
0844555b-f648-4dfc-bc0c-4c7f0e58e8bc,completed,2023-03-06 20:43:42.066461,,
086017fb-93c1-44d5-9135-b1698e136181,completed,2023-03-06 20:43:42.066461,,
0868bcc0-54fc-4ec9-a455-9054b0b5e948,completed,2023-03-06 20:43:42.066461,,
0871bfec-0b97-45ee-aa4b-4fa9cfe1b922,completed,2023-03-06 20:43:42.066461,,
08759856-ee9c-49b7-b874-50dfbb762da1,completed,2023-03-06 20:43:42.066461,,
087bd6ff-dbfd-4ea9-bce3-b2caeb9f4a13,completed,2023-03-06 20:43:42.066461,,
087c14c9-b32a-44c4-8404-1a10495f55f3,completed,2023-03-06 20:43:42.066461,,
0880a3df-7328-487d-b310-1d5574f4b81e,completed,2023-03-06 20:43:42.066461,,
0883d17e-4b3d-4312-8060-e33f0f3d5f26,completed,2023-03-06 20:43:42.066461,,
088689c2-3931-42ac-8fd5-bf004da342b2,completed,2023-03-06 20:43:42.066461,,
088b66f1-dad6-4e17-afc9-1d48a3b2e358,completed,2023-03-06 20:43:42.066461,,
0899c7dd-969d-49cc-8026-b0b0355d688a,completed,2023-03-06 20:43:42.066461,,
089a9318-2d84-468c-b7fd-d86b0d52e234,completed,2023-03-06 20:43:42.066461,,
089bd9e1-2df3-4f3f-a19e-29861c841fa2,completed,2023-03-06 20:43:42.066461,,
08a06465-155d-4352-8e9d-ae7ad2bf85dd,completed,2023-03-06 20:43:42.066461,,
08a22802-1f37-47b2-9aa8-659986843343,completed,2023-03-06 20:43:42.066461,X,
08a3c270-d1c1-4c0a-8c6c-44c4b00df7f5,completed,2023-03-06 20:43:42.066461,,
08a6b245-e5b6-4932-942f-175e5fdc2b5e,completed,2023-03-06 20:43:42.066461,,
08acb4ac-8a9b-4264-88b0-9c44f9772279,completed,2023-03-06 20:43:42.066461,,
08adb565-3439-4c74-82fc-85d092aef867,completed,2023-03-06 20:43:42.066461,,
08afd3c6-d884-409b-9b62-da1602694e1c,completed,2023-03-06 20:43:42.066461,,
08bb9005-0762-49a0-9b54-03c15da15533,completed,2023-03-06 20:43:42.066461,,
08c14492-61c9-4696-9dfe-17628a3f4c32,completed,2023-03-06 20:43:42.066461,,
08c2cbe4-51d2-4afd-b2d7-59d40790e3ff,completed,2023-03-06 20:43:42.066461,,
08c3aa2b-9b65-48af-b083-02697ae3d7bc,completed,2023-03-06 20:43:42.066461,,
08c9c62a-db40-44fb-a622-e38d3a215326,completed,2023-03-06 20:43:42.066461,,
08cca679-f6bb-480c-a243-c71f87fd0c76,completed,2023-03-06 20:43:42.066461,,
08ced0a3-be9f-46c4-a854-4c28aa59bd18,completed,2023-03-06 20:43:42.066461,,
08d389f6-fc43-4114-8d34-89cdc260ff3c,completed,2023-03-06 20:43:42.066461,,X
08df969e-ef86-4228-ab6a-6198aedcb930,completed,2023-03-06 20:43:42.066461,,
08f04272-1241-4736-a5ef-276e4af46ab2,completed,2023-03-06 20:43:42.066461,,
08f889d7-c8ce-480b-894a-77b5ba9828ae,completed,2023-03-06 20:43:42.066461,,
08fd639f-6703-44ae-9bc8-fbdd334a2cbc,completed,2023-03-06 20:43:42.066461,,
09001604-a8df-40b1-81db-a97cc311ea8f,completed,2023-03-06 20:43:42.066461,,
09074795-3c64-44e8-ae4f-2c6405feccca,completed,2023-03-06 20:43:42.066461,,
0917cf51-9276-4238-ba7e-01b266ece6d6,completed,2023-03-06 20:43:42.066461,,
091d0f5a-018e-4368-b4c4-9cbf0268e006,completed,2023-03-06 20:43:42.066461,,
091d5da2-959c-429e-8e57-f4a690b1e43a,completed,2023-03-06 20:43:42.066461,,
091f979b-ede7-445b-8f50-c45b03af9535,completed,2023-03-06 20:43:42.066461,,
0920179e-9384-42ec-a950-3f3b2589bd6c,completed,2023-03-06 20:43:42.066461,,
092291b9-406c-4212-9449-c60e9b4fe65f,completed,2023-03-06 20:43:42.066461,,
092a8592-cf9a-45fd-acae-92687c0eb8bb,completed,2023-03-06 20:43:42.066461,,
092bbb21-49b6-4868-b86c-41c7b811e848,completed,2023-03-06 20:43:42.066461,,
09364546-ed5e-48c5-836a-04a08d5dc0da,completed,2023-03-06 20:43:42.066461,,
093e29fb-16aa-4676-914b-02e491af21ed,completed,2023-03-06 20:43:42.066461,,
094032c5-a57d-4218-ba0e-6685e537cb07,completed,2023-03-06 20:43:42.066461,,
09451e85-b139-4fb3-9b6d-f250d4b07d6f,completed,2023-03-06 20:43:42.066461,,
094abc5f-4345-4bcc-99bf-558e6c6c4447,completed,2023-03-06 20:43:42.066461,,
095f54ef-b32d-4e15-81dc-9c3d78d4255f,completed,2023-03-06 20:43:42.066461,,
09764893-6372-4d6f-b81b-81c73ef5ebb2,completed,2023-03-06 20:43:42.066461,,
098930bb-fe30-468d-ab13-e865317061af,completed,2023-03-06 20:43:42.066461,,
0989f29d-ac30-4332-ab41-662a80e0c943,completed,2023-03-06 20:43:42.066461,,
098c47f3-b941-400d-806d-9db109781bc1,completed,2023-03-06 20:43:42.066461,,
098df5bb-a491-44be-9afe-50acd7610869,completed,2023-03-06 20:43:42.066461,,
099c804a-baf6-4b5c-a8ae-e08b884c7928,completed,2023-03-06 20:43:42.066461,,
09a71162-f33e-438f-bbca-3898f538ce91,completed,2023-03-06 20:43:42.066461,,X
09a8af0f-6d78-4c74-991c-b714503488db,completed,2023-03-06 20:43:42.066461,,
09b2c24d-aeb3-414b-bb6c-9d70c8c4536c,completed,2023-03-06 20:43:42.066461,,
09b65cec-de5d-429f-acd1-9b9ad1abe40c,completed,2023-03-06 20:43:42.066461,,
09b71e0a-de31-46ae-8524-db4aa0778a29,completed,2023-03-06 20:43:42.066461,,
09c3c233-5a49-4024-8bcd-2200ba668835,completed,2023-03-06 20:43:42.066461,,
09ca4bc4-48d4-4be3-848a-36cbc36d3a61,completed,2023-03-06 20:43:42.066461,,
09ca6e24-346f-413e-bfb9-76d734f9fe80,completed,2023-03-06 20:43:42.066461,,
09cc5c03-7ce4-4cc5-aa64-f0e0e8541605,completed,2023-03-06 20:43:42.066461,,
09ce2f40-c1e0-4ab7-98f2-3d0e15cd15bf,completed,2023-03-06 20:43:42.066461,,
09cea4c5-512c-4f00-b80d-49ab7aff32bf,completed,2023-03-06 20:43:42.066461,,
09d39c84-b239-4603-94d6-c00ee8d86e6a,completed,2023-03-06 20:43:42.066461,,
09d6f9eb-6c38-4bba-a8d2-4a62d61d4daf,completed,2023-03-06 20:43:42.066461,,
09ea12dc-e4bb-4106-bd20-30165c5c1a34,completed,2023-03-06 20:43:42.066461,,
09ec5094-2d40-43ff-a5cf-cfd49f106f85,completed,2023-03-06 20:43:42.066461,X,
0a0a5e78-2f31-446e-ab43-2df2fac1f1b2,completed,2023-03-06 20:43:42.066461,,
0a0ac311-37b0-4288-a011-ea9c91d640fe,completed,2023-03-06 20:43:42.066461,,
0a0ad9f9-0d4f-4c54-bf92-295ca7e6a466,completed,2023-03-06 20:43:42.066461,,
0a0cbdb8-5daa-494a-8826-d8a202f8bad5,completed,2023-03-06 20:43:42.066461,,
0a10eb54-6757-4db2-88c6-2dc1c79a176f,completed,2023-03-06 20:43:42.066461,,
0a166340-3836-4e50-b304-42373761a22a,completed,2023-03-06 20:43:42.066461,,
0a1bf8ab-e1c6-47b2-a6da-4626b07e00d2,completed,2023-03-06 20:43:42.066461,,
0a1df40f-3f0a-427e-aa20-f159e1b417f6,completed,2023-03-06 20:43:42.066461,,
0a20b4cd-946e-4230-aad3-550ee7814ef0,completed,2023-03-06 20:43:42.066461,,
0a56cefb-c625-4ca8-9599-f5c6b8c40cd4,completed,2023-03-06 20:43:42.066461,,
0a57027e-2815-41a1-aa4b-9179a469aa81,completed,2023-03-06 20:43:42.066461,,
0a5b3e00-2c19-4d67-ba15-bf60d4133980,completed,2023-03-06 20:43:42.066461,,
0a632f85-ad58-4da7-8212-f40b6918983a,completed,2023-03-06 20:43:42.066461,,
0a6c8353-3350-4c71-82e0-5efa3852840d,completed,2023-03-06 20:43:42.066461,,
0a6d7e70-fe36-4729-b974-44d71416acdb,completed,2023-03-06 20:43:42.066461,,
0a798933-a963-48fb-b898-5bd0bf9d034a,completed,2023-03-06 20:43:42.066461,,
0a80f38b-ca46-4dc0-b05d-2db1e4b01415,completed,2023-03-06 20:43:42.066461,,
0a815500-c322-44b5-96bf-18d58e8e1694,completed,2023-03-06 20:43:42.066461,,
0a95d72b-a84e-4178-a750-caf877e31712,completed,2023-03-06 20:43:42.066461,,
0a978ecc-6836-41b0-81cc-10a040ce76d8,completed,2023-03-06 20:43:42.066461,X,
0ab50d17-ee59-47f0-93c1-baf90fc136c9,completed,2023-03-06 20:43:42.066461,,
0abac94c-601d-4d7d-8c15-42ba539b4b3c,completed,2023-03-06 20:43:42.066461,,
0abc0340-9439-4065-ba26-1fd3d41df49b,completed,2023-03-06 20:43:42.066461,,
0ac5d419-01e2-488d-a328-c3d94796f7bd,completed,2023-03-06 20:43:42.066461,,
0ac744e2-4a5f-4225-9e45-61795b98c252,completed,2023-03-06 20:43:42.066461,,
0ad1d773-a1bc-4916-b06a-42ee1f8cee40,completed,2023-03-06 20:43:42.066461,,
0ad20426-c7bd-42c3-bda3-1649f4f20cd8,completed,2023-03-06 20:43:42.066461,,
0ad271f5-0301-4c3f-9b41-42cc174aaf51,completed,2023-03-06 20:43:42.066461,,
0ad2c0f5-ad11-447a-9552-86e6aee4e5de,completed,2023-03-06 20:43:42.066461,,
0ada2215-5d5e-437c-9aab-4edc4ae482e3,completed,2023-03-06 20:43:42.066461,,
0adacf8b-d964-443b-9677-7354d4a0b588,completed,2023-03-06 20:43:42.066461,,
0ae03465-025e-46a2-8d6b-e57515a118b7,completed,2023-03-06 20:43:42.066461,X,
0ae229e2-8be3-4ce6-b9d5-df9f7bf9b010,completed,2023-03-06 20:43:42.066461,,
0ae5347e-693a-4266-90d6-b7dd312e9cfb,completed,2023-03-06 20:43:42.066461,,
0b036236-3dd6-48a9-bcbf-e98b387348d9,completed,2023-03-06 20:43:42.066461,,
0b07939e-1c57-42d3-9e86-c61c43a12cca,completed,2023-03-06 20:43:42.066461,,
0b0a188d-8ac1-432c-8ee5-cb1a64530a24,completed,2023-03-06 20:43:42.066461,,
0b13e79a-7376-468b-9f89-b7997cc3df0b,completed,2023-03-06 20:43:42.066461,,
0b1854ca-cb6b-49bc-8feb-c227046d0603,completed,2023-03-06 20:43:42.066461,,
0b1b14f9-c014-4582-8cab-d2ec703a6be5,completed,2023-03-06 20:43:42.066461,,
0b1d4773-8188-49c6-8e75-608ba8fba26b,completed,2023-03-06 20:43:42.066461,,
0b23e482-9633-475a-ac74-ea23af865bf3,completed,2023-03-06 20:43:42.066461,,
0b2a2fc9-18df-44d3-93df-044cd22c285e,completed,2023-03-06 20:43:42.066461,,
0b327d43-98e1-4b51-a33f-0750ebe10302,completed,2023-03-06 20:43:42.066461,,
0b33c9b4-ac49-4cb3-936a-b3968fcbf513,completed,2023-03-06 20:43:42.066461,,
0b405bd2-4e88-4648-bc51-9a4866e83024,completed,2023-03-06 20:43:42.066461,,
0b4c6a97-45da-4bee-8884-932115b2dea8,completed,2023-03-06 20:43:42.066461,,
0b4d9d99-8ce8-4fdb-9138-eea6156ebcf2,completed,2023-03-06 20:43:42.066461,,
0b58eed3-56e0-42ec-a4ce-feadbb9afea0,completed,2023-03-06 20:43:42.066461,,
0b5c8cd8-ef77-4a1a-b4c2-8124cd4b0b92,completed,2023-03-06 20:43:42.066461,,
0b6d5d8e-4364-47e5-b9f5-ff2441304e56,completed,2023-03-06 20:43:42.066461,,
0b6f6593-3f6e-49c0-baf9-306a13f9e515,completed,2023-03-06 20:43:42.066461,,
0b7511fd-6102-4789-a8d6-2df154ec4d5c,completed,2023-03-06 20:43:42.066461,,
0b80cd4f-f555-43dd-8ef0-2a2c76e3ad3a,completed,2023-03-06 20:43:42.066461,,
0b868d73-c1af-48cd-924a-c9bb34039bf3,completed,2023-03-06 20:43:42.066461,,
0b8701b4-f7a8-4fac-aeff-ddfbf959ddce,completed,2023-03-06 20:43:42.066461,,
0b8927bc-66bc-4651-9416-66ac674953d9,completed,2023-03-06 20:43:42.066461,,
0b89b13d-14c3-43cf-aa65-062118af8753,completed,2023-03-06 20:43:42.066461,,
0b8b4455-e787-4166-9716-49b4cc630742,completed,2023-03-06 20:43:42.066461,,
0b8d5014-fe8a-4842-8858-dd26e7aaaeeb,completed,2023-03-06 20:43:42.066461,,
0b923bef-b246-4177-b9e1-3642d320d1a9,completed,2023-03-06 20:43:42.066461,,
0b999ea8-6cac-42a0-8e58-007b0ca36f69,completed,2023-03-06 20:43:42.066461,,
0b9f9887-504c-4555-b7ff-887711c510d1,completed,2023-03-06 20:43:42.066461,,
0ba7c1f3-2ba2-4e03-bb01-1b3465b8c2f4,completed,2023-03-06 20:43:42.066461,,
0bac4ee8-8896-4495-bcd5-18117fc8d260,completed,2023-03-06 20:43:42.066461,,
0bb54120-4b35-4ab3-9227-ccd0019034ff,completed,2023-03-06 20:43:42.066461,,
0bc6c657-f120-41e3-90a4-8e9337bdeffe,completed,2023-03-06 20:43:42.066461,,
0bd62e37-b61e-4f1b-9fd2-40deb72f6dd4,completed,2023-03-06 20:43:42.066461,,
0be7a6bc-ecd6-40d4-a1d6-cb35479d21ed,completed,2023-03-06 20:43:42.066461,,
0bf179c3-05ab-4351-b81e-605b26a77e0b,completed,2023-03-06 20:43:42.066461,,
0c0102ec-fdeb-4140-a569-ef492245790a,completed,2023-03-06 20:43:42.066461,X,
0c01a376-612a-471d-926e-c7e7e32de348,completed,2023-03-06 20:43:42.066461,,
0c021551-1778-4d2a-875c-92ae1a6026f6,completed,2023-03-06 20:43:42.066461,,
0c0b5ec7-2346-4708-90ca-546fb315127b,completed,2023-03-06 20:43:42.066461,,
0c146cc6-dbe4-4665-bd1e-e50b1dc914ca,completed,2023-03-06 20:43:42.066461,,
0c2a519d-cd92-4e73-ad7f-562bc97e85d1,completed,2023-03-06 20:43:42.066461,,
0c2bd04d-8083-4f66-a24a-35143f794bdc,completed,2023-03-06 20:43:42.066461,,
0c4375d5-3b1f-4921-8f64-29fd6a95a548,completed,2023-03-06 20:43:42.066461,,
0c5280a8-21ed-406d-b1b7-dac54863be41,completed,2023-03-06 20:43:42.066461,,
0c5cb1f9-e3eb-4bbc-a636-d56d07193b92,completed,2023-03-06 20:43:42.066461,,
0c5e93c2-665f-4c9e-ba16-768a927b046b,completed,2023-03-06 20:43:42.066461,,
0c65473a-5b4c-48b3-99fc-b7405ebce33f,completed,2023-03-06 20:43:42.066461,,
0c675dd6-eb97-40eb-b237-39f7db754841,completed,2023-03-06 20:43:42.066461,,
0c68df78-7dc5-4599-afe9-fb04031ef543,completed,2023-03-06 20:43:42.066461,,
0c693293-39a9-49b5-b8b1-b0ae7992fb19,completed,2023-03-06 20:43:42.066461,,
0c6974a0-ddaf-408d-b7e9-3d3139406cd7,completed,2023-03-06 20:43:42.066461,,
0c6a2826-ffb4-4ee3-8fab-4fd5804cbd93,completed,2023-03-06 20:43:42.066461,,
0c756084-7a23-4a8f-8ab0-467de853068b,completed,2023-03-06 20:43:42.066461,,
0c7b042d-b432-4d50-a5ad-87aeda754cdd,completed,2023-03-06 20:43:42.066461,,
0c7f3283-e5ca-4638-a27b-39ddd09ed2d0,completed,2023-03-06 20:43:42.066461,,
0c82524b-a9b6-497d-82ef-65fccae3533d,completed,2023-03-06 20:43:42.066461,,
0c898f73-2843-41a3-9eeb-82748b2f109c,completed,2023-03-06 20:43:42.066461,,
0c8d88f4-da7a-4f0d-9857-b50e4a4842de,completed,2023-03-06 20:43:42.066461,,
0c92231f-d399-4714-bac7-0de210beb363,completed,2023-03-06 20:43:42.066461,,
0c942a22-e241-43f2-896a-325a0c3ad680,completed,2023-03-06 20:43:42.066461,,
0c98bbc1-f3ed-4331-9854-aaec429cd54a,completed,2023-03-06 20:43:42.066461,,
0c9c617b-8c99-4372-8e72-613e8428ca9c,completed,2023-03-06 20:43:42.066461,,
0c9c82a9-49a0-4731-aba3-2edae268472a,completed,2023-03-06 20:43:42.066461,,
0ca62586-bdd0-41d6-9d11-c8a229ffca9c,completed,2023-03-06 20:43:42.066461,,
0ca65e4e-8ad1-4d94-ab5b-2eaca3731f56,completed,2023-03-06 20:43:42.066461,,
0caa8886-e6b0-4e27-b1bf-ec0b9e449157,completed,2023-03-06 20:43:42.066461,X,
0caf2a83-90c7-47d9-8e06-87e93cd5c0fc,completed,2023-03-06 20:43:42.066461,,
0cb93493-525c-483d-94d9-50711c0c8e0e,completed,2023-03-06 20:43:42.066461,,
0cc7e13f-552b-4b0d-8f4e-6b5966b7cc70,completed,2023-03-06 20:43:42.066461,,
0cda01a6-699a-4f05-a188-aba583eca45e,completed,2023-03-06 20:43:42.066461,,
0cdd5ca5-af7a-4042-bd5b-72d8d347e365,completed,2023-03-06 20:43:42.066461,,
0cfa86fd-554f-40ff-9b90-f680b2db6ef0,completed,2023-03-06 20:43:42.066461,,
0cff1bbf-8adc-4b0c-8277-5807173afa17,completed,2023-03-06 20:43:42.066461,,
0d04695f-2308-400f-a0ff-aafa2b4eec7d,completed,2023-03-06 20:43:42.066461,,
0d04a8e1-153d-4701-b061-80e9116a1bb1,completed,2023-03-06 20:43:42.066461,,
0d08959b-1c6c-42f8-a148-1cd1d5bbd88b,completed,2023-03-06 20:43:42.066461,,
0d0a05fc-5745-4ccc-afe9-f67f3fb30518,completed,2023-03-06 20:43:42.066461,,
0d12ea40-884a-43ff-9d38-6a1ccb1f870a,completed,2023-03-06 20:43:42.066461,,
0d16b1e5-788c-4ac1-a6ad-74b3c3cc02b1,completed,2023-03-06 20:43:42.066461,,
0d2736b6-5d98-410a-b0fb-2066a5c8b8cd,completed,2023-03-06 20:43:42.066461,,
0d308c97-1b2c-47ae-b891-96dd180de733,completed,2023-03-06 20:43:42.066461,,
0d3b1877-e32b-4417-b3da-a1c5e2eabbb3,completed,2023-03-06 20:43:42.066461,,
0d3edb08-9d3a-403b-8fde-15a0eeedd154,completed,2023-03-06 20:43:42.066461,,
0d448c4d-b093-46e9-91e7-fb98fcd4adee,completed,2023-03-06 20:43:42.066461,,
0d46430e-3014-44bd-8caf-1548c422b773,completed,2023-03-06 20:43:42.066461,,
0d478c8a-9f79-4156-8bc0-b9d9da886406,completed,2023-03-06 20:43:42.066461,,
0d4821b5-cb93-4914-b62a-d8c29fdae19d,completed,2023-03-06 20:43:42.066461,,
0d496fae-5114-49a3-ba08-833d138790be,completed,2023-03-06 20:43:42.066461,,
0d4f5fd3-e839-4a48-98c2-a72ce7e8fda2,completed,2023-03-06 20:43:42.066461,,
0d633dcb-a9f7-4a41-bd17-b45708d804cc,completed,2023-03-06 20:43:42.066461,,
0d63aab9-6b8a-4f5a-9dae-f2bffa9d0785,completed,2023-03-06 20:43:42.066461,,
0d642659-89ad-49f9-9c2f-b895cbcc46f4,completed,2023-03-06 20:43:42.066461,,
0d66174b-8eb5-483b-8f5f-a6847b16b2b4,completed,2023-03-06 20:43:42.066461,,
0d6800d5-a6f6-4dd2-9f84-26348e1f9bba,completed,2023-03-06 20:43:42.066461,,
0d6b576d-3a36-4435-950d-6f9069ebb28c,completed,2023-03-06 20:43:42.066461,,
0d71bf65-b4f2-4329-83e6-479f15eace6a,completed,2023-03-06 20:43:42.066461,,
0d725eb3-32c8-4130-aa66-66eaea5a9e5c,completed,2023-03-06 20:43:42.066461,,
0d763d89-2c51-4353-bcec-305b05e07dce,completed,2023-03-06 20:43:42.066461,,
0d76e851-c4b8-4b07-9cc8-d76528e6fd87,completed,2023-03-06 20:43:42.066461,,
0d771b31-6717-4b66-9424-8e4d0889b9e4,completed,2023-03-06 20:43:42.066461,,
0d771c9d-969a-49a2-a70c-6e09f11bf309,completed,2023-03-06 20:43:42.066461,,
0d80f140-9ec1-4666-b3b2-e386b3344272,completed,2023-03-06 20:43:42.066461,,
0d899ddd-a56d-4343-8178-edd906b3fb1f,completed,2023-03-06 20:43:42.066461,,
0da60819-c6e8-4669-8859-527219a68d96,completed,2023-03-06 20:43:42.066461,,
0da9721f-a04c-4c98-b996-32d8062a1d0e,completed,2023-03-06 20:43:42.066461,,
0dad2ff4-8562-48d7-8d6b-61e101e8a3e0,completed,2023-03-06 20:43:42.066461,X,
0dc70216-7116-48fe-9590-2ebc127c1c72,completed,2023-03-06 20:43:42.066461,,
0dcb1e6d-dd50-41d1-9676-78c723331196,completed,2023-03-06 20:43:42.066461,,
0dd9ccbd-b64f-4cf4-b66a-798961f67478,completed,2023-03-06 20:43:42.066461,,
0ddbff93-d6db-4e89-b599-7daef32e8ff8,completed,2023-03-06 20:43:42.066461,,
0df711be-f1fa-4073-9f6a-e25fed831d6b,completed,2023-03-06 20:43:42.066461,,
0dfeb448-ae0b-4bf2-8ccf-f25b720b5af3,completed,2023-03-06 20:43:42.066461,,
0e016cd6-b78f-4963-9c41-105ab1c1c1a5,completed,2023-03-06 20:43:42.066461,,
0e01959b-df34-4ab7-b318-e6c1c63c1769,completed,2023-03-06 20:43:42.066461,,
0e03f39a-5e21-4c57-b083-1ae84137de27,completed,2023-03-06 20:43:42.066461,,
0e06c006-0436-4349-a4aa-3e2df0c6b0f5,completed,2023-03-06 20:43:42.066461,,
0e095caf-a4b9-4c2a-a774-cda8ec337fe6,completed,2023-03-06 20:43:42.066461,,
0e0f41bd-35a1-4968-a678-d05632482356,completed,2023-03-06 20:43:42.066461,,
0e12caf4-b9d1-4d58-ba90-4963510e144b,completed,2023-03-06 20:43:42.066461,,
0e13a16d-e5d1-41d6-8c82-d509b67ca558,completed,2023-03-06 20:43:42.066461,,
0e1a72a3-f7a5-41f1-82d3-2baa548040d6,completed,2023-03-06 20:43:42.066461,,
0e22082f-2979-46db-b223-c5832835ff39,completed,2023-03-06 20:43:42.066461,,
0e223423-e8f0-4f26-a845-fd76347d9795,completed,2023-03-06 20:43:42.066461,,
0e2501a5-f69c-4372-b0a5-cab9b9f980f7,completed,2023-03-06 20:43:42.066461,,
0e3874de-d509-4c91-9abe-8fd061b24707,completed,2023-03-06 20:43:42.066461,,
0e38fcc9-bd6a-4084-9937-47b22ce0d76f,completed,2023-03-06 20:43:42.066461,,
0e3e7548-dc49-4fbb-bc53-465f845121c7,completed,2023-03-06 20:43:42.066461,,
0e4a44c2-3356-4eff-abc2-09956463f84c,completed,2023-03-06 20:43:42.066461,,
0e4a51b1-9c26-4f7c-a981-b8b596b417ed,completed,2023-03-06 20:43:42.066461,,
0e53aebf-45f9-4641-b74f-540d11d22b23,completed,2023-03-06 20:43:42.066461,,
0e599ddc-ae36-4f42-8d29-32de035eca84,completed,2023-03-06 20:43:42.066461,,
0e63734e-48df-45f2-8659-a2e501cb64ff,completed,2023-03-06 20:43:42.066461,,
0e6385ec-d12f-41f2-ae17-5acc2e6399cd,completed,2023-03-06 20:43:42.066461,,
0e646bcb-1497-41c8-82e6-51805a4db8b0,completed,2023-03-06 20:43:42.066461,,
0e64e8f6-55c6-4ecb-ab4b-b8a143f6e961,completed,2023-03-06 20:43:42.066461,,
0e6585d5-6cdd-48f4-8a40-10290d7da9ed,completed,2023-03-06 20:43:42.066461,,
0e65a1ac-490d-4ad1-b322-8e8ea713bdc1,completed,2023-03-06 20:43:42.066461,,
0e6ace3f-c073-4f44-82a2-5fa8e8a11daa,completed,2023-03-06 20:43:42.066461,,
0e6afc9d-a3eb-47b5-9b65-7831fbc508d0,completed,2023-03-06 20:43:42.066461,,
0e7bc7b0-8680-4780-a6de-89fad79b7ff1,completed,2023-03-06 20:43:42.066461,,
0e7cd04e-61f0-4769-9e95-0f4661723cfa,completed,2023-03-06 20:43:42.066461,,
0e7e0e0f-b812-4ccb-b12e-d0e0ee6e4785,completed,2023-03-06 20:43:42.066461,,
0e806850-a1f5-49c9-9550-3c5e2b852aad,completed,2023-03-06 20:43:42.066461,,
0e8212a0-45d5-457f-a19b-868b15b83aa4,completed,2023-03-06 20:43:42.066461,,
0e853267-6213-4757-90af-2f6bd8ca1598,completed,2023-03-06 20:43:42.066461,,
0e862c50-09c5-45e0-a44f-4b5771e2580a,completed,2023-03-06 20:43:42.066461,,
0e8a5899-404f-41cc-8235-c481bb13a665,completed,2023-03-06 20:43:42.066461,,
0e912acb-75d0-4661-a259-08cd45ade340,completed,2023-03-06 20:43:42.066461,,
0e972384-2cf7-4911-8470-718d5f3bd1ca,completed,2023-03-06 20:43:42.066461,,
0e9a24dc-5e6b-4af1-985c-8f85792af76b,completed,2023-03-06 20:43:42.066461,,
0e9c2213-5ce9-4e55-8824-b00735b1692a,completed,2023-03-06 20:43:42.066461,,
0e9edc6c-7f30-409f-9049-59d5816e71f0,completed,2023-03-06 20:43:42.066461,,
0e9f61f3-a5d9-4679-9528-0cef94a3ba45,completed,2023-03-06 20:43:42.066461,,
0eaa4b32-5863-4f3f-97b9-5f4ce48fe146,completed,2023-03-06 20:43:42.066461,,
0eae0a7b-c7c2-447f-ad8e-1602c9dfdfa1,completed,2023-03-06 20:43:42.066461,,
0eb70e59-3bfe-4233-aa78-9ad5e964dc23,completed,2023-03-06 20:43:42.066461,,
0ebb5180-af32-4bd0-a5fc-b4d01008af23,completed,2023-03-06 20:43:42.066461,,
0edee276-c3be-4ede-b71a-41650a5041cb,completed,2023-03-06 20:43:42.066461,,
0ee21a2d-333e-4e15-9921-06ac58da75dc,completed,2023-03-06 20:43:42.066461,,
0ee59b1a-5d0c-4a29-80ec-6386ddd96efa,completed,2023-03-06 20:43:42.066461,,
0ee7aa45-d485-4ba1-9a40-a6d1fad70058,completed,2023-03-06 20:43:42.066461,,
0eea642d-f0f6-4941-a3f6-c07734ab5e86,completed,2023-03-06 20:43:42.066461,,
0efb6288-343b-4e25-83a0-b14b7204be59,completed,2023-03-06 20:43:42.066461,,
0f197713-9bf1-4296-97a7-579a5f825559,completed,2023-03-06 20:43:42.066461,,
0f216d9e-91a1-4e27-b638-a9c3b199ede7,completed,2023-03-06 20:43:42.066461,,
0f2174a7-0635-4316-bad5-72ffd8afb661,completed,2023-03-06 20:43:42.066461,,
0f33a9cb-f017-485d-862a-87ec3fd41c8e,completed,2023-03-06 20:43:42.066461,,
0f402270-b860-42fd-a8e8-278df9bea239,completed,2023-03-06 20:43:42.066461,,
0f4543b1-be40-4c9c-b258-c728b12de357,completed,2023-03-06 20:43:42.066461,,
0f525ce3-e4ee-4622-9491-b7f2bc00953b,completed,2023-03-06 20:43:42.066461,,
0f53fb54-eef7-4faf-a8c4-223ecd6635ce,completed,2023-03-06 20:43:42.066461,,
0f7045dc-7ea9-4fb3-81c6-178180ca1c54,completed,2023-03-06 20:43:42.066461,,
0f70f162-73f6-412e-815f-3d93d4689314,completed,2023-03-06 20:43:42.066461,,
0f87f68a-32df-4604-b7a7-056f8f169ccf,completed,2023-03-06 20:43:42.066461,,
0f8bfdc1-9111-4d6a-b791-8aaac126f1b8,completed,2023-03-06 20:43:42.066461,,
0f8ddcb5-2481-4942-a065-84a1b8130b28,completed,2023-03-06 20:43:42.066461,,
0f9b370a-14e4-4a0d-a917-888f2f0731f4,completed,2023-03-06 20:43:42.066461,,
0f9d9d9d-d429-4bde-b08f-03482ee1f8ff,completed,2023-03-06 20:43:42.066461,,
0faab169-a19f-46bc-aa97-e61f830352e1,completed,2023-03-06 20:43:42.066461,,
0fb0d6f2-db10-4d96-89ea-62291be9112f,completed,2023-03-06 20:43:42.066461,,
0fb92499-0d78-4395-afdb-f24529febe12,completed,2023-03-06 20:43:42.066461,,
0fc5dca7-68ff-4948-bc9a-89318b438b68,completed,2023-03-06 20:43:42.066461,,
0fce349f-2a01-4be8-a5eb-674132915350,completed,2023-03-06 20:43:42.066461,,
0fd32c02-2655-4ed3-8390-0a4101b79173,completed,2023-03-06 20:43:42.066461,,
0fd3ca76-9214-4e4b-911d-899b1c6a4cc0,completed,2023-03-06 20:43:42.066461,,
0fdf28cc-9183-4de2-8c45-2508a70834d0,completed,2023-03-06 20:43:42.066461,,
0fe75812-3f7d-45c4-aa1d-5a7eaa60f72a,completed,2023-03-06 20:43:42.066461,,
0fea91b2-c490-4db3-84c5-9eb86cd4833c,completed,2023-03-06 20:43:42.066461,,
0ff1a26c-4a63-4cf8-9506-5580af6373f1,completed,2023-03-06 20:43:42.066461,,
0ffbf92b-aaf9-41a1-a3f5-7fff457d668b,completed,2023-03-06 20:43:42.066461,,
0ffe3deb-2a30-441e-9082-9c61ff100507,completed,2023-03-06 20:43:42.066461,,
10026c28-c165-468e-bc2e-f645c2a99243,completed,2023-03-06 20:43:42.066461,,
10031f43-cfc6-4d14-8d80-1c58d2f390e4,completed,2023-03-06 20:43:42.066461,,
10043e83-9365-405e-a067-c7874063a8c8,completed,2023-03-06 20:43:42.066461,,
100df758-11dd-4f4c-ba29-4af95f35b7e7,completed,2023-03-06 20:43:42.066461,,
10189f23-5ade-4f1a-9c33-a6a09085f3b1,completed,2023-03-06 20:43:42.066461,,
101eb9f7-c39f-4d81-a368-f0563e7dade7,completed,2023-03-06 20:43:42.066461,,
102653ed-ff57-43ec-ad8d-e48bc4945b15,completed,2023-03-06 20:43:42.066461,,
10266d2c-8dcf-4192-a19d-7c107a5daa35,completed,2023-03-06 20:43:42.066461,,
102ac6cb-dffd-4ec6-a345-ced99f0cae84,completed,2023-03-06 20:43:42.066461,,
102c2994-d045-4319-b810-8aa654d28fb6,completed,2023-03-06 20:43:42.066461,,
10330c0b-6806-4703-bdc9-29f550b89f2e,completed,2023-03-06 20:43:42.066461,,
1038a482-e937-45e8-9523-f5c2c4da485d,completed,2023-03-06 20:43:42.066461,,
10409900-c4dd-40ff-946e-2a0d8fa05399,completed,2023-03-06 20:43:42.066461,X,
10468e29-31f6-426e-9e0d-e651c3ebb07d,completed,2023-03-06 20:43:42.066461,,
10476e50-247a-4f0d-a12f-fdf2052b2f00,completed,2023-03-06 20:43:42.066461,,
1048ebca-fb21-451e-9629-99ddaf52959f,completed,2023-03-06 20:43:42.066461,,
10507b2e-6bdc-4979-b0c8-8dd34bf64f62,completed,2023-03-06 20:43:42.066461,,
105082d2-910f-4927-b9f6-3937be435c01,completed,2023-03-06 20:43:42.066461,,
105a058b-628c-488a-858e-e85cf5165a5f,completed,2023-03-06 20:43:42.066461,,
106096d5-1c35-4cc8-940a-f16110afb774,completed,2023-03-06 20:43:42.066461,,X
10642164-589c-49f5-a54d-3943fbd05d77,completed,2023-03-06 20:43:42.066461,,
106a1a84-98e4-4636-99f7-fc8a40ea934e,completed,2023-03-06 20:43:42.066461,,
1070e768-701d-47fa-9e73-96c23d914426,completed,2023-03-06 20:43:42.066461,,
107c0824-bad5-4a4d-8ff5-a998373950c1,completed,2023-03-06 20:43:42.066461,,
107cf8e4-47da-4513-84d8-50049ffd8534,completed,2023-03-06 20:43:42.066461,,
107fd247-3704-429b-8906-d9f1d90f185c,completed,2023-03-06 20:43:42.066461,,
1082a263-da20-489c-961d-13103dee5a73,completed,2023-03-06 20:43:42.066461,,
10831328-d0dd-459f-b782-d79167c277e3,completed,2023-03-06 20:43:42.066461,,
1086fd98-190f-4f0e-8de0-cc8ab9b27873,completed,2023-03-06 20:43:42.066461,,
108c5d89-a2db-4273-a622-f25e3dce34f1,completed,2023-03-06 20:43:42.066461,,
1092a386-e3df-4c30-a086-b1841ab3c79d,completed,2023-03-06 20:43:42.066461,,
1092e79c-874c-4724-9f1b-8de37fbdeb3b,completed,2023-03-06 20:43:42.066461,,
109666d3-fc17-41a7-b104-0420007dd7f4,completed,2023-03-06 20:43:42.066461,,
10a77bae-9381-400f-9738-9b8f11d0964c,completed,2023-03-06 20:43:42.066461,,
10b0720d-0ab2-4c47-942d-34c2dbcdc0d3,completed,2023-03-06 20:43:42.066461,,
10b5ddbc-67e2-4975-a232-15effd132a8a,completed,2023-03-06 20:43:42.066461,,
10c4e881-637f-4a82-978b-a3fb76e0230b,completed,2023-03-06 20:43:42.066461,,
10d13b49-0cca-42bf-8d13-dbd0244e328f,completed,2023-03-06 20:43:42.066461,,
10d39734-8122-418c-846d-54aef5565256,completed,2023-03-06 20:43:42.066461,,
10d7489a-f8b6-435d-9e1b-4c1b973fc3ed,completed,2023-03-06 20:43:42.066461,,
10d8667b-e3dc-4335-bce0-00ed6ffcf376,completed,2023-03-06 20:43:42.066461,,
10e89802-0b87-4f34-ad4f-c8b046ff92d8,completed,2023-03-06 20:43:42.066461,,
10efb157-bc66-4fbf-a23f-b047350309e8,completed,2023-03-06 20:43:42.066461,,
10f2596f-a071-469c-b5d8-0ee3dc5fd61b,completed,2023-03-06 20:43:42.066461,,
11000d08-6109-4c42-8972-2f420fa2905a,completed,2023-03-06 20:43:42.066461,,
1100fe7c-c5f0-44b7-85af-958f6b9677eb,completed,2023-03-06 20:43:42.066461,,
1108184c-e0da-4eb9-9f3d-afca3c59e453,completed,2023-03-06 20:43:42.066461,,
110b2e81-77ff-41fc-b568-937239be8832,completed,2023-03-06 20:43:42.066461,,
110c5b1f-9082-4ea5-9fbb-69e6a7c795a5,completed,2023-03-06 20:43:42.066461,,
110e8584-afbd-43c4-b4b3-4ed7daf88eac,completed,2023-03-06 20:43:42.066461,,
110ec9f2-c48c-4d24-ab69-670d854e3870,completed,2023-03-06 20:43:42.066461,,
1118b6ec-2311-48ec-8667-523c47d6f2f0,completed,2023-03-06 20:43:42.066461,,
111e40b7-cc53-44b4-bc2a-ccb3e80c1a43,completed,2023-03-06 20:43:42.066461,,
1120569e-b130-4c5a-9f82-f394a3e94460,completed,2023-03-06 20:43:42.066461,,
113183ed-9836-4bc9-aeb5-5aa858a08791,completed,2023-03-06 20:43:42.066461,,
1133c040-c704-4d9a-836e-a1606154661b,completed,2023-03-06 20:43:42.066461,,
113825da-fd2b-44a2-8dcd-fa3a3b3ee1ef,completed,2023-03-06 20:43:42.066461,,
1138269f-49a4-4339-bbf2-ee00947ff9c0,completed,2023-03-06 20:43:42.066461,,
113b1619-2207-40ed-a2ab-27179e781a5a,completed,2023-03-06 20:43:42.066461,,
113d446d-1637-4b49-aa95-edb62db495b9,completed,2023-03-06 20:43:42.066461,,
11458a7b-75a8-4a2a-8218-daca375712ba,completed,2023-03-06 20:43:42.066461,,
114ad759-9839-40f6-a84e-ef11c0ae0c8f,completed,2023-03-06 20:43:42.066461,,
115df11a-bdea-4e4f-b8ff-e8d7ea562235,completed,2023-03-06 20:43:42.066461,,
115e2ed3-40d6-4f06-b1a4-c461aa602d52,completed,2023-03-06 20:43:42.066461,,
115fd88b-c18d-4ae9-8daf-8cd524c2be93,completed,2023-03-06 20:43:42.066461,,
11632028-e99d-4a3a-9c7d-ed1f4605798b,completed,2023-03-06 20:43:42.066461,,
1168070b-ff2b-4a53-8e43-fdab9d4169e4,completed,2023-03-06 20:43:42.066461,,
116abf2f-b05a-4d69-a00f-205793c7c391,completed,2023-03-06 20:43:42.066461,,
117c59c4-f96d-4dca-8ac2-b09ac92226cf,completed,2023-03-06 20:43:42.066461,,
1180a099-13dc-4de7-ab45-e5b78ce4e1a3,completed,2023-03-06 20:43:42.066461,,
11973cdb-5584-4e05-b211-4d64872e0943,completed,2023-03-06 20:43:42.066461,,
11978526-fbd5-4618-b351-d21b30b4541e,completed,2023-03-06 20:43:42.066461,,
1199b611-da2a-43d8-a350-9436b56eb77f,completed,2023-03-06 20:43:42.066461,,
1199b8da-a41d-4ef7-81e8-4de7531cce2d,completed,2023-03-06 20:43:42.066461,,
119fb002-6a5f-4423-92e5-ab8df1426663,completed,2023-03-06 20:43:42.066461,,
11b0960f-7b7d-4649-bd68-49c5135e02ce,completed,2023-03-06 20:43:42.066461,,
11b17a7f-099d-4d1f-8c79-0884c39c664f,completed,2023-03-06 20:43:42.066461,,
11bf1278-4bdc-4164-a7f8-15e31805fedf,completed,2023-03-06 20:43:42.066461,,
11c43b16-824d-4b1c-a783-4871d489e05b,completed,2023-03-06 20:43:42.066461,,
11cb3a01-c5e4-45d7-9527-a419e29463a5,completed,2023-03-06 20:43:42.066461,,
11d909ab-9519-4605-873c-012da2ee581e,completed,2023-03-06 20:43:42.066461,,
11d9a26e-d2d4-4c20-ba10-92bafbed02f7,completed,2023-03-06 20:43:42.066461,,
11e9ffc6-d2d6-4382-8afc-8a062eff1ea1,completed,2023-03-06 20:43:42.066461,,
11eca6fd-6e35-4fbc-92ac-3a7a4dd0fde9,completed,2023-03-06 20:43:42.066461,,
11f5620c-6a43-4b01-8106-1111ed73eeb2,completed,2023-03-06 20:43:42.066461,,
11fe7475-042e-492c-a94a-f10bbd8f75a6,completed,2023-03-06 20:43:42.066461,,
1200db05-0b78-4ece-bb1f-b30175a1bdff,completed,2023-03-06 20:43:42.066461,,
12035f99-92f6-49fa-8570-5e7bde9d810c,completed,2023-03-06 20:43:42.066461,,
1204fe8f-3cd4-4143-8d82-376ccb2f1b62,completed,2023-03-06 20:43:42.066461,,
120d181f-c5bf-4124-a3d5-7c9675322df5,completed,2023-03-06 20:43:42.066461,,
121a757c-b6d6-4b20-b585-e0a9853363eb,completed,2023-03-06 20:43:42.066461,,
121b7ef4-8ff0-45ad-8d92-b4db1606bfc9,completed,2023-03-06 20:43:42.066461,,
121d9010-f7ad-425c-8889-97bc9406b639,completed,2023-03-06 20:43:42.066461,,
12285b85-8b2c-48be-897d-2edcb58627c8,completed,2023-03-06 20:43:42.066461,,
1232cec6-633a-4ced-ae1a-af4565d6cb7e,completed,2023-03-06 20:43:42.066461,,
123713a6-6d18-4cf5-b39c-e42746fa2b91,completed,2023-03-06 20:43:42.066461,,
12390040-0d59-4b42-aabb-9e963c1d096b,completed,2023-03-06 20:43:42.066461,,
1239dbd6-b43e-4ba4-9730-067666ba5e41,completed,2023-03-06 20:43:42.066461,,
1243c0c0-0bb5-4200-8249-8b776f97b87c,completed,2023-03-06 20:43:42.066461,,
124a91a5-ee29-47fc-9f2c-d6b59092bdce,completed,2023-03-06 20:43:42.066461,,
124d8f86-2cba-4847-9078-83cc8cfffa25,completed,2023-03-06 20:43:42.066461,,
12508b04-75d5-4012-aa96-58b38616a39a,completed,2023-03-06 20:43:42.066461,,
125219bd-d4a3-4c1d-ba80-db70393b5098,completed,2023-03-06 20:43:42.066461,,
1267b750-d95a-4f84-864f-365a2ab9a5fb,completed,2023-03-06 20:43:42.066461,,
12719eac-5059-47f4-9ced-6b44eb3d07fd,completed,2023-03-06 20:43:42.066461,,
1283d86e-a65b-49be-af19-06221016e21c,completed,2023-03-06 20:43:42.066461,,
129b8a95-844d-4ec7-aeb7-6f751ac3ddb3,completed,2023-03-06 20:43:42.066461,,
12a11ba5-0d22-4354-810d-f5476bdad8a2,completed,2023-03-06 20:43:42.066461,,
12b03603-56c0-439d-98c7-186995f818cb,completed,2023-03-06 20:43:42.066461,,
12b3341a-6aba-447b-b4a3-40cf67bf6bec,completed,2023-03-06 20:43:42.066461,,
12b606dc-dcfc-4b0e-8482-b35965e7544a,completed,2023-03-06 20:43:42.066461,,
12b73c48-dae5-45cd-8582-fe820cba2076,completed,2023-03-06 20:43:42.066461,,
12bf37cf-6ec7-43b6-bee7-92a36f4a7d9c,completed,2023-03-06 20:43:42.066461,,
12c17628-9383-469f-b9d3-641b888c45d9,completed,2023-03-06 20:43:42.066461,,
12c65794-e820-472b-8681-f0277cb9ab0d,completed,2023-03-06 20:43:42.066461,,
12c8d2ff-6dd1-4eef-920b-cc5d50938cc9,completed,2023-03-06 20:43:42.066461,,
12c99f08-d005-407d-b899-685c9642481e,completed,2023-03-06 20:43:42.066461,,
12d585b8-e3c0-469a-944d-bc26cc528201,completed,2023-03-06 20:43:42.066461,,
12db895c-b34f-4f7a-9373-f528c3c0153f,completed,2023-03-06 20:43:42.066461,,
12dfea68-5c6e-471a-a486-77f05d609c82,completed,2023-03-06 20:43:42.066461,,
12ecc345-adbc-4d33-a702-d7326c06ee3f,completed,2023-03-06 20:43:42.066461,,
12f1f312-6401-4794-b762-e5e272f2ea85,completed,2023-03-06 20:43:42.066461,,
12f4a54a-ad95-4162-9c65-1ce8172261a5,completed,2023-03-06 20:43:42.066461,,
12f52c65-3c41-4ff3-94de-1adf41547ba6,completed,2023-03-06 20:43:42.066461,,
132f6b5c-d23d-4ac3-bb71-f0d26e30719c,completed,2023-03-06 20:43:42.066461,,
13353cce-9974-4685-93b7-aec2d9e4e90f,completed,2023-03-06 20:43:42.066461,,
13396d6c-6849-4c7a-a4ac-075aa69f90ab,completed,2023-03-06 20:43:42.066461,,
1339e99b-5857-4f20-b9cc-16258060229b,completed,2023-03-06 20:43:42.066461,X,
1339fadd-faec-4339-bc58-c0cf4bb6b6dc,completed,2023-03-06 20:43:42.066461,,
13486bd6-9ecb-431e-9d82-7bc3143ea6ac,completed,2023-03-06 20:43:42.066461,,
134cd5ad-0583-4654-ac58-07057375b69d,completed,2023-03-06 20:43:42.066461,,
13523bde-93a4-4bb3-a539-222a5a745c44,completed,2023-03-06 20:43:42.066461,,
1360642e-d6e3-4ed3-8a21-2d4db3723621,completed,2023-03-06 20:43:42.066461,,
136c674f-93d3-43fd-b59c-d95fe2345bfe,completed,2023-03-06 20:43:42.066461,,
13753f91-c050-4aa5-9e66-b120af68f74f,completed,2023-03-06 20:43:42.066461,,
137c4c66-f094-4d2d-bd36-3be1c0783dde,completed,2023-03-06 20:43:42.066461,,
137db144-0a53-4258-9a87-ea5d72773837,completed,2023-03-06 20:43:42.066461,,
137f88b4-9bc9-466b-b56e-bc1ba4cc8795,completed,2023-03-06 20:43:42.066461,,
1383fafb-17e7-4fc0-a39e-3c054ab9803b,completed,2023-03-06 20:43:42.066461,,
138fb606-d882-47a2-a3dc-c84819d20108,completed,2023-03-06 20:43:42.066461,,
139411b6-0eae-43e1-8525-62deb0ba484a,completed,2023-03-06 20:43:42.066461,,
1396a970-eaf2-4978-93f2-10cffa26686b,completed,2023-03-06 20:43:42.066461,,
13b51fb5-6317-4b2e-9de8-b44f7efba5ac,completed,2023-03-06 20:43:42.066461,,
13b7cbe7-1d9d-4b62-951c-c6ad49066188,completed,2023-03-06 20:43:42.066461,,
13bdee73-7d9b-4f82-8baf-795dc582994a,completed,2023-03-06 20:43:42.066461,,
13bfa059-16f5-4155-b131-1d77191d8359,completed,2023-03-06 20:43:42.066461,,
13c54067-3258-4891-8abc-f13f3c59cdfc,completed,2023-03-06 20:43:42.066461,,
13c6ecb1-8fe2-4b7c-b98b-52049d2eb12f,completed,2023-03-06 20:43:42.066461,,
13cad4ce-3f47-4841-b105-3e7bee895fa2,completed,2023-03-06 20:43:42.066461,,
13ce22ed-804d-475d-8f9e-faf2833c4bd8,completed,2023-03-06 20:43:42.066461,,
13d72f75-48c4-4644-9d79-a81de21cdc13,completed,2023-03-06 20:43:42.066461,,
13d8eaf2-8195-4a6b-a23d-26cea8d48ca0,completed,2023-03-06 20:43:42.066461,,
13d965e0-6b40-4152-b514-d7ffd9f65ce7,completed,2023-03-06 20:43:42.066461,,
13def1d0-8b26-4631-8654-2521c5ce8335,completed,2023-03-06 20:43:42.066461,,
13df20f3-0ef6-4daf-9802-1ed7fd7541e3,completed,2023-03-06 20:43:42.066461,,
13e387f2-13f9-400f-a077-e6eed631f8cb,completed,2023-03-06 20:43:42.066461,,
13e5816c-91cf-4f18-93c1-d03f3db9373e,completed,2023-03-06 20:43:42.066461,,
13f6d5e5-8746-4be0-9fa3-7411280c7358,completed,2023-03-06 20:43:42.066461,,
140dabfb-ada4-492d-948a-a4e547f74496,completed,2023-03-06 20:43:42.066461,,
140f7ea6-c34e-43bb-8671-77a5be574b39,completed,2023-03-06 20:43:42.066461,,
141208b9-aa23-4d02-b99e-40895d5c29e6,completed,2023-03-06 20:43:42.066461,,
14175361-1eb5-47d2-a909-57a454d35884,completed,2023-03-06 20:43:42.066461,,
141a6d23-896e-40d5-9e09-54e26297296c,completed,2023-03-06 20:43:42.066461,,
141ec3c1-a94a-435a-b353-ada945459d97,completed,2023-03-06 20:43:42.066461,,
14227de4-b3e7-4e07-a2e0-925d43447ffa,completed,2023-03-06 20:43:42.066461,,
1425fb59-0de3-49e5-b7d9-81a2fecba911,completed,2023-03-06 20:43:42.066461,,
14311727-86ae-45f1-bfc2-8572992f9257,completed,2023-03-06 20:43:42.066461,,
1431d962-d36a-4a80-8d2d-fb76f0d02cd8,completed,2023-03-06 20:43:42.066461,,
1434c33c-4c1c-44e6-b2b1-2cf1e5355a2c,completed,2023-03-06 20:43:42.066461,,
143794ad-20d9-4662-a976-770a317a66b7,completed,2023-03-06 20:43:42.066461,,
14387bf0-5f26-408e-9e04-2e9b3c695f0f,completed,2023-03-06 20:43:42.066461,,
143d7936-444a-465d-b7a4-dbdc7f4a1263,completed,2023-03-06 20:43:42.066461,,
143dc181-6adc-4fb9-a8cc-d34bd4b73cc0,completed,2023-03-06 20:43:42.066461,,
145945ee-d76d-4b47-b25d-f9c519259b9d,completed,2023-03-06 20:43:42.066461,,
145d2928-43de-41f7-81c7-b4196301d55b,completed,2023-03-06 20:43:42.066461,,
1467716b-f614-4642-af51-d7ac8e02324d,completed,2023-03-06 20:43:42.066461,,
146a1e5f-a3b9-4379-b967-583257f64489,completed,2023-03-06 20:43:42.066461,,
146ac157-51f1-4005-a8d1-4b180180fc51,completed,2023-03-06 20:43:42.066461,,
146da652-93a2-4560-8d2c-af06fa49c11b,completed,2023-03-06 20:43:42.066461,,
146eed07-4592-49f2-a24f-abcc5474bdd9,completed,2023-03-06 20:43:42.066461,,
14742857-c67c-4d82-a028-ec88797f5fdf,completed,2023-03-06 20:43:42.066461,,
147718d4-16e1-4ca6-bc48-3f3ba14cc43e,completed,2023-03-06 20:43:42.066461,,
147773e9-91bd-4945-96ca-bf170f77f839,completed,2023-03-06 20:43:42.066461,,
1478fc66-c322-4137-b07b-d4664689cf5d,completed,2023-03-06 20:43:42.066461,,
1499372c-f922-4a93-b6f8-e41e1d0bb9f3,completed,2023-03-06 20:43:42.066461,,
149b7406-81c6-4f1b-a01d-5ce4604b8451,completed,2023-03-06 20:43:42.066461,,
149cd3bb-2a58-4ec9-91df-544ecaa1a94a,completed,2023-03-06 20:43:42.066461,,
14a1ee52-5fce-4629-a027-a1bc0e151416,completed,2023-03-06 20:43:42.066461,,
14a3c25e-c9a7-452a-9b7e-e2fbf32be02e,completed,2023-03-06 20:43:42.066461,,
14adde52-3188-41b3-9043-5cca61a67e7c,completed,2023-03-06 20:43:42.066461,,
14b36211-e925-43ef-b3e4-ca844c28c4e1,completed,2023-03-06 20:43:42.066461,,
14c5252a-3814-4b76-9e9a-be12dbcc56c6,completed,2023-03-06 20:43:42.066461,,
14c7366f-35cf-4ec2-9af9-183f0c636813,completed,2023-03-06 20:43:42.066461,,
14da75d3-0ad2-4a4a-89cc-5834cdf1475a,completed,2023-03-06 20:43:42.066461,,
14dae48c-2702-4180-a6ed-c1f83e31b332,completed,2023-03-06 20:43:42.066461,,
14de81bc-a693-42d7-839e-b3c22175209e,completed,2023-03-06 20:43:42.066461,,
14e4f12d-9931-4b26-9c32-ef55fc5f2dd2,completed,2023-03-06 20:43:42.066461,,
14ec4a75-167d-4392-9d7f-e1a3ecbe3b5c,completed,2023-03-06 20:43:42.066461,,
14fb6c47-7952-44bb-8ab5-92a25ef7d64d,completed,2023-03-06 20:43:42.066461,,
14fe68e5-51bf-44f1-a50f-9cfa48baf42e,completed,2023-03-06 20:43:42.066461,,
1506df65-f570-41eb-97b4-6560373b1e1f,completed,2023-03-06 20:43:42.066461,,
15121eca-36e9-42b9-abee-50cb4d5ebc91,completed,2023-03-06 20:43:42.066461,,
15153079-6d47-4620-83ad-587b6155fb54,completed,2023-03-06 20:43:42.066461,,
151d2fa3-dfbe-4c7f-b92e-206fd4713c80,completed,2023-03-06 20:43:42.066461,,
1529fe30-3cf4-4512-b195-feaca9397a94,completed,2023-03-06 20:43:42.066461,,
152ea68e-3d95-478e-a03e-857d4450bbba,completed,2023-03-06 20:43:42.066461,,
15326382-9c79-49b8-9471-4f691d87870e,completed,2023-03-06 20:43:42.066461,,
153cbeba-7d00-4660-89b7-83342d31f6da,completed,2023-03-06 20:43:42.066461,,
153fc771-b7ac-402a-99b3-e03a6df3f41d,completed,2023-03-06 20:43:42.066461,,
1540c7ec-13a7-49d0-9041-a801e0bc7dba,completed,2023-03-06 20:43:42.066461,,
15487737-d150-4193-b6e8-d33cc323fb81,completed,2023-03-06 20:43:42.066461,,
155400d4-4401-4534-b22d-b8c5d25bcfb7,completed,2023-03-06 20:43:42.066461,,
1555fd9f-5e04-479e-8e4d-1299f62632e0,completed,2023-03-06 20:43:42.066461,,
155febf9-0a5a-4bb6-9998-ae818de7d863,completed,2023-03-06 20:43:42.066461,,
15677476-b476-4a0a-a9eb-9b7c7ef69f43,completed,2023-03-06 20:43:42.066461,,
1577c3bc-bbbc-4597-a190-23e3c34d3483,completed,2023-03-06 20:43:42.066461,,
15780a34-eed0-4911-8b35-a33b85aa64d1,completed,2023-03-06 20:43:42.066461,,
157fe76d-1436-4535-bb1e-527d21c2599a,completed,2023-03-06 20:43:42.066461,,
158375b9-16e8-4eca-80be-a7c34e4ccb09,completed,2023-03-06 20:43:42.066461,,
158ba7c5-f13a-4b98-9fec-cd97720c6301,completed,2023-03-06 20:43:42.066461,,
158bf5da-8c86-4921-ab0e-6ee9144d5b0e,completed,2023-03-06 20:43:42.066461,,
158d8c32-d477-4f94-8e71-7e7bb791d31d,completed,2023-03-06 20:43:42.066461,,
158ec84b-a1a4-4bf2-97b2-32169d0cc369,completed,2023-03-06 20:43:42.066461,,
159422ae-e57a-4118-a895-5a6ea9ad804d,completed,2023-03-06 20:43:42.066461,,
1594c54a-de3b-4f39-929c-c26497c61cb6,completed,2023-03-06 20:43:42.066461,,
159ef801-121e-4f54-b27b-9c3403296949,completed,2023-03-06 20:43:42.066461,,
15a0b403-a5be-4d07-81fb-98bfa9df4c9a,completed,2023-03-06 20:43:42.066461,,
15b02dae-baf4-4914-97f9-f0f0be1f75d4,completed,2023-03-06 20:43:42.066461,,
15b25038-ca8a-40d5-ace2-875765aab915,completed,2023-03-06 20:43:42.066461,,
15b41366-a957-4577-94e8-fbb2ff8f5d17,completed,2023-03-06 20:43:42.066461,,
15b4f739-25cc-487d-bb7e-e0962a5c4e71,completed,2023-03-06 20:43:42.066461,,
15c01b0b-db51-4b74-9fd9-b0334b18e11d,completed,2023-03-06 20:43:42.066461,,
15cb1ef2-3a6a-4341-9c94-1c8319162a6b,completed,2023-03-06 20:43:42.066461,,
15cec530-0fbb-401f-bc88-7b2ab18b33dc,completed,2023-03-06 20:43:42.066461,,
15d4e80c-e72d-4a97-87aa-9b73847152a2,completed,2023-03-06 20:43:42.066461,,
15dab3b6-2b6e-4c2b-a609-04ed4ac8b014,completed,2023-03-06 20:43:42.066461,,
15e0ad21-3fc6-456c-b325-07deacdca242,completed,2023-03-06 20:43:42.066461,,
15e458ae-00f2-454f-bf2b-c604201103c9,completed,2023-03-06 20:43:42.066461,,
15e74f2d-4d96-42cf-b9ac-b58b0f1f6deb,completed,2023-03-06 20:43:42.066461,,
15e7d4dc-ce1d-4e14-a4a1-ee9013956946,completed,2023-03-06 20:43:42.066461,,
15eeb8ed-f44e-415d-997f-f32d5f5e78fa,completed,2023-03-06 20:43:42.066461,,
160d3c1c-e468-40be-b4a4-cd7cf92616fa,completed,2023-03-06 20:43:42.066461,,
160e4919-8715-424a-8ed4-5bf2926905b4,completed,2023-03-06 20:43:42.066461,,
16100f8b-39a7-443d-9e8a-0a0a34abfa25,completed,2023-03-06 20:43:42.066461,,
1616a9a5-e1eb-476b-a242-88bf71a7fa4b,completed,2023-03-06 20:43:42.066461,,
161cab06-3e54-4e80-8b64-5ef2237c8933,completed,2023-03-06 20:43:42.066461,,
162dce16-7602-4c30-b1c5-c0679e715e7c,completed,2023-03-06 20:43:42.066461,,
16344147-2f25-4a52-8cd3-e8879e87e831,completed,2023-03-06 20:43:42.066461,,
163b39cf-e355-44af-b645-02d7e5a5441a,completed,2023-03-06 20:43:42.066461,,
163d5780-ac69-41fe-a8b4-2186d0df5cd7,completed,2023-03-06 20:43:42.066461,,
163fbaa8-6b2a-4c07-a3d7-a7805304576d,completed,2023-03-06 20:43:42.066461,,
1649a14d-f9e9-4920-9239-d48bf1b58bd4,completed,2023-03-06 20:43:42.066461,,
164e8962-07c9-4f36-8824-5c670085aca7,completed,2023-03-06 20:43:42.066461,,
164f5123-584c-4d85-8987-33deb105f916,completed,2023-03-06 20:43:42.066461,,
1650017e-be1e-4c41-87cb-544d8ce0f8fa,completed,2023-03-06 20:43:42.066461,,
16584561-6dbb-4628-a68d-048f7f6e4068,completed,2023-03-06 20:43:42.066461,,
165e05e6-35c8-4aaf-bb90-98dcdf22df08,completed,2023-03-06 20:43:42.066461,,
165e77eb-53c7-4f15-a455-e6df3875b2f9,completed,2023-03-06 20:43:42.066461,,
16627d44-ad71-40f3-9786-1b468c1bbda3,completed,2023-03-06 20:43:42.066461,,
166570ba-171b-498b-a41b-24d3c1dbab3c,completed,2023-03-06 20:43:42.066461,,
16659df3-14dd-4612-b0b4-512acf48f8a3,completed,2023-03-06 20:43:42.066461,,
166deaa1-7513-40fd-b892-431f5bb1a772,completed,2023-03-06 20:43:42.066461,,
167498d3-c0b4-4f7f-a3b3-e0a69c9b2504,completed,2023-03-06 20:43:42.066461,,
1693b578-a5fe-492c-90ef-cc2b8a819be2,completed,2023-03-06 20:43:42.066461,,
1699afcd-0fda-43cd-a88f-bf201e81cee8,completed,2023-03-06 20:43:42.066461,,
1699dd7a-00cd-4bb2-8f8a-b71836741017,completed,2023-03-06 20:43:42.066461,,
16a09067-3cce-4e29-b9c9-60cc53bd9a3b,completed,2023-03-06 20:43:42.066461,,
16a1b0af-4c67-49b8-aab2-91face5572e0,completed,2023-03-06 20:43:42.066461,,
16acfb82-d5dd-4479-ae9c-a530b2533dc0,completed,2023-03-06 20:43:42.066461,,
16af7eaf-11c9-4273-a4fe-ea4a722b0df8,completed,2023-03-06 20:43:42.066461,,
16b606ae-94db-417c-a697-d99b62e3caaa,completed,2023-03-06 20:43:42.066461,,
16b9d1e1-7488-4ecc-af35-03253175d7b7,completed,2023-03-06 20:43:42.066461,,
16c4dd86-8ad8-4c34-8d99-d3c7325f904b,completed,2023-03-06 20:43:42.066461,,
16c64804-c36d-4929-afda-db1a3afca153,completed,2023-03-06 20:43:42.066461,,
16c6a285-340f-4ab1-9e40-2dc1aebd3137,completed,2023-03-06 20:43:42.066461,,
16cc02a8-00b3-4402-8fa2-8b207d2e571b,completed,2023-03-06 20:43:42.066461,,
16cc393a-3aec-474f-b94c-cdb049c12802,completed,2023-03-06 20:43:42.066461,,
16d64fcb-523c-41c7-8e65-a726e99bedae,completed,2023-03-06 20:43:42.066461,,
16ed8de1-4076-49f8-b798-6db6860fe4e3,completed,2023-03-06 20:43:42.066461,,
16f03072-9383-4152-80d5-db00739e0dc6,completed,2023-03-06 20:43:42.066461,,
16f807a7-7386-482b-8d04-d9b121f392ad,completed,2023-03-06 20:43:42.066461,,
170b66a2-c6f0-4a2b-b46c-f4239e0f9055,completed,2023-03-06 20:43:42.066461,,
170bcbc5-12d6-4d30-859e-13adf042c56f,completed,2023-03-06 20:43:42.066461,,
1712a1f8-8dd7-4d13-b5ef-e8dee93387ba,completed,2023-03-06 20:43:42.066461,,X
17242c3d-7937-48d2-9428-7baea783d15a,completed,2023-03-06 20:43:42.066461,,
1724c9cb-c158-447d-b4cf-d83a90005f52,completed,2023-03-06 20:43:42.066461,,
17259398-cab4-4e58-b9a1-adc522bc121a,completed,2023-03-06 20:43:42.066461,,
172dac4b-b469-4d29-b6d0-8c1df06c6341,completed,2023-03-06 20:43:42.066461,,
17328c07-a321-43d9-92b2-3ab749691cf5,completed,2023-03-06 20:43:42.066461,,
174090cd-c25c-4d75-937e-c535e9abbaf2,completed,2023-03-06 20:43:42.066461,,
176bc9b9-9b85-4e3b-9d57-f0bfbc46ceca,completed,2023-03-06 20:43:42.066461,,
177342a6-198c-47cb-9120-d42f9476420c,completed,2023-03-06 20:43:42.066461,,
1790653a-7adb-4d11-b9d1-bf132943cf63,completed,2023-03-06 20:43:42.066461,,
17988f7c-4e16-4d19-891a-e4acc5d40f40,completed,2023-03-06 20:43:42.066461,,
179f4301-f86b-41e0-a19b-765f6aeb5793,completed,2023-03-06 20:43:42.066461,,
17a168d9-3bcb-4959-9486-f0bd8bcc7e2f,completed,2023-03-06 20:43:42.066461,,
17a2d716-cc01-4d8c-9b4c-d2188f08f37e,completed,2023-03-06 20:43:42.066461,,
17ae1e40-82e3-4354-b62d-b2365475923a,completed,2023-03-06 20:43:42.066461,,
17b47dbb-14f1-468e-b36e-666e29465380,completed,2023-03-06 20:43:42.066461,,
17ba5001-8f41-4a30-8339-60f2b6b55496,completed,2023-03-06 20:43:42.066461,,
17bd22e7-6b82-4d4c-8c34-e9526db0d586,completed,2023-03-06 20:43:42.066461,,
17bd2819-5a46-4b6c-8788-52e1b77104fa,completed,2023-03-06 20:43:42.066461,,
17c4172a-0ed7-4b2b-84ad-0e5a7a8b2cd0,completed,2023-03-06 20:43:42.066461,,
17cca128-211d-48e5-936d-6c9b0f87d469,completed,2023-03-06 20:43:42.066461,,
17d9f970-0dbf-4e52-bcb5-39200ad728c7,completed,2023-03-06 20:43:42.066461,,
17f61a53-28bc-4450-b9a4-8190a5d53364,completed,2023-03-06 20:43:42.066461,,
17f764a9-8d44-4631-ba92-ed5b51271936,completed,2023-03-06 20:43:42.066461,,
17fe04be-1ac8-4802-94f3-8ee5e0638531,completed,2023-03-06 20:43:42.066461,,
18090503-e7fc-4d9d-aa94-aa1aaf1fe28d,completed,2023-03-06 20:43:42.066461,,
180ae459-c945-443b-a63f-23f0ce378774,completed,2023-03-06 20:43:42.066461,,
180c678c-da03-4fd0-84f9-bd9d6b7998b0,completed,2023-03-06 20:43:42.066461,,
180d4918-aeba-4f8c-b440-15bcd4a8edf3,completed,2023-03-06 20:43:42.066461,,
18156e3e-b81a-41d7-b7d2-c18183c3c92a,completed,2023-03-06 20:43:42.066461,,
181da2f5-b4b1-49ac-8f03-3fdd3b92e993,completed,2023-03-06 20:43:42.066461,,
18238bce-56e9-4c3c-bb6c-5155a5434e90,completed,2023-03-06 20:43:42.066461,,
18291e69-e7ff-4362-9376-4c5dee85ce9d,completed,2023-03-06 20:43:42.066461,,
182beaec-997e-47c3-b532-ecb1f2f4f3de,completed,2023-03-06 20:43:42.066461,,
18333fb4-c3b2-4bbd-8727-12ef47b63b7b,completed,2023-03-06 20:43:42.066461,,
1837141e-8288-43a0-9d7a-71c571f79a44,completed,2023-03-06 20:43:42.066461,,
183777e3-3bc1-4881-ac3e-94c4ff36af39,completed,2023-03-06 20:43:42.066461,,
183decf6-439b-451a-be3c-f9cb47fe56af,completed,2023-03-06 20:43:42.066461,,
1841393a-2c0a-4ea3-8835-e34dbe5915d3,completed,2023-03-06 20:43:42.066461,,
184562dd-4220-4029-99f6-1fa840315011,completed,2023-03-06 20:43:42.066461,,
184f89db-6615-4e57-bf5b-17b63e013ced,completed,2023-03-06 20:43:42.066461,,
185125e1-bd38-4f2d-b939-b55801766e2f,completed,2023-03-06 20:43:42.066461,,
18517195-2cd5-420a-8a56-f9474cf9885e,completed,2023-03-06 20:43:42.066461,,
185201b7-19e0-48fa-899c-0319e434418d,completed,2023-03-06 20:43:42.066461,,
185afc92-f53f-4f5f-8154-e20b260fd85c,completed,2023-03-06 20:43:42.066461,,
185b4502-b378-40cd-bcf1-a7a3a7be63ed,completed,2023-03-06 20:43:42.066461,,
186238ab-1d1a-4a30-a078-bca88889099a,completed,2023-03-06 20:43:42.066461,,
186ba492-e636-437b-b2b3-f0e3ecb03ba2,completed,2023-03-06 20:43:42.066461,,
186bae27-6d56-41f4-a483-c5e96bd91108,completed,2023-03-06 20:43:42.066461,,
18735d25-5726-4063-86d6-f75271c9617d,completed,2023-03-06 20:43:42.066461,,
1874e5d3-6bf4-47d2-8bc9-34dc3041171d,completed,2023-03-06 20:43:42.066461,,
18753701-e263-4115-97b4-98c50e9bb8dd,completed,2023-03-06 20:43:42.066461,,
1876f125-bd50-4ee9-ba7d-eba750af4798,completed,2023-03-06 20:43:42.066461,,
187eb4c3-95f8-4bfc-aacc-12a38d7bf469,completed,2023-03-06 20:43:42.066461,,
18816936-cfa5-46a8-9d91-7b17ea77ea05,completed,2023-03-06 20:43:42.066461,,
1885451e-3bfd-4e45-9666-2026049ed8fa,completed,2023-03-06 20:43:42.066461,,
1889704f-cc66-4e9e-838b-7de64b7ed3e8,completed,2023-03-06 20:43:42.066461,,
1893d0cc-9601-47c7-9c3f-d4eea5d23346,completed,2023-03-06 20:43:42.066461,,
18a714b5-856e-47ff-9502-6305a6f1c692,completed,2023-03-06 20:43:42.066461,,
18a864b0-4833-4419-b30e-d2f7b9f03867,completed,2023-03-06 20:43:42.066461,,
18b9cd65-acd3-447e-af63-5f171f5884ef,completed,2023-03-06 20:43:42.066461,,
18bb81c1-bda8-414d-97fb-8763c8b0250c,completed,2023-03-06 20:43:42.066461,,
18bcd5f8-fc2a-48dc-aa9d-da3a6461d654,completed,2023-03-06 20:43:42.066461,,
18bf7424-3da8-4eba-b2be-be255e51581f,completed,2023-03-06 20:43:42.066461,,
18c2a4b6-b831-40ef-8142-1083822f2909,completed,2023-03-06 20:43:42.066461,,
18ccd424-d8fb-4b24-a022-01810e0cc99c,completed,2023-03-06 20:43:42.066461,,
18ce6120-04f0-43a0-a29a-ebb653d1db0e,completed,2023-03-06 20:43:42.066461,,
18d2a05d-9e80-4df8-ba4e-2fafd311776e,completed,2023-03-06 20:43:42.066461,,
18d7d662-c254-4ebf-9c4b-9d5b22638293,completed,2023-03-06 20:43:42.066461,,
18d90f4e-c00d-417d-99a7-27719324c110,completed,2023-03-06 20:43:42.066461,,
18e52fab-ee3b-429b-9d67-7eda3240151e,completed,2023-03-06 20:43:42.066461,,
18e694fd-a88f-4a7b-b3a7-9c162bceda8c,completed,2023-03-06 20:43:42.066461,,
18ea6a6b-550c-4516-8180-c89d947a107a,completed,2023-03-06 20:43:42.066461,,
18f6a2c9-94e0-48ca-9c41-f870e046e514,completed,2023-03-06 20:43:42.066461,,
18f733b5-3dfb-4a3d-a5c5-d2fd86d74048,completed,2023-03-06 20:43:42.066461,,
18fb3425-b0d8-46e3-b954-dd832f17dda5,completed,2023-03-06 20:43:42.066461,,
18fc6f1a-da6e-46cd-91e2-8148f581889b,completed,2023-03-06 20:43:42.066461,,
190d9f10-96da-46a2-9307-af84668200b8,completed,2023-03-06 20:43:42.066461,,
1914daad-429c-4536-abfe-33b99ebc1ecb,completed,2023-03-06 20:43:42.066461,,
191be7b3-a0b8-4fb7-9808-ac5d554360aa,completed,2023-03-06 20:43:42.066461,,
191beed1-6a54-4262-827c-8630f60bd5d1,completed,2023-03-06 20:43:42.066461,,
191f6404-65ef-4c73-a3f8-e1490a0fede3,completed,2023-03-06 20:43:42.066461,,
19201b2b-23ea-4c84-9f7d-42167db9560e,completed,2023-03-06 20:43:42.066461,,
192d13f5-b49c-4f51-8d30-f6e341f046cb,completed,2023-03-06 20:43:42.066461,,
192d4dd9-00ce-42b3-b7fe-c51898c6a381,completed,2023-03-06 20:43:42.066461,,
19356bb2-cfa4-48a8-96ce-7fcca7b2fab7,completed,2023-03-06 20:43:42.066461,,
193d1133-c299-4cce-ad0c-3d9d32c83b19,completed,2023-03-06 20:43:42.066461,,
1943ed0e-784b-4d52-9873-be615de4196f,completed,2023-03-06 20:43:42.066461,,
1948cd64-23e4-4150-a590-3daf491d4878,completed,2023-03-06 20:43:42.066461,,
194c4ff6-a127-4d09-b96a-e2d6416416e1,completed,2023-03-06 20:43:42.066461,,
19553142-1843-49b7-b801-589f3b97a742,completed,2023-03-06 20:43:42.066461,,
195d3901-e7b5-4f6c-a539-8fe559ef01b6,completed,2023-03-06 20:43:42.066461,,
19623e91-d8f8-489e-a61f-0387fae68627,completed,2023-03-06 20:43:42.066461,,
196a91dc-2596-40b9-b003-69797ccdf467,completed,2023-03-06 20:43:42.066461,,
19727d84-a8b1-4e1b-beb8-d9e6bb1b3e2f,completed,2023-03-06 20:43:42.066461,,
1976a777-2f5b-4958-9101-aba0a77fd0fd,completed,2023-03-06 20:43:42.066461,,
197712d5-10e0-4a63-a195-bb0fda2ef362,completed,2023-03-06 20:43:42.066461,,
197d1546-755a-4e05-9eb6-52eb1435a954,completed,2023-03-06 20:43:42.066461,,
19851f0e-dfbd-4f7e-a6a7-4ba7b32a59c8,completed,2023-03-06 20:43:42.066461,,
19885526-5906-4507-9f45-b5c2cb653830,completed,2023-03-06 20:43:42.066461,,
1988e713-4c59-45d1-a739-f1f499610fdc,completed,2023-03-06 20:43:42.066461,,
19a80732-34be-4915-bd34-c1ce813fa39f,completed,2023-03-06 20:43:42.066461,,
19ab306c-9611-4b40-ae8f-5ba7ccbbead0,completed,2023-03-06 20:43:42.066461,,
19be0f24-53bf-421f-9b50-96221a492d3a,completed,2023-03-06 20:43:42.066461,,
19bf184a-5caa-47df-90d2-692dd781f68a,completed,2023-03-06 20:43:42.066461,,
19c63f09-ac85-4dbc-a78b-46aefe29d9b7,completed,2023-03-06 20:43:42.066461,,
19d35eb6-babb-41e9-b38e-4178c166f6c0,completed,2023-03-06 20:43:42.066461,,
19d4d17d-c6e3-4a02-8729-2df724e1a565,completed,2023-03-06 20:43:42.066461,,
19dc9c6e-97f8-4067-b0b5-f35b69d64c04,completed,2023-03-06 20:43:42.066461,,
19de4965-9871-4715-9f6b-b1c2f3b0af99,completed,2023-03-06 20:43:42.066461,,
19e8eca2-9619-4dab-acbc-dc3d25bb211b,completed,2023-03-06 20:43:42.066461,,
19ec31e6-166a-4ad9-98b9-1abc797ebdb6,completed,2023-03-06 20:43:42.066461,,
19f3fd98-61a2-4464-92f1-bab0814b7395,completed,2023-03-06 20:43:42.066461,,
19f8d9f3-5729-4926-aa5a-2a625eed9906,completed,2023-03-06 20:43:42.066461,,
1a034144-9f3c-42ed-b12b-5fb5e3bd444a,completed,2023-03-06 20:43:42.066461,,
1a11c2ff-f7d8-407b-b201-73a09f58b94e,completed,2023-03-06 20:43:42.066461,,
1a129b9d-a697-42de-8ddb-f5284b1fc214,completed,2023-03-06 20:43:42.066461,,
1a13c5a7-5aca-498d-833d-c026a26c3965,completed,2023-03-06 20:43:42.066461,,
1a14e616-d862-42b6-82d9-ae381a720dbd,completed,2023-03-06 20:43:42.066461,,
1a1dfa7c-372f-4e81-bf43-bbf0827b639d,completed,2023-03-06 20:43:42.066461,,
1a20cf01-8388-44be-8d85-cff0fa57fa28,completed,2023-03-06 20:43:42.066461,,
1a210be3-92d4-4ba0-a529-f481e165f180,completed,2023-03-06 20:43:42.066461,,
1a296dd9-7917-4307-8004-c5caed6ccc82,completed,2023-03-06 20:43:42.066461,,
1a35ced4-dda1-4f1c-a579-77b0fd32c903,completed,2023-03-06 20:43:42.066461,,
1a49384d-9acb-429f-9d98-e50240073c50,completed,2023-03-06 20:43:42.066461,,
1a52af0c-7dd8-435c-9270-b1d491d3dfb7,completed,2023-03-06 20:43:42.066461,,
1a566135-b6c9-4f8b-92b1-49ad717c85b7,completed,2023-03-06 20:43:42.066461,,
1a72ac1f-d428-4570-8cdc-0b1e6c586b6b,completed,2023-03-06 20:43:42.066461,,
1a7e28d3-0a89-40c7-9a38-dc089b3145b0,completed,2023-03-06 20:43:42.066461,,
1a811bec-213c-4290-912f-e95590d95399,completed,2023-03-06 20:43:42.066461,,
1a8257a7-8c7c-434f-a11b-8b4cca669073,completed,2023-03-06 20:43:42.066461,,
1a834879-a4db-4077-85a0-cfb8241db96f,completed,2023-03-06 20:43:42.066461,,
1a87cf84-d7d0-41c2-b10a-71a297738288,completed,2023-03-06 20:43:42.066461,,
1a9022eb-9572-4cca-886c-d086d9d0b79a,completed,2023-03-06 20:43:42.066461,,
1a9049f5-53dc-458d-a313-c7f0ba5bc003,completed,2023-03-06 20:43:42.066461,,
1a929c86-f283-4381-ac65-36acdf384287,completed,2023-03-06 20:43:42.066461,,
1aa63a96-261b-4e3d-acbb-5132819e41cb,completed,2023-03-06 20:43:42.066461,,
1aa71b12-3037-4e23-9d4e-34b655b790d9,completed,2023-03-06 20:43:42.066461,,
1aac9ee9-2675-4d95-9bf3-babb6f6eff13,completed,2023-03-06 20:43:42.066461,,
1aad2981-2e45-46af-8fab-39f8a435fca0,completed,2023-03-06 20:43:42.066461,,
1ab1c50e-28fa-4db1-bb91-8fdb5285f372,completed,2023-03-06 20:43:42.066461,,
1aba0228-99bd-4b48-aab8-ab71e2f1cc36,completed,2023-03-06 20:43:42.066461,,
1ac04114-dcbf-4922-b274-425e83e60889,completed,2023-03-06 20:43:42.066461,,
1ac0b626-4e55-4c04-9ea9-9d6b4f7250cb,completed,2023-03-06 20:43:42.066461,,
1ac0db53-c474-4118-a63f-0d8b7907f168,completed,2023-03-06 20:43:42.066461,,
1ac59794-3c9f-41f2-b07b-e3a3b917df40,completed,2023-03-06 20:43:42.066461,,
1acc2291-7c89-4847-9488-4a291860add3,completed,2023-03-06 20:43:42.066461,,
1ada7701-65af-45b6-8302-2728c355132d,completed,2023-03-06 20:43:42.066461,,
1adc495b-b715-470b-9945-bef62245aa4b,completed,2023-03-06 20:43:42.066461,,
1ae3e0c5-1785-42fb-97f6-918266dc6d16,completed,2023-03-06 20:43:42.066461,,
1aece88b-36e9-45cd-9bdf-163001045bd1,completed,2023-03-06 20:43:42.066461,,
1aee4484-a004-49c3-9959-3452af0d3daa,completed,2023-03-06 20:43:42.066461,,
1aef0884-de7a-4ec1-9b25-33c2c4f19dbd,completed,2023-03-06 20:43:42.066461,,
1aef88f8-4a6b-412f-a1d4-cace41b37973,completed,2023-03-06 20:43:42.066461,,
1af5c7eb-8a5a-4226-95f5-45d18d463683,completed,2023-03-06 20:43:42.066461,,
1aff3b2d-2277-436b-a82e-3027329c3b63,completed,2023-03-06 20:43:42.066461,,
1b03839b-9c42-400d-b348-29c9af3cca7a,completed,2023-03-06 20:43:42.066461,,
1b052a44-cb6b-41e4-af6f-a74e320753b3,completed,2023-03-06 20:43:42.066461,,
1b0ac3cc-8dcc-45ad-b0bd-9b0101f77cce,completed,2023-03-06 20:43:42.066461,,
1b0b7059-77d5-4fec-8500-66f627f1f24f,completed,2023-03-06 20:43:42.066461,,
1b1088bc-914f-4db9-a84b-b112d3ccc195,completed,2023-03-06 20:43:42.066461,,
1b1121df-0328-44bb-8520-79ec6ac4bea0,completed,2023-03-06 20:43:42.066461,,
1b13c0ce-333a-460e-b5b0-ea28e988c109,completed,2023-03-06 20:43:42.066461,,
1b1b331b-3bdd-40ce-ace5-e67a5f6df848,completed,2023-03-06 20:43:42.066461,,
1b1d471a-0e03-4dbe-aabf-f4ea0ad164ce,completed,2023-03-06 20:43:42.066461,,
1b20852f-83ba-4c0f-a2fe-f7515a9c949c,completed,2023-03-06 20:43:42.066461,,
1b277ef2-d216-4a36-9fe5-bc18c5161653,completed,2023-03-06 20:43:42.066461,,
1b389c81-735d-4dab-8847-31ace2daf787,completed,2023-03-06 20:43:42.066461,,
1b3b1dcf-248e-455e-a760-a24551268f55,completed,2023-03-06 20:43:42.066461,,
1b406d66-219f-4577-a6c6-d963ec3481ec,completed,2023-03-06 20:43:42.066461,,
1b5869d8-5a48-495f-bb57-63f31873f639,completed,2023-03-06 20:43:42.066461,,
1b6733f3-2d62-469f-a301-5d7def152119,completed,2023-03-06 20:43:42.066461,,
1b7bea8f-a86b-42c3-a328-3b437baf2078,completed,2023-03-06 20:43:42.066461,,
1b8524c9-0786-4c5c-a196-de31507019b1,completed,2023-03-06 20:43:42.066461,,
1b915473-33e8-4236-a6b9-14d0a03b5ae1,completed,2023-03-06 20:43:42.066461,,
1ba34d27-79b1-4e50-a689-e4c90ae39588,completed,2023-03-06 20:43:42.066461,,
1ba6adad-752e-4d7d-8830-607053e89733,completed,2023-03-06 20:43:42.066461,,
1bad122d-239a-47db-b504-c579a940066f,completed,2023-03-06 20:43:42.066461,,
1bb18efb-d74e-4480-af6a-d84dacc2a260,completed,2023-03-06 20:43:42.066461,,
1bb669ed-2c26-43e0-a61b-3f415d867b15,completed,2023-03-06 20:43:42.066461,,
1bc128fa-c05a-44cb-b7cc-246872facb61,completed,2023-03-06 20:43:42.066461,,
1bc6aa2a-e771-45eb-b7e5-86b90e771670,completed,2023-03-06 20:43:42.066461,,
1bced3ee-b2a7-412e-91a8-b24cd29284b1,completed,2023-03-06 20:43:42.066461,,
1bd2593b-0799-4bb2-89d8-894231a80659,completed,2023-03-06 20:43:42.066461,,
1bdf3d71-1703-43a9-95cf-1cb8c7e1c5d4,completed,2023-03-06 20:43:42.066461,,
1beb4990-2125-4e35-9475-2eaa4eb37d9b,completed,2023-03-06 20:43:42.066461,,
1bf4d9fa-79e5-40ba-9839-decb408ad47a,completed,2023-03-06 20:43:42.066461,,
1bf75969-1fc2-4b80-b031-c9369337797a,completed,2023-03-06 20:43:42.066461,,
1bf994b7-377c-4424-8aad-cb685f36d256,completed,2023-03-06 20:43:42.066461,,
1c0e70ed-6845-4e1a-b5bd-573e93e249b3,completed,2023-03-06 20:43:42.066461,X,
1c0ec6cf-22f3-4b19-a78e-40b27b6fab91,completed,2023-03-06 20:43:42.066461,,
1c108af6-6952-4b2c-9047-d726906e9ca3,completed,2023-03-06 20:43:42.066461,,
1c141ee6-910a-40ab-80a2-910734e07a8b,completed,2023-03-06 20:43:42.066461,,
1c1d6e6b-7f70-4df1-94e3-a3015e21560a,completed,2023-03-06 20:43:42.066461,,
1c292688-4e16-4dee-b276-755ecb8074cc,completed,2023-03-06 20:43:42.066461,,
1c2adbef-b975-4ef3-bbff-0c1cfaef9a4a,completed,2023-03-06 20:43:42.066461,,
1c2c75a9-d645-4de2-877d-f89add0ca2cd,completed,2023-03-06 20:43:42.066461,,
1c2f0c42-3303-444f-acdc-89c04430b6c6,completed,2023-03-06 20:43:42.066461,,
1c324dbb-431a-4bde-90fb-4e137b94cd23,completed,2023-03-06 20:43:42.066461,,
1c3347fc-6049-490e-aa78-c06c5ac1f61d,completed,2023-03-06 20:43:42.066461,,
1c3739a9-8858-48c6-bb0f-e005c8a48e73,completed,2023-03-06 20:43:42.066461,,
1c37f6f3-4745-4e5d-922e-4f33181efa59,completed,2023-03-06 20:43:42.066461,,
1c394493-8bec-4abf-802c-7ff8091b30c9,completed,2023-03-06 20:43:42.066461,,
1c3be7bb-5df6-4f02-9b93-2ad12384fd1a,completed,2023-03-06 20:43:42.066461,,
1c4130e1-cf92-4a76-9551-6cbea7afe161,completed,2023-03-06 20:43:42.066461,,
1c43c3da-e3e9-45f0-9051-d8a992742921,completed,2023-03-06 20:43:42.066461,,
1c4806e9-e1ab-4493-90fb-3b2e105cd484,completed,2023-03-06 20:43:42.066461,,
1c4cd327-2fe4-4954-86e9-1e423e04fd4b,completed,2023-03-06 20:43:42.066461,,
1c4d2f91-e6be-4ad2-8b1a-b7967ad0dcdc,completed,2023-03-06 20:43:42.066461,,
1c566255-2cf2-413e-baa6-1f6b5eaf6539,completed,2023-03-06 20:43:42.066461,,
1c69ad6e-f789-4653-bd78-a5bec9d3e475,completed,2023-03-06 20:43:42.066461,,
1c6d94aa-fc09-4067-8b86-173b905ef2a5,completed,2023-03-06 20:43:42.066461,,
1c6f1e24-7059-48e7-b6d7-5d24151a8131,completed,2023-03-06 20:43:42.066461,,
1c89f2de-f50b-4c46-9141-4f11d3ceba8e,completed,2023-03-06 20:43:42.066461,,
1c8f144c-f722-484c-84a6-299f14ebc6c9,completed,2023-03-06 20:43:42.066461,,
1c9002cd-772b-490c-81ef-da95aae1dc78,completed,2023-03-06 20:43:42.066461,,
1c90bc69-74cd-42cc-9ce7-cdf2f6dea990,completed,2023-03-06 20:43:42.066461,,
1ca2384c-56e1-4539-81f9-5a0275dd703e,completed,2023-03-06 20:43:42.066461,,
1ca30c52-1628-4001-8649-d18f91ae0c64,completed,2023-03-06 20:43:42.066461,,
1ca35ec2-a05a-4213-a842-a9bc59fa6dbc,completed,2023-03-06 20:43:42.066461,,
1ca8a7af-70fc-4535-be58-c29463878c1d,completed,2023-03-06 20:43:42.066461,,
1cbe82b3-b84d-4914-bab1-c33727eff310,completed,2023-03-06 20:43:42.066461,,
1cbe95c2-8ffe-48ab-bd6e-e7278b3d895f,completed,2023-03-06 20:43:42.066461,,
1cc4c3fe-ca2e-488c-99f9-a412d0402690,completed,2023-03-06 20:43:42.066461,,
1ccc63c1-e2aa-4a42-9a2a-b94e9b351d4b,completed,2023-03-06 20:43:42.066461,,
1ccf931f-6683-49e0-b5e3-a57a2c7c4e11,completed,2023-03-06 20:43:42.066461,,
1cd05ca4-e04d-4bd6-aea3-465a2f38ae9d,completed,2023-03-06 20:43:42.066461,,
1cd0d68a-2bdf-4bbb-a400-86f3c8f94cb5,completed,2023-03-06 20:43:42.066461,,
1cd214bb-8ad1-47ce-9e6c-d001cc47ce7c,completed,2023-03-06 20:43:42.066461,,
1cd2e965-1c86-4932-b474-e355242880e0,completed,2023-03-06 20:43:42.066461,,
1cddf31d-093f-428b-bdd8-22b0d422271d,completed,2023-03-06 20:43:42.066461,,
1cde2381-7aae-4d80-9292-f542e43e5668,completed,2023-03-06 20:43:42.066461,,
1ce96a5b-6065-4224-a22f-69783b6d8937,completed,2023-03-06 20:43:42.066461,,
1d03ea25-4a55-4ce3-a3c2-7bdb23e2f18e,completed,2023-03-06 20:43:42.066461,,
1d0a4f47-dd5a-4bf3-bcf1-1f0642e08b1b,completed,2023-03-06 20:43:42.066461,,
1d18d64d-b876-480c-a998-99965249ccd2,completed,2023-03-06 20:43:42.066461,,
1d2642e2-ba8d-47df-8584-85114235ae39,completed,2023-03-06 20:43:42.066461,,
1d2850ea-98e0-4dcb-977c-c8f3154ac8ee,completed,2023-03-06 20:43:42.066461,,
1d2e19ee-ddaa-4cb3-a5ba-3af1b07c74f2,completed,2023-03-06 20:43:42.066461,,
1d377b93-b971-48f2-b206-15e658e37e3c,completed,2023-03-06 20:43:42.066461,,
1d37a40b-09dd-4ef0-a6ed-dc0c83608b83,completed,2023-03-06 20:43:42.066461,,
1d4157f9-fb79-443d-bbeb-593312b99a72,completed,2023-03-06 20:43:42.066461,,
1d45ad77-99d2-4e68-9169-8d7754dfcbc9,completed,2023-03-06 20:43:42.066461,,
1d4d09f5-d62c-43bc-9e32-93ec2b0d8423,completed,2023-03-06 20:43:42.066461,X,
1d51c18b-af2c-493c-9d5d-96f3af011b54,completed,2023-03-06 20:43:42.066461,X,
1d54f155-3ee0-43da-9ae7-43af0ffcf1c0,completed,2023-03-06 20:43:42.066461,,
1d60d6c4-e523-4a9c-bec6-def456847f27,completed,2023-03-06 20:43:42.066461,,
1d6a34e0-e4cf-49d0-9c3f-0ec016376cf3,completed,2023-03-06 20:43:42.066461,,
1d725dbd-a824-4e95-9820-8b9a9663902f,completed,2023-03-06 20:43:42.066461,,
1d74a531-036d-41b1-bca1-802d04fb5e06,completed,2023-03-06 20:43:42.066461,,
1d7660ff-c232-4f9b-8510-354a04921617,completed,2023-03-06 20:43:42.066461,,
1d773c54-e0bb-4e9b-95a5-251bb91cefd7,completed,2023-03-06 20:43:42.066461,,
1d8404b5-31eb-4ab0-948e-276d504a72fa,completed,2023-03-06 20:43:42.066461,,
1d87634f-026c-4a1d-97b3-e0178494b8ab,completed,2023-03-06 20:43:42.066461,,
1d8b7d83-4163-4857-a10f-ec6c20cc952a,completed,2023-03-06 20:43:42.066461,,
1d8dab81-eeda-479a-aad4-08a47f1f8870,completed,2023-03-06 20:43:42.066461,,
1d91803e-f07f-49f7-baa1-97a7390aedcb,completed,2023-03-06 20:43:42.066461,,
1d977c7f-266b-47cb-be82-c94a6d65f189,completed,2023-03-06 20:43:42.066461,X,
1d99dcac-b480-481a-ac75-1ed098b86326,completed,2023-03-06 20:43:42.066461,,
1d9ca361-7fac-4366-ac93-299950633870,completed,2023-03-06 20:43:42.066461,,
1d9f9f4b-cbfc-4e86-bc7f-b24f07129951,completed,2023-03-06 20:43:42.066461,,
1da3a9ac-223a-47da-8f74-cb56ca083ed0,completed,2023-03-06 20:43:42.066461,,
1dab26c5-2644-4962-82f3-96f26e9da765,completed,2023-03-06 20:43:42.066461,,
1dc8348a-2151-4f01-9e07-7850a206ba63,completed,2023-03-06 20:43:42.066461,,
1dc9e667-b371-4c79-a258-cef98003f356,completed,2023-03-06 20:43:42.066461,,
1dcfacae-8859-4d5c-a9f8-b20db59ff994,completed,2023-03-06 20:43:42.066461,,
1dde928d-9240-4ecb-b0f5-584293aa2b78,completed,2023-03-06 20:43:42.066461,,
1de068ed-c20f-4895-b25b-4e5eca1d7eed,completed,2023-03-06 20:43:42.066461,,
1de60118-3d38-44ac-8051-672e77aaca89,completed,2023-03-06 20:43:42.066461,,
1de8731b-1666-4ae6-b15a-fd43ee880240,completed,2023-03-06 20:43:42.066461,,
1def931a-bfaf-43d0-948e-eab26fde5179,completed,2023-03-06 20:43:42.066461,,
1df97345-2768-4802-a37f-24bf42332950,completed,2023-03-06 20:43:42.066461,,
1e07bd44-1b5c-4230-a485-026448c17c74,completed,2023-03-06 20:43:42.066461,,
1e0801da-46fc-4364-87f3-b911625e4b48,completed,2023-03-06 20:43:42.066461,,
1e1207bc-912f-4e6d-a95c-b8104a630ad7,completed,2023-03-06 20:43:42.066461,,
1e142407-362b-46b5-a7ff-b2a92d133dee,completed,2023-03-06 20:43:42.066461,,
1e1edce0-773e-4058-a774-2e04bfa86d66,completed,2023-03-06 20:43:42.066461,,
1e21205c-de70-41b6-ad89-0a338cf1de51,completed,2023-03-06 20:43:42.066461,,
1e21c12b-2122-470b-9bb3-c9c28741f89f,completed,2023-03-06 20:43:42.066461,,
1e23061a-90e5-4b31-985b-2aa76934b5ab,completed,2023-03-06 20:43:42.066461,,
1e23b674-d092-4267-b4ce-b2dffd7f09ec,completed,2023-03-06 20:43:42.066461,,
1e2c1d03-0003-46d2-8f9c-547669f80354,completed,2023-03-06 20:43:42.066461,,
1e2e9625-a6bb-427c-83f4-d63b17196763,completed,2023-03-06 20:43:42.066461,,
1e2f6b1e-0809-403a-9cf1-ecea499875bb,completed,2023-03-06 20:43:42.066461,,
1e3a589b-c12e-4cd6-95d2-da8f73c43330,completed,2023-03-06 20:43:42.066461,,
1e3f41e4-15df-4414-9653-95f479d5fa17,completed,2023-03-06 20:43:42.066461,X,
1e41a0e8-6e32-48af-8fe1-0fd97dcef89e,completed,2023-03-06 20:43:42.066461,,
1e476c69-c628-4605-bcf8-7664c8cdb550,completed,2023-03-06 20:43:42.066461,,
1e4c6b2e-d32a-45d6-937d-8a00b42ac799,completed,2023-03-06 20:43:42.066461,,
1e4fca32-459b-49e7-8ebb-b1e3080904f6,completed,2023-03-06 20:43:42.066461,,
1e541e3d-5fdb-4981-afba-852b85bd19f1,completed,2023-03-06 20:43:42.066461,,
1e654abe-19ca-436b-9b7d-a4d9d08330e9,completed,2023-03-06 20:43:42.066461,,
1e6b1f06-4d9d-4f9a-923d-b019f72260e7,completed,2023-03-06 20:43:42.066461,,
1e786753-aedf-4298-80f3-296f12bdd7ef,completed,2023-03-06 20:43:42.066461,,
1e7b9c45-6ac9-4e9e-9539-25c4d9ec8931,completed,2023-03-06 20:43:42.066461,,
1e7c629b-8e20-4ae2-b86b-2dcd7c1ba6e4,completed,2023-03-06 20:43:42.066461,,
1e813bf8-0101-4755-b695-3ac9ef405214,completed,2023-03-06 20:43:42.066461,,
1e81acda-547b-4079-9141-0a164e05a730,completed,2023-03-06 20:43:42.066461,,
1e8a041e-783a-4991-ad13-836a1405a9dd,completed,2023-03-06 20:43:42.066461,,
1e8a1227-b8d8-4dca-8cad-d2f3edaba382,completed,2023-03-06 20:43:42.066461,,
1e9018c8-5704-4281-91d9-ce359ca60714,completed,2023-03-06 20:43:42.066461,,
1e941e5b-369b-4597-a165-decd043d5870,completed,2023-03-06 20:43:42.066461,,
1e9c6eef-0aab-4db6-ab3e-33227afd0664,completed,2023-03-06 20:43:42.066461,,
1e9c7f00-342d-4310-9319-58a8f807054d,completed,2023-03-06 20:43:42.066461,,
1ea182e2-9191-45fa-9347-64d4ee4d3db5,completed,2023-03-06 20:43:42.066461,,
1ea4c81b-ef2b-4477-863b-5d2712ac1335,completed,2023-03-06 20:43:42.066461,,
1eaca7c0-5a4d-484a-b4c3-b4aeb40c7ab6,completed,2023-03-06 20:43:42.066461,,
1ec5f9ad-3cbf-4a86-a021-9b7265a8eaf8,completed,2023-03-06 20:43:42.066461,,
1ec93eb1-d7d2-4d92-8c02-3f8c70e90014,completed,2023-03-06 20:43:42.066461,,
1ed06883-ea8e-4d4d-a5dc-e8a7047751d1,completed,2023-03-06 20:43:42.066461,,
1ed65e91-3bef-458c-ba6b-65b06c28c3cb,completed,2023-03-06 20:43:42.066461,,
1ed6b929-75be-40b6-a517-6efdd71aee03,completed,2023-03-06 20:43:42.066461,,
1edb3023-65cc-493e-984f-871fc586fc2e,completed,2023-03-06 20:43:42.066461,,
1edc6476-e199-429c-a35f-04322cdd5d79,completed,2023-03-06 20:43:42.066461,,
1ee429d2-0a76-48ca-8574-113d57c1c106,completed,2023-03-06 20:43:42.066461,,
1ee6f801-f953-42d5-97ac-df07caf57d7f,completed,2023-03-06 20:43:42.066461,,
1ee9cbfa-a40e-40bc-8dba-11f6f6358d12,completed,2023-03-06 20:43:42.066461,,
1eea975a-9435-4f82-abdb-c7a76d3c1107,completed,2023-03-06 20:43:42.066461,,
1eeceac6-d9dc-4e7b-a82b-6d8e0f0685a7,completed,2023-03-06 20:43:42.066461,,X
1ef3aede-8eca-44a6-90ed-06a62ecb9fdc,completed,2023-03-06 20:43:42.066461,,
1ef575f2-5ecb-4179-bc80-8bf4b366f40a,completed,2023-03-06 20:43:42.066461,,
1ef6ab43-9cbf-4af6-8799-0bd9aec38aff,completed,2023-03-06 20:43:42.066461,X,
1f002d3a-2f8b-41d3-b98c-f7c85b0dae76,completed,2023-03-06 20:43:42.066461,,
1f03ab46-b890-4d31-a667-2f6d8df5b3bd,completed,2023-03-06 20:43:42.066461,,
1f053d63-9f1e-4ac9-bd25-4ae62f6c576f,completed,2023-03-06 20:43:42.066461,,
1f08d5de-0c5f-4303-b22a-ec4cdee4bd22,completed,2023-03-06 20:43:42.066461,,
1f10899a-1390-4a65-bf4e-28677ed91450,completed,2023-03-06 20:43:42.066461,,
1f1c9f89-7a77-4a1f-8ded-9aee9872aa28,completed,2023-03-06 20:43:42.066461,,
1f1ebbaa-d77f-422d-b66b-2187fa668022,completed,2023-03-06 20:43:42.066461,,
1f2d3fb3-0f6d-4778-8221-d38d5c13ad50,completed,2023-03-06 20:43:42.066461,,
1f30d1b6-d8af-44a1-8660-12b8722c3d67,completed,2023-03-06 20:43:42.066461,,
1f3128be-934e-4c66-94df-435956706a02,completed,2023-03-06 20:43:42.066461,,
1f34d089-5cfd-4fd4-b45d-ee9be9c8311f,completed,2023-03-06 20:43:42.066461,,
1f3844a5-d1b0-443e-8c74-25a7e7712604,completed,2023-03-06 20:43:42.066461,,
1f402c1c-f79e-4a18-bf3e-33c97e62b5f2,completed,2023-03-06 20:43:42.066461,,
1f417479-d90d-438c-94db-c465d2c5e45b,completed,2023-03-06 20:43:42.066461,,
1f4755e6-5597-40d1-80f5-1529b20dd1f9,completed,2023-03-06 20:43:42.066461,,
1f4a08bc-e98b-42c9-a1c6-c350665a1b89,completed,2023-03-06 20:43:42.066461,,
1f4a63cf-52ca-4e64-9ab3-9c9de0426a79,completed,2023-03-06 20:43:42.066461,,
1f4b230d-04e6-4069-8615-ff7c4fac41f4,completed,2023-03-06 20:43:42.066461,,
1f516f5e-60c2-423a-857e-93bdedef1a67,completed,2023-03-06 20:43:42.066461,,
1f5666da-1724-4fcb-83f2-7088c4442f26,completed,2023-03-06 20:43:42.066461,,
1f626fe6-1324-4b4a-a00c-acb991bbfabf,completed,2023-03-06 20:43:42.066461,,
1f718ee2-34a1-4d3c-9308-fbd37bbeb449,completed,2023-03-06 20:43:42.066461,,
1f72fc32-b268-4cc1-baa6-834f8f2b24fe,completed,2023-03-06 20:43:42.066461,,
1f759028-50d8-4b5b-8b0a-99da499870c1,completed,2023-03-06 20:43:42.066461,,
1f80aab8-90be-4b1b-9409-3625e7b9be23,completed,2023-03-06 20:43:42.066461,,
1f834976-d857-4959-b0b3-bf20306ad041,completed,2023-03-06 20:43:42.066461,,
1f8c3971-2c04-4e23-888c-a828c118c725,completed,2023-03-06 20:43:42.066461,,
1f8cce1b-9486-4d98-a4dc-7baca5f999a8,completed,2023-03-06 20:43:42.066461,,
1f958aa3-f7d8-4997-a31a-95287b405443,completed,2023-03-06 20:43:42.066461,,
1f971470-b322-48b1-9f65-030014fde6c4,completed,2023-03-06 20:43:42.066461,,
1f9d4315-7bd3-4d84-8c04-c2a3a713f32a,completed,2023-03-06 20:43:42.066461,,
1fa15e10-1594-40ad-ad77-995b31e22c0b,completed,2023-03-06 20:43:42.066461,,
1faf207a-55f4-4dab-a2d5-28fc01e707d6,completed,2023-03-06 20:43:42.066461,,
1fb2ee97-767b-407c-a3b3-ca5390b673b6,completed,2023-03-06 20:43:42.066461,,
1fb3d998-8656-4bb1-badf-dc2f41f2cca3,completed,2023-03-06 20:43:42.066461,,
1fc073e9-8791-4aa9-bcb9-fb7ecc28c7a0,completed,2023-03-06 20:43:42.066461,,
1fd7ed2f-4b90-456a-836b-60d3415f2830,completed,2023-03-06 20:43:42.066461,,
1fe6b6b1-711e-4633-bd6b-096d78949bbf,completed,2023-03-06 20:43:42.066461,,
1fec7851-c899-4806-afa1-aa0bc71d2a36,completed,2023-03-06 20:43:42.066461,,
1fedbe54-874c-4a57-8a0f-024b4367ede2,completed,2023-03-06 20:43:42.066461,,
1fff9af1-64cd-4e85-b1b1-472f537f37fe,completed,2023-03-06 20:43:42.066461,,
20033833-67e8-4631-bc4f-a42f46f31523,completed,2023-03-06 20:43:42.066461,,
200ba86c-32c9-437f-b645-6581a9cef1ff,completed,2023-03-06 20:43:42.066461,,
200bbcab-fe9c-4555-98c0-80b09b326ff4,completed,2023-03-06 20:43:42.066461,,
2011f91f-d8c9-4699-b940-6dd3a6b14ad1,completed,2023-03-06 20:43:42.066461,,
2013e010-b27a-4003-a095-d9337a631837,completed,2023-03-06 20:43:42.066461,,
20173824-5f7c-4d4e-9f73-38b57af2a44c,completed,2023-03-06 20:43:42.066461,,
20175160-f795-4023-8f2d-e3e250fc8a99,completed,2023-03-06 20:43:42.066461,,
20240617-0dfc-4e33-a31b-7950edb068e5,completed,2023-03-06 20:43:42.066461,,
202497c8-f4a6-4ed0-a55b-9d0033b6afe9,completed,2023-03-06 20:43:42.066461,,
20301c85-d197-441a-b29d-9af3f2aab135,completed,2023-03-06 20:43:42.066461,,
2031337e-63f1-4f48-9d5d-8250e26dd171,completed,2023-03-06 20:43:42.066461,,
20320522-0a9d-43e4-951b-12538f95b28e,completed,2023-03-06 20:43:42.066461,,
2035bede-e983-4089-ae8e-730b516dbdfb,completed,2023-03-06 20:43:42.066461,,
203af816-4cde-4b61-83a9-8661a006ac11,completed,2023-03-06 20:43:42.066461,,
20429651-a5ac-4680-8612-190872a8a22a,completed,2023-03-06 20:43:42.066461,,
20431429-2045-4066-b3d5-2954ee2b35e1,completed,2023-03-06 20:43:42.066461,,
204fbbb8-dd36-48fa-91a8-5eb4eaa9de1e,completed,2023-03-06 20:43:42.066461,,
205770ab-e5b3-43cd-829f-64341d22be6e,completed,2023-03-06 20:43:42.066461,,
205b8e2a-5f67-4efb-b754-88995135f413,completed,2023-03-06 20:43:42.066461,,
20638a48-0ebf-4a47-bb4f-310d603657c9,completed,2023-03-06 20:43:42.066461,,
2070deb6-e347-4a9e-b75a-bef68fe05fa3,completed,2023-03-06 20:43:42.066461,,
2070ea44-189a-452f-bbed-20a6c8d672fa,completed,2023-03-06 20:43:42.066461,X,
20780ab3-c48d-4c35-8bfe-bb430bcad287,completed,2023-03-06 20:43:42.066461,,
207bd5ed-8809-4d0a-9a96-3c21588c4301,completed,2023-03-06 20:43:42.066461,,
207df8c3-33b5-43dd-b819-7229c074afa2,completed,2023-03-06 20:43:42.066461,,
20808334-fc9a-487a-b454-c49aae049def,completed,2023-03-06 20:43:42.066461,,
20917303-4079-45cb-a855-54d1bf515886,completed,2023-03-06 20:43:42.066461,,
209b1d08-6374-4325-86dc-a7f7907b0c8b,completed,2023-03-06 20:43:42.066461,,
209eb960-e43d-4109-90a8-c8fea70c3c7e,completed,2023-03-06 20:43:42.066461,,
20a0a278-0eaa-4bda-838d-eb3f38f30a20,completed,2023-03-06 20:43:42.066461,,
20a0fc76-2d5e-48cb-a3c5-8f89b6548ee7,completed,2023-03-06 20:43:42.066461,,
20a9fb6c-bb8c-4c4f-9ac7-162ac279f486,completed,2023-03-06 20:43:42.066461,,
20ac878d-3d84-4d40-ac9a-71a8fb72427d,completed,2023-03-06 20:43:42.066461,,
20cbed5b-e506-4c58-8cc3-3154666a181d,completed,2023-03-06 20:43:42.066461,,
20cf00e6-3331-4581-aebb-90fe92adab62,completed,2023-03-06 20:43:42.066461,,
20d3532e-3133-438b-80ad-f8b323da494b,completed,2023-03-06 20:43:42.066461,,
20df46ba-fa76-4b77-880f-ba8a354794d9,completed,2023-03-06 20:43:42.066461,,
20e7d0d7-c9d2-42b4-abce-72f5f30655c5,completed,2023-03-06 20:43:42.066461,,
20e8e174-81a3-4162-8e4d-113635426fd1,completed,2023-03-06 20:43:42.066461,,
20eb7749-45c7-47a4-938d-4cc7bfa85266,completed,2023-03-06 20:43:42.066461,,
20fecfcd-cfb9-4ec4-955d-2985c4ff38f8,completed,2023-03-06 20:43:42.066461,,
210eacf8-5313-47c0-a061-240717ff202a,completed,2023-03-06 20:43:42.066461,,
2117062c-6204-464f-ba45-347b0a5628a1,completed,2023-03-06 20:43:42.066461,,
21192158-0eb8-4d82-8829-6b4a6f45787e,completed,2023-03-06 20:43:42.066461,,
21198e90-28a0-4287-b528-b4dd8ca5e243,completed,2023-03-06 20:43:42.066461,,
211d8fdd-1a83-4992-84a1-c8727408c063,completed,2023-03-06 20:43:42.066461,,
211eb59d-4454-4466-89ea-0bcf8bdad63f,completed,2023-03-06 20:43:42.066461,,
212ac02f-9c6d-46e3-9b63-0c3a9383f4d0,completed,2023-03-06 20:43:42.066461,,
212be4c7-faa0-4d15-870a-7b11a4b97da8,completed,2023-03-06 20:43:42.066461,,
2130ef83-161f-4b2c-8735-60a79e5ac2cf,completed,2023-03-06 20:43:42.066461,,
2131ece7-d625-42bf-879d-95275b65d9d5,completed,2023-03-06 20:43:42.066461,,
213a827c-c30d-47c2-8579-44a40257dbaf,completed,2023-03-06 20:43:42.066461,,
2151325f-87a7-4d36-a5f8-2133679d379f,completed,2023-03-06 20:43:42.066461,X,
21577bb1-baec-4f9f-9e67-3dd3a5ef4ee1,completed,2023-03-06 20:43:42.066461,,
216ac93e-4a20-4b15-af4e-fe6e154ab570,completed,2023-03-06 20:43:42.066461,,
216c95e4-ea02-4211-afa5-5d6ec22f8e37,completed,2023-03-06 20:43:42.066461,,
216ecbb2-2ac4-460e-b941-3dea127d0d66,completed,2023-03-06 20:43:42.066461,,
21739802-4814-4fca-8d24-41cb8919569c,completed,2023-03-06 20:43:42.066461,,
2180ac5b-f379-46c1-864c-cb15dffddff8,completed,2023-03-06 20:43:42.066461,,
218ab6c0-4799-42e6-951a-ea0fde8a8680,completed,2023-03-06 20:43:42.066461,,
218dc4be-1519-4299-a143-aa95facc239d,completed,2023-03-06 20:43:42.066461,,
21921193-2260-4038-bbe9-a43f38f0a57a,completed,2023-03-06 20:43:42.066461,,
2199309b-1a1a-4439-865c-12dc243bdf38,completed,2023-03-06 20:43:42.066461,,
21a3a3f2-3206-4370-9ea3-815eb6fdab41,completed,2023-03-06 20:43:42.066461,,
21b3178e-5051-4645-8020-cb9a72063da4,completed,2023-03-06 20:43:42.066461,,
21b38f49-ee6a-464c-95dc-b5ee057429a2,completed,2023-03-06 20:43:42.066461,,
21b6b724-16de-4b09-8885-1dd11df88564,completed,2023-03-06 20:43:42.066461,,
21b6e641-d329-4f49-a755-f50b301b81de,completed,2023-03-06 20:43:42.066461,,
21d83e8d-4833-4df2-9e90-afa269e241fc,completed,2023-03-06 20:43:42.066461,,
21d8b4f8-0b3c-49d4-884a-c5d3e9d5acda,completed,2023-03-06 20:43:42.066461,,
21e9ead0-60d4-4be9-8c53-5ac0916edd40,completed,2023-03-06 20:43:42.066461,,
21f12082-202f-4721-9662-3e10cf7a3605,completed,2023-03-06 20:43:42.066461,,
21faba0a-6e02-4750-ad48-1008f5387f29,completed,2023-03-06 20:43:42.066461,,
2203f65c-af79-4918-9708-2226f4afe838,completed,2023-03-06 20:43:42.066461,,
2209170f-f1a1-467b-8f77-338c54c877a2,completed,2023-03-06 20:43:42.066461,,
220a0324-9ff4-4e44-819d-1786310f1ce7,completed,2023-03-06 20:43:42.066461,,
220ad99c-fb16-4490-a509-9e7b916580a8,completed,2023-03-06 20:43:42.066461,,
220b3fad-8e14-44a9-938f-5647f6620b21,completed,2023-03-06 20:43:42.066461,,
221cc13d-f8b9-4ae7-9d0b-60be700522f9,completed,2023-03-06 20:43:42.066461,,
222a686d-ed0f-4b36-8092-9de34c514421,completed,2023-03-06 20:43:42.066461,,
222c2469-fd61-450a-b5e0-2bb7d4f37ac5,completed,2023-03-06 20:43:42.066461,,
222f77f0-fb00-478f-b9eb-8ef4417025a0,completed,2023-03-06 20:43:42.066461,,
22332ae4-009f-4c82-802f-ef68ac24d11c,completed,2023-03-06 20:43:42.066461,,
223373bb-8554-4091-ae73-ace340c52573,completed,2023-03-06 20:43:42.066461,,
223ab738-1c2c-4980-8c99-4d06661ec666,completed,2023-03-06 20:43:42.066461,,
223f75a3-9c05-4136-8abf-20872b7c3614,completed,2023-03-06 20:43:42.066461,,
22515888-2a8a-4b2f-bdc6-181c74ca815e,completed,2023-03-06 20:43:42.066461,,
2257c0e2-29a5-4348-8694-fac73fdb6ea6,completed,2023-03-06 20:43:42.066461,,
225d1b2a-3121-4c24-a277-6722da4be138,completed,2023-03-06 20:43:42.066461,,
2262748c-bf87-4b1d-9005-0852d7c3d44d,completed,2023-03-06 20:43:42.066461,,
2268740a-a10c-4f98-898c-2cd3a266bd45,completed,2023-03-06 20:43:42.066461,,
226c2729-7b3b-4270-9833-89baab7cba4e,completed,2023-03-06 20:43:42.066461,,
226f1b82-f4e5-4ec0-a0d9-2353803e86a3,completed,2023-03-06 20:43:42.066461,,
227759bc-afa0-4cb0-859c-a87c4721ef81,completed,2023-03-06 20:43:42.066461,,
227acf97-5b7c-43e1-9324-c1a30eeb1523,completed,2023-03-06 20:43:42.066461,,
227fcf20-2c5d-4020-968f-f82d5a3572bf,completed,2023-03-06 20:43:42.066461,,
22802818-40b3-4c00-9436-3bb48d3b1022,completed,2023-03-06 20:43:42.066461,,
228256de-266c-46ec-923c-308d182ad418,completed,2023-03-06 20:43:42.066461,,
22850dc6-1edb-4146-b831-aacabcb256d6,completed,2023-03-06 20:43:42.066461,,
228f1650-e29c-40ba-8d64-04cba7137083,completed,2023-03-06 20:43:42.066461,,
229e4cdf-2f28-465b-8297-c4a97bc2eabc,completed,2023-03-06 20:43:42.066461,,
22a024f0-71ae-406a-a12f-74e8ef112e54,completed,2023-03-06 20:43:42.066461,,
22a145f6-8356-477f-b531-dfc1ab1afa6f,completed,2023-03-06 20:43:42.066461,,
22a2d5ff-b12b-4a11-a3d1-c206430593df,completed,2023-03-06 20:43:42.066461,,
22b5ca6c-332c-43a6-adfa-434c5bf5c153,completed,2023-03-06 20:43:42.066461,,
22bccfb3-d547-4e65-94d8-135166b8bdf7,completed,2023-03-06 20:43:42.066461,,
22c23854-9fd0-40f6-9921-eb26f7d0a019,completed,2023-03-06 20:43:42.066461,,
22c48fb4-4bfb-4259-9c30-789b7a8d3081,completed,2023-03-06 20:43:42.066461,,
22c553d6-31a4-418e-a1fe-31882f7ea276,completed,2023-03-06 20:43:42.066461,,
22c7ecd3-04a6-4926-814d-336b4f920891,completed,2023-03-06 20:43:42.066461,,
22d7bf8f-80eb-493a-bb2f-7eed8867087a,completed,2023-03-06 20:43:42.066461,,
22decadd-cdce-4ca6-bc0a-b3acaddd8ce1,completed,2023-03-06 20:43:42.066461,,
22e4f72b-0914-43c2-b5ee-3b7cddd5e71a,completed,2023-03-06 20:43:42.066461,,
22ec5a99-4e2d-4d84-857a-79839f8d9365,completed,2023-03-06 20:43:42.066461,,
22eef289-c35c-4918-8e89-31470ff6e96a,completed,2023-03-06 20:43:42.066461,,
22f23551-a54c-49f6-8430-1095860f0de8,completed,2023-03-06 20:43:42.066461,,
22f4b72b-9731-406c-9335-1e35fe448311,completed,2023-03-06 20:43:42.066461,,
22f7f0db-cb1d-4082-9787-4b18afdf627f,completed,2023-03-06 20:43:42.066461,,
22f82ca7-f770-431f-b9c5-bfe846170011,completed,2023-03-06 20:43:42.066461,,
22f8adad-27f1-40d1-a7e4-358c88b17666,completed,2023-03-06 20:43:42.066461,,
22f8d8b4-6478-47f4-81d2-081a382bb3aa,completed,2023-03-06 20:43:42.066461,,
22facc5a-a5a3-4236-a8a9-0bff2299b56b,completed,2023-03-06 20:43:42.066461,,
22fe98e8-5a83-4a0c-88fe-3d5eb3c6609e,completed,2023-03-06 20:43:42.066461,,
230a51f7-b3b6-4fe8-88f1-7d4cba3f0dd4,completed,2023-03-06 20:43:42.066461,,
233150c8-af9a-4c16-85e4-93ecab0f31f6,completed,2023-03-06 20:43:42.066461,,
23327716-db82-4797-9d37-7b8552e2c95c,completed,2023-03-06 20:43:42.066461,,
2333b78a-6316-4df7-81b8-8069fe0d9ec1,completed,2023-03-06 20:43:42.066461,,
2342a2f4-cce0-4ed6-917e-e4f723f6b5e5,completed,2023-03-06 20:43:42.066461,,
2342aca4-a2c3-44d0-8966-12b8d5e23295,completed,2023-03-06 20:43:42.066461,,
23430b89-e4a2-42cf-866c-b62c31e96c57,completed,2023-03-06 20:43:42.066461,,
2345953b-c4f1-4fdb-a7bb-10a506008f4d,completed,2023-03-06 20:43:42.066461,,
2348776c-f9d1-4f89-a437-700387f5bc78,completed,2023-03-06 20:43:42.066461,,
234c37e5-bfc4-42e4-ba5d-c8ec4a92d890,completed,2023-03-06 20:43:42.066461,,
234cebd4-3cd7-42ed-a304-22832c111b26,completed,2023-03-06 20:43:42.066461,,
235aab57-49c9-4e8e-86f3-f57336a6c7e2,completed,2023-03-06 20:43:42.066461,,
23643fd1-29c1-416c-8104-d3b18973aee5,completed,2023-03-06 20:43:42.066461,,
2366a8ef-9e89-4ac9-b62e-f82085e0b8c4,completed,2023-03-06 20:43:42.066461,,
236a6b09-6d4a-4c74-a38c-cc3f9aabc165,completed,2023-03-06 20:43:42.066461,,
2372dce1-e2e7-45fa-808f-aee5609f2a52,completed,2023-03-06 20:43:42.066461,,
2377940f-910c-428f-90a4-805cb9746f84,completed,2023-03-06 20:43:42.066461,,
237e825e-8fa6-4539-885d-fadc4f6edcb0,completed,2023-03-06 20:43:42.066461,,
23947b77-1e1a-472c-901b-ac6238ae5f25,completed,2023-03-06 20:43:42.066461,,
239ce0ca-1c3a-4cec-9fb0-331065996c82,completed,2023-03-06 20:43:42.066461,,
239e783c-3741-4b32-85a3-e8b2a39a402c,completed,2023-03-06 20:43:42.066461,,
23a65ec7-ceb1-488f-be8e-5576305b000c,completed,2023-03-06 20:43:42.066461,,
23a7f272-71a8-4cb2-b680-f94b43fa3efc,completed,2023-03-06 20:43:42.066461,,
23badbce-e81c-4f10-969c-c65a6366675f,completed,2023-03-06 20:43:42.066461,,
23c03e32-b2a8-440e-879a-b0b384c544cd,completed,2023-03-06 20:43:42.066461,,
23c296de-ecdc-457f-81b2-5a029cfb9152,completed,2023-03-06 20:43:42.066461,,
23c8937d-4265-4ea8-982e-f1ed46f9fb2a,completed,2023-03-06 20:43:42.066461,,
23d5d235-aff6-45d6-9ddd-d859a6563aae,completed,2023-03-06 20:43:42.066461,,
23e30fa1-ea30-4800-b544-01e7da8313e7,completed,2023-03-06 20:43:42.066461,,
23e33668-8280-4b32-993a-66d33347ef08,completed,2023-03-06 20:43:42.066461,,
23e7ddc8-8dcd-4525-9a21-bdfd8b0549ff,completed,2023-03-06 20:43:42.066461,,
23fb7adb-028e-41a3-a1ff-06b2ff9915c9,completed,2023-03-06 20:43:42.066461,,
23fc6d1e-a8bd-46a7-ac54-880bcfb482d2,completed,2023-03-06 20:43:42.066461,,
23ffda91-00e0-41b5-8444-6bf1969899ed,completed,2023-03-06 20:43:42.066461,,
241a243d-de87-4b55-af7e-3d56b21d07ed,completed,2023-03-06 20:43:42.066461,,
2425f9b4-8fff-48d8-aad2-528c7633a0d7,completed,2023-03-06 20:43:42.066461,,
24286996-1a6e-42bb-9f5e-d09116a28d03,completed,2023-03-06 20:43:42.066461,,
2428f885-5719-48b9-a207-f30fcabe8fd2,completed,2023-03-06 20:43:42.066461,,
242952f0-47b3-492c-b8de-71af94c502c1,completed,2023-03-06 20:43:42.066461,,
24313afb-d34f-4525-9ece-19e14b0343cd,completed,2023-03-06 20:43:42.066461,,
24319187-7101-4498-bfb1-58cd6ecd4b41,completed,2023-03-06 20:43:42.066461,,
243a0c9b-1449-4994-8d3c-dd7202eefee4,completed,2023-03-06 20:43:42.066461,,
243bca54-7dea-41ca-b8be-2bbef6c31233,completed,2023-03-06 20:43:42.066461,,
24420054-91f8-4bd0-8f9c-8e79b6605a0a,completed,2023-03-06 20:43:42.066461,,
2444ebaf-1347-4938-9733-90e3a844eff9,completed,2023-03-06 20:43:42.066461,,
244b43de-1d3a-4d08-ab4e-820ce7412293,completed,2023-03-06 20:43:42.066461,,
244b92ae-43ab-4bdf-9293-14d356880e46,completed,2023-03-06 20:43:42.066461,,
244bd0f8-37a7-4564-80ae-159c07373cbb,completed,2023-03-06 20:43:42.066461,,
244c3b6b-451a-46f2-8830-5d4a8ee3f959,completed,2023-03-06 20:43:42.066461,,
2453ebc4-3e2a-4d1b-a39b-373a19e08f1e,completed,2023-03-06 20:43:42.066461,,
245849f5-41ea-407f-80c4-e5cbb57656e0,completed,2023-03-06 20:43:42.066461,,
245d3b71-95ca-4010-b292-ce6a50bce264,completed,2023-03-06 20:43:42.066461,,
246aef89-5654-4d55-997a-61aa51a9ab28,completed,2023-03-06 20:43:42.066461,,
246b6f92-899f-4fa9-a31d-f0c6251df0a5,completed,2023-03-06 20:43:42.066461,,
24719d76-24f1-4ad1-b7d1-68d2e702f2c5,completed,2023-03-06 20:43:42.066461,,
2477e6a0-5c0a-4303-80e2-671d192faa47,completed,2023-03-06 20:43:42.066461,,
247a212c-f86d-4bf8-b8f4-4a1e483562e7,completed,2023-03-06 20:43:42.066461,,
2482438c-0738-471d-815b-ca694f320736,completed,2023-03-06 20:43:42.066461,,
249d3978-cce9-48a1-a178-116213ad6b9d,completed,2023-03-06 20:43:42.066461,,
24a54ffd-c263-4df7-a279-6d6741b12dce,completed,2023-03-06 20:43:42.066461,,
24af90ab-8d0d-4526-83f6-dad1f7c94b1e,completed,2023-03-06 20:43:42.066461,,
24b7ac90-6bc7-41f2-a2ad-428616f872c3,completed,2023-03-06 20:43:42.066461,,
24ba6148-b07d-46dd-afa3-6c584933eecb,completed,2023-03-06 20:43:42.066461,,
24bb4d60-d72d-42ef-a27e-f105294f64bc,completed,2023-03-06 20:43:42.066461,,
24c2ec79-f731-4dc3-8482-44a0c678c672,completed,2023-03-06 20:43:42.066461,,
24c68100-4139-45ea-8919-d2d0507b9b31,completed,2023-03-06 20:43:42.066461,,
24c73ae1-49ac-4879-b8e3-c2f50cb00bde,completed,2023-03-06 20:43:42.066461,,
24db81ac-5316-4475-91c6-6b5062f9845b,completed,2023-03-06 20:43:42.066461,,
24e68774-03cb-49da-b22b-e949a313414b,completed,2023-03-06 20:43:42.066461,,
24e69bc7-96aa-4c9e-a3f5-448a347a56ed,completed,2023-03-06 20:43:42.066461,,
24eaad86-9f17-498e-b894-ac144970359d,completed,2023-03-06 20:43:42.066461,,
25049963-641a-49d8-a428-70082726aed2,completed,2023-03-06 20:43:42.066461,,
25072031-03b5-4fa1-ba35-7e24015e409b,completed,2023-03-06 20:43:42.066461,,
250ae383-acba-4085-b456-31fc437fd702,completed,2023-03-06 20:43:42.066461,,
250d3e8b-c4cb-46ff-b3b6-e977b89ce19d,completed,2023-03-06 20:43:42.066461,,
250ed006-999e-449b-8e0a-6713735c108e,completed,2023-03-06 20:43:42.066461,,
251040a7-3767-4c86-8b06-422192247a2e,completed,2023-03-06 20:43:42.066461,,
2511703c-c03e-456f-8df6-53e96fe98ffc,completed,2023-03-06 20:43:42.066461,,
251bb3e3-918e-4271-98b7-2aec43290e02,completed,2023-03-06 20:43:42.066461,,
252bda28-a863-4d0a-8f74-c6631a77ed1f,completed,2023-03-06 20:43:42.066461,,
252da2dc-44e9-4410-afc5-18f9c8f2644d,completed,2023-03-06 20:43:42.066461,,
253070a9-7d58-4a19-97c9-278e29889675,completed,2023-03-06 20:43:42.066461,,
25325875-1230-47c7-b8db-339f5f6b78df,completed,2023-03-06 20:43:42.066461,,
2535f7ee-05b3-468f-90f3-f443dad07c8f,completed,2023-03-06 20:43:42.066461,,
2539c6d6-1ed8-4398-a1f8-decfd1a7ee04,completed,2023-03-06 20:43:42.066461,,
253a053b-4207-439e-90a4-22c934fde03d,completed,2023-03-06 20:43:42.066461,,
253b0758-26e3-46ec-96fb-497fac4c5c54,completed,2023-03-06 20:43:42.066461,,
253e3352-d746-40bc-a54d-a03f4dd6da92,completed,2023-03-06 20:43:42.066461,,
2548dc01-0803-40ba-a0e5-18c1c5d4eb34,completed,2023-03-06 20:43:42.066461,,
254b169f-bc72-483d-af96-21961359d61f,completed,2023-03-06 20:43:42.066461,,
254fc50b-16f6-4fc9-9a8b-18a90082d819,completed,2023-03-06 20:43:42.066461,,
255b2fb7-5168-479f-985f-d4c61281c188,completed,2023-03-06 20:43:42.066461,,
255e9c8c-00d9-4fd5-9d60-389a63662b5b,completed,2023-03-06 20:43:42.066461,,
25614f49-5e85-4dea-8ba6-c1313bdbe7b9,completed,2023-03-06 20:43:42.066461,,
256c9d88-4056-47ea-8381-71dc3545daac,completed,2023-03-06 20:43:42.066461,,
2573ac49-fa3b-47f9-bb17-545c733538b0,completed,2023-03-06 20:43:42.066461,,
2573eddf-4d53-4d9b-acf3-6eac360de72b,completed,2023-03-06 20:43:42.066461,,
25758955-1287-4a1e-aea0-9c1430d936ad,completed,2023-03-06 20:43:42.066461,,
257c0c10-82fb-4bf7-bb05-82ec07f6d626,completed,2023-03-06 20:43:42.066461,,
258632f6-ce4b-481f-a2af-3f1c5613d647,completed,2023-03-06 20:43:42.066461,,
2590274c-0b98-44ea-bcb4-d52c4a4fa26a,completed,2023-03-06 20:43:42.066461,,
25a83184-6e5a-49af-84d5-f7ae7bc23428,completed,2023-03-06 20:43:42.066461,,
25b00d78-9d74-4ac2-9e6c-9a7f5b922ee2,completed,2023-03-06 20:43:42.066461,,
25ba0366-5089-4cc1-8688-f09de66b2044,completed,2023-03-06 20:43:42.066461,X,
25c240b0-6c40-44fa-bbcf-9a204ae48a66,completed,2023-03-06 20:43:42.066461,,
25d68517-538b-4d86-8d86-39bb9584e93a,completed,2023-03-06 20:43:42.066461,,
25dcae99-8845-4bcf-b702-60c14d134a84,completed,2023-03-06 20:43:42.066461,,
25e32985-bba7-4e89-8622-972f355058e1,completed,2023-03-06 20:43:42.066461,,
25e48eea-2647-4252-b104-ec496de96274,completed,2023-03-06 20:43:42.066461,,
25ee986f-6822-455d-bcf4-b33ae0027e2a,completed,2023-03-06 20:43:42.066461,,
25fa535a-f0d1-4d4e-be54-5a43a675afd4,completed,2023-03-06 20:43:42.066461,,
26085920-bda0-4a9f-8034-f73459be8901,completed,2023-03-06 20:43:42.066461,,
26109b85-8dc1-433f-bcda-f491daf38867,completed,2023-03-06 20:43:42.066461,,
2611cf0f-4a2a-4e2b-8476-5d669c190f8c,completed,2023-03-06 20:43:42.066461,,
26124e70-096d-4b37-a4f9-41278efc24d0,completed,2023-03-06 20:43:42.066461,,
262a9a8a-817b-4a82-bceb-8219961b1c69,completed,2023-03-06 20:43:42.066461,,
262ace93-d0fd-47dc-9f06-90312f062515,completed,2023-03-06 20:43:42.066461,,
262d09ea-d909-485b-9b14-67757088ebff,completed,2023-03-06 20:43:42.066461,,
2638d6c9-8bd9-4a9d-a595-4c263c8dd0c0,completed,2023-03-06 20:43:42.066461,,
2650f155-2ecc-4f22-888c-168304a1665c,completed,2023-03-06 20:43:42.066461,,
265a411f-56ac-4608-88ef-980487f610a1,completed,2023-03-06 20:43:42.066461,,
265a88f9-715f-4d8a-8e3e-6c372152680a,completed,2023-03-06 20:43:42.066461,,
2662733a-6170-47f2-b2be-c77c8a4d584c,completed,2023-03-06 20:43:42.066461,,
2664ae5e-62a4-421b-acce-a8dc2ba54693,completed,2023-03-06 20:43:42.066461,,
266d9e0e-c3d0-45a8-91f0-0ebe22e58f55,completed,2023-03-06 20:43:42.066461,,
26712633-c52b-4530-9c1c-1c751536b233,completed,2023-03-06 20:43:42.066461,,
269e1e5b-c1a3-4e77-bf3e-4fd0e86bc7b3,completed,2023-03-06 20:43:42.066461,,
26a00a7f-506d-4d96-8366-e694cfc371bb,completed,2023-03-06 20:43:42.066461,,
26a6d3fd-f35b-4fe1-8c84-63ed932642ca,completed,2023-03-06 20:43:42.066461,,X
26ae3ec6-e0f2-401e-ba7f-b742ea81c2ee,completed,2023-03-06 20:43:42.066461,,
26afbb00-e8de-4f5d-a838-ff0f72b04bca,completed,2023-03-06 20:43:42.066461,,
26b270e5-4cfc-44ac-b5f9-3395c1fe98b9,completed,2023-03-06 20:43:42.066461,,
26c2c1ea-fb02-417a-848c-41dc327cda08,completed,2023-03-06 20:43:42.066461,,
26c68c62-a986-45d2-b4a5-96c34441bf0c,completed,2023-03-06 20:43:42.066461,,
26cc735c-6ea8-4dde-8473-928096700e03,completed,2023-03-06 20:43:42.066461,,
26cd8328-16e3-42a2-8e84-21a9690ace1b,completed,2023-03-06 20:43:42.066461,,
26e42fc9-6ee3-42a2-92be-36733e26a642,completed,2023-03-06 20:43:42.066461,,
26e7bbf6-f358-4549-82de-382e3848b969,completed,2023-03-06 20:43:42.066461,,
26f1ffbd-0c9f-4c3d-b273-34bc1985cec8,completed,2023-03-06 20:43:42.066461,,
26f52986-2975-4a52-acd8-204d0cb7317e,completed,2023-03-06 20:43:42.066461,,
270c3997-550d-455f-bcfe-6e2682607d28,completed,2023-03-06 20:43:42.066461,,
2710238d-8b62-4598-aeef-d64e03d8052a,completed,2023-03-06 20:43:42.066461,,
2713f4b3-99f9-44be-a8c7-c33d68de9a2c,completed,2023-03-06 20:43:42.066461,,
271585bd-b9d2-44a2-990e-273b7b57f693,completed,2023-03-06 20:43:42.066461,,
271898fa-e9e5-4ace-be86-d43e3b59cace,completed,2023-03-06 20:43:42.066461,,
272ad50d-85aa-4e3b-8c81-8f5623eecf60,completed,2023-03-06 20:43:42.066461,,
27336de2-3a92-4105-876e-a37151a28747,completed,2023-03-06 20:43:42.066461,,
2736f297-b1f7-4d43-9c4f-5d0d5cffd7ba,completed,2023-03-06 20:43:42.066461,,
2751c231-84e8-42d6-bbdf-2cd41129ff35,completed,2023-03-06 20:43:42.066461,,
2753423d-9cce-4238-bc52-b3f67e4a519e,completed,2023-03-06 20:43:42.066461,,
27567c57-425d-4fa1-bc07-a844bb349049,completed,2023-03-06 20:43:42.066461,,
2758918c-7819-491a-8b4b-3305f405cb0b,completed,2023-03-06 20:43:42.066461,,
2758d9db-d481-4ac0-86f7-49a67a76e6dd,completed,2023-03-06 20:43:42.066461,,
27612517-2a6d-4779-9ef5-69d8255204b1,completed,2023-03-06 20:43:42.066461,,
276b6c52-0cad-497b-988f-ecc61022957d,completed,2023-03-06 20:43:42.066461,,
27769ede-1a91-46f6-b5af-25a8625b36e6,completed,2023-03-06 20:43:42.066461,,
277bf137-d320-4fd0-a596-3bbed7a7307c,completed,2023-03-06 20:43:42.066461,,
277e2be6-5087-40bb-a677-065e0261ca09,completed,2023-03-06 20:43:42.066461,,
27824ce7-81b6-4e36-9747-78b8e1e8b7e3,completed,2023-03-06 20:43:42.066461,,
2784f81d-f47a-4b72-bfe8-24ec147d2ac3,completed,2023-03-06 20:43:42.066461,,
2787a0d1-fb28-41c7-9e61-a98c096bbcf9,completed,2023-03-06 20:43:42.066461,,
2789c9aa-c3ae-4dfe-ab50-c7318a9c6704,completed,2023-03-06 20:43:42.066461,,
278ca9f6-80ac-4c79-ac92-0d1e709cefb9,completed,2023-03-06 20:43:42.066461,,
278cc7c8-32bb-4922-b2c3-45f645cbe08b,completed,2023-03-06 20:43:42.066461,,
278f6910-802b-43bf-b3e3-2c1e7c7eb878,completed,2023-03-06 20:43:42.066461,,
278f7b9e-cbba-4918-b7f2-a88b900419ab,completed,2023-03-06 20:43:42.066461,,
278fe31b-5984-4d19-b1b4-4dab04b46492,completed,2023-03-06 20:43:42.066461,,
27922c5a-791c-4cb9-8e8e-56efa7b1c3c0,completed,2023-03-06 20:43:42.066461,,
2793d80c-4a81-4bd1-933f-04d01dbcc1a6,completed,2023-03-06 20:43:42.066461,,
279430f1-55ef-4116-a3b9-356bcc6acb13,completed,2023-03-06 20:43:42.066461,,
279603f8-f992-4bc0-81b6-c50f7481946a,completed,2023-03-06 20:43:42.066461,,
27b80038-5be3-4ba5-92d7-bb4042607f8e,completed,2023-03-06 20:43:42.066461,,
27c219eb-5c23-4789-bf00-4c608faf29e2,completed,2023-03-06 20:43:42.066461,,
27d02322-b4ff-4222-9edf-a65623e3c111,completed,2023-03-06 20:43:42.066461,,
27d08325-fc93-4ed7-98b6-f7936c9884a2,completed,2023-03-06 20:43:42.066461,,
27d3d570-c838-4548-87be-5e60604af9f7,completed,2023-03-06 20:43:42.066461,,
27de31eb-1021-46d3-98ac-c2f5246dc5df,completed,2023-03-06 20:43:42.066461,,
27df9be1-ba75-4ca9-89f0-7be8ac09f5a7,completed,2023-03-06 20:43:42.066461,,
27e11a03-d503-41d2-b9de-300138d5da50,completed,2023-03-06 20:43:42.066461,,
27e17b0d-3104-444f-aad0-1eebe6cc92e2,completed,2023-03-06 20:43:42.066461,,
27e485e7-2945-453b-887a-fc0c2e7da917,completed,2023-03-06 20:43:42.066461,,
27e760c5-f558-4f28-8454-792857d8be39,completed,2023-03-06 20:43:42.066461,,
27e8ab0b-378f-4401-acfd-20a57bd2f933,completed,2023-03-06 20:43:42.066461,,
2809aecb-d65c-40a3-aeed-88495a19841d,completed,2023-03-06 20:43:42.066461,,
280a2c17-9c40-406c-83df-1a3455633088,completed,2023-03-06 20:43:42.066461,,
280e10d7-6727-42f3-811a-96900b71aa5f,completed,2023-03-06 20:43:42.066461,,
2817868f-67be-4d4e-be98-e66ed74c3e30,completed,2023-03-06 20:43:42.066461,,
28266a12-124c-4de5-946c-5e1b70bf946f,completed,2023-03-06 20:43:42.066461,,
2828ad84-9830-4b86-861c-3fc5a223bbda,completed,2023-03-06 20:43:42.066461,,
282a3f8b-45b8-430f-90fa-13ef7045d4e3,completed,2023-03-06 20:43:42.066461,,
282df969-09c5-471a-848a-4a47d904539e,completed,2023-03-06 20:43:42.066461,,
2832d054-4286-438b-84f5-9b20aa369858,completed,2023-03-06 20:43:42.066461,,
2836d6bd-ded6-439c-a3eb-b3804ca2aa3b,completed,2023-03-06 20:43:42.066461,,
28396886-eb50-42aa-bd8e-ca18946abb52,completed,2023-03-06 20:43:42.066461,,
28446071-bf5d-4b4a-b840-40f621d47a0d,completed,2023-03-06 20:43:42.066461,,
2844cb86-fc05-43cd-bbb8-0df6b9364b7d,completed,2023-03-06 20:43:42.066461,,
284aedd8-4945-459d-b85d-fb9a8be11c72,completed,2023-03-06 20:43:42.066461,,
284e5864-c55c-457c-bb58-8f0e7ccbc6ff,completed,2023-03-06 20:43:42.066461,,
285214e4-8815-44ad-89cc-23964b6bef75,completed,2023-03-06 20:43:42.066461,,
2854d203-2dd3-4a5d-9a82-3bc4b04858df,completed,2023-03-06 20:43:42.066461,,
285743f4-3732-4498-b253-ce3d8d32137a,completed,2023-03-06 20:43:42.066461,,
2864438e-7d72-4e1f-b936-5c1cde5d45cf,completed,2023-03-06 20:43:42.066461,,
28647f95-91b4-4a9f-bca1-ee22ef4e3fb5,completed,2023-03-06 20:43:42.066461,,
286a58c6-c959-4b62-a8db-5033a9a1db10,completed,2023-03-06 20:43:42.066461,,
286c3e05-8f32-4d55-aec2-9ebe40950a6b,completed,2023-03-06 20:43:42.066461,,
286c5e47-4b4e-4aa5-8b94-3084b11e5e3a,completed,2023-03-06 20:43:42.066461,,
28706d5e-c0fe-4927-94a0-0d10b9718ed1,completed,2023-03-06 20:43:42.066461,,
2881ed21-30c5-443b-9aa3-8ee0b6407582,completed,2023-03-06 20:43:42.066461,,
288633d7-1462-4b12-b05d-d2766d2dec70,completed,2023-03-06 20:43:42.066461,,
2891de8a-8ec5-4947-befa-551587b74b4f,completed,2023-03-06 20:43:42.066461,,
2897f54f-3e75-4337-bf9b-595ce3535cff,completed,2023-03-06 20:43:42.066461,,
28a0a518-a28d-4cbb-ba1d-b80476e2db07,completed,2023-03-06 20:43:42.066461,,
28a0ce27-941c-4e6e-8133-386d34b2235a,completed,2023-03-06 20:43:42.066461,,
28a7d59d-9a5c-4c71-8852-a766a7e25e69,completed,2023-03-06 20:43:42.066461,,
28abe6c5-381f-44a3-87d2-7d8bf4ec8c29,completed,2023-03-06 20:43:42.066461,,
28bc9aa3-1c72-436d-8ae4-bd5861b4bfc7,completed,2023-03-06 20:43:42.066461,,
28c480fb-c01a-460f-89bc-f59b43e20966,completed,2023-03-06 20:43:42.066461,,
28c632ba-33c8-4f78-8416-8d1195bb75d0,completed,2023-03-06 20:43:42.066461,,
28ca9e47-6a13-4129-b3a4-740001928f38,completed,2023-03-06 20:43:42.066461,,
28cddeb0-7114-4431-a975-3b71a3e7ad20,completed,2023-03-06 20:43:42.066461,,
28e0c25d-9d50-4ded-a59c-401e6e5917a7,completed,2023-03-06 20:43:42.066461,,
28e416e5-c89c-4c96-afaa-c09648cc252b,completed,2023-03-06 20:43:42.066461,,
28e668a0-20b5-46c7-99f6-6787dce82b74,completed,2023-03-06 20:43:42.066461,,
28e82908-fa3f-4b1d-8748-29dfec5d75fa,completed,2023-03-06 20:43:42.066461,,
28ecdf82-72f3-4326-b98a-b92bd57ede80,completed,2023-03-06 20:43:42.066461,,
28ed130a-e2bd-4eeb-a729-1460739aaa5e,completed,2023-03-06 20:43:42.066461,,
28f1104a-2577-4322-81cc-b5963c338953,completed,2023-03-06 20:43:42.066461,,
28f51c6a-e283-4c56-9b03-c05b8de0e047,completed,2023-03-06 20:43:42.066461,,
28f53a97-acb1-4066-b101-8793261538fd,completed,2023-03-06 20:43:42.066461,,
28fdac98-cb64-48c4-b52e-326f9fde2831,completed,2023-03-06 20:43:42.066461,,
29022efd-b93b-411f-a2f7-b589ed8a4239,completed,2023-03-06 20:43:42.066461,,
290b767e-6d9d-408d-bdf3-53b1bcf73fbd,completed,2023-03-06 20:43:42.066461,,
290f01c2-5cc5-4bf7-991c-c125be42bac3,completed,2023-03-06 20:43:42.066461,,
2917dca7-b3ce-4d1b-b1d4-2b41debf6dfd,completed,2023-03-06 20:43:42.066461,X,
29225653-e6fd-443d-96f0-91c5c26eeb07,completed,2023-03-06 20:43:42.066461,,
2927a6b0-cbf7-41c7-85ab-ac434be86f4d,completed,2023-03-06 20:43:42.066461,,
2933e5b4-066c-41ed-9d59-0c2e4f9b502c,completed,2023-03-06 20:43:42.066461,,
29409043-c187-4fa6-92c4-75a08d1e5245,completed,2023-03-06 20:43:42.066461,,
294d44b0-d7dc-4760-8a51-4b71436f88f7,completed,2023-03-06 20:43:42.066461,,
295ae228-eeb6-48d4-9958-55ce5dd376e9,completed,2023-03-06 20:43:42.066461,,
295f89c2-e393-412e-aab3-cbe6aaf4753b,completed,2023-03-06 20:43:42.066461,,
29628cc3-85e0-4ec2-9c36-2492c9f835f1,completed,2023-03-06 20:43:42.066461,,
29630509-6803-4b8b-ade9-00d3e65e9fb9,completed,2023-03-06 20:43:42.066461,,
296e365b-7727-4d8b-8be5-7ac80eb82f35,completed,2023-03-06 20:43:42.066461,,
296fb995-8c4f-4de5-9abb-6770122a7d66,completed,2023-03-06 20:43:42.066461,,
29719395-5eea-4237-af2a-a805369258d7,completed,2023-03-06 20:43:42.066461,,
29792418-d4bb-4270-a0e4-531fa13c5a61,completed,2023-03-06 20:43:42.066461,,
297c390b-063a-4a7f-b220-f95b4943378d,completed,2023-03-06 20:43:42.066461,,
29858ec0-452a-45de-b071-14014596e8b3,completed,2023-03-06 20:43:42.066461,,
2987c961-476a-4016-acd0-fbef62b2e20d,completed,2023-03-06 20:43:42.066461,,
2988cfb4-0d78-4928-970a-3ea80b7f1715,completed,2023-03-06 20:43:42.066461,,
2993c2e5-6934-416f-9eb0-07d6b4899988,completed,2023-03-06 20:43:42.066461,,
29a0e64f-c0ea-4186-aa64-59eebb036f5d,completed,2023-03-06 20:43:42.066461,,
29a4275e-8d0a-4831-96d0-8a0ad660204f,completed,2023-03-06 20:43:42.066461,,
29a94446-b93a-4de0-b6e3-196cf27efe3a,completed,2023-03-06 20:43:42.066461,,
29ab7cbb-1354-48f0-aa24-e6026645fa2b,completed,2023-03-06 20:43:42.066461,,
29b0d054-4169-415b-bb1b-5a6255f93f61,completed,2023-03-06 20:43:42.066461,,
29b85613-27ea-41c4-8747-0d08897d55ee,completed,2023-03-06 20:43:42.066461,,
29be8728-bda9-4ccd-95e7-81b669e8244f,completed,2023-03-06 20:43:42.066461,,
29c2e565-7abd-414f-a5c0-be3a88ec2847,completed,2023-03-06 20:43:42.066461,,
29d767a9-1e3d-4cb5-9692-838c40ea222d,completed,2023-03-06 20:43:42.066461,,
29dce906-a3f7-417c-9ce5-199124c20797,completed,2023-03-06 20:43:42.066461,,
29dd0197-c281-4b38-ad02-7ac9331d79ab,completed,2023-03-06 20:43:42.066461,,
29dd962a-9dc5-466d-8aa6-b48fd6c85f22,completed,2023-03-06 20:43:42.066461,,
29de738e-645e-43b9-9b58-1fe2a0ac6bf4,completed,2023-03-06 20:43:42.066461,,
29eca517-28e6-4a8d-a599-ac3fb83f5752,completed,2023-03-06 20:43:42.066461,,
29f10169-09f2-4a13-af21-e83cb93c5b31,completed,2023-03-06 20:43:42.066461,,
29f5486e-58ed-4b5a-95ba-6a6941d0d63b,completed,2023-03-06 20:43:42.066461,,
29fb5c91-367c-4f20-9277-7541dfc4640b,completed,2023-03-06 20:43:42.066461,,
29fbccd5-a50f-488c-9c40-234f4b7bed13,completed,2023-03-06 20:43:42.066461,,
29fc39e4-47ad-4577-bbae-dab6094ff2ef,completed,2023-03-06 20:43:42.066461,,
29fc8b49-bc3f-4958-a018-0d1dbb5f5f02,completed,2023-03-06 20:43:42.066461,,
2a185981-ff33-4bff-bd6f-1406327f8e87,completed,2023-03-06 20:43:42.066461,,
2a1ce839-ba6e-4172-a667-2bdfb5471219,completed,2023-03-06 20:43:42.066461,,
2a218bad-38e6-4fec-b411-1a66e0507acb,completed,2023-03-06 20:43:42.066461,,
2a289735-3191-46f7-af7f-66435f213ea0,completed,2023-03-06 20:43:42.066461,,
2a2dbbcf-a787-48ee-96af-951b33052689,completed,2023-03-06 20:43:42.066461,,
2a31136d-11f2-4c21-9de5-40cde6432624,completed,2023-03-06 20:43:42.066461,,
2a38c482-2ef2-4b59-a848-700bbfffe2cb,completed,2023-03-06 20:43:42.066461,,
2a3ecd3a-7a01-4bd6-b867-996f613f44ab,completed,2023-03-06 20:43:42.066461,,
2a42cda0-9521-4a87-9926-04ce652fe87c,completed,2023-03-06 20:43:42.066461,,X
2a46a8a5-749a-4be1-8314-d4b6e4ad3515,completed,2023-03-06 20:43:42.066461,,
2a549327-f30d-41c6-b4ee-04f70b75fd86,completed,2023-03-06 20:43:42.066461,,
2a556c1a-945f-49a2-894e-4a2fa1dd0019,completed,2023-03-06 20:43:42.066461,,
2a5794c2-2f1c-417a-ab5a-738f08822365,completed,2023-03-06 20:43:42.066461,,
2a5e40de-4e06-41de-b3ef-d5033d7d737c,completed,2023-03-06 20:43:42.066461,,
2a72d241-aaa4-4b32-b2f2-fa42c9870641,completed,2023-03-06 20:43:42.066461,,
2a7c8b53-3083-4dd1-9334-8b4824c654fb,completed,2023-03-06 20:43:42.066461,,
2a895ec3-2b02-4398-8ea1-0e87d9ab88a2,completed,2023-03-06 20:43:42.066461,,
2a8b428d-21c5-45b8-a7e3-b2fb9b6ed1a2,completed,2023-03-06 20:43:42.066461,,
2a91af47-7614-49b0-b3bc-b8c154c9a1c5,completed,2023-03-06 20:43:42.066461,,
2a938a88-cdfe-4742-98e7-cd5ccb9ae5c0,completed,2023-03-06 20:43:42.066461,,
2aa25a5b-1c4f-486e-831f-22ec784dd6e8,completed,2023-03-06 20:43:42.066461,,
2aa91be9-85b9-4087-b530-aafef8cad4e1,completed,2023-03-06 20:43:42.066461,,
2aaecb3a-877b-46d2-8801-08641875da47,completed,2023-03-06 20:43:42.066461,,
2abab0cc-e77f-4d95-b1d8-0653e83ba06d,completed,2023-03-06 20:43:42.066461,,
2ac3f88d-3752-4ed8-9e8e-2db644afa7b3,completed,2023-03-06 20:43:42.066461,,
2ac65071-e260-4b55-9edd-b3e5682139da,completed,2023-03-06 20:43:42.066461,,
2ac6861e-0c27-49b9-b950-b012ef95fa81,completed,2023-03-06 20:43:42.066461,,
2ac844c9-989c-4546-9712-a4bdc41264c4,completed,2023-03-06 20:43:42.066461,,
2acc0a10-2bd6-42f1-83da-cfe276b4a34d,completed,2023-03-06 20:43:42.066461,,
2ae9c238-ebe3-4830-a4f5-880eae2765b5,completed,2023-03-06 20:43:42.066461,,
2af731ba-40fa-4f5e-82cd-727cc36b86ad,completed,2023-03-06 20:43:42.066461,,
2af79d00-4f2e-4e63-9b85-93aafaa8b957,completed,2023-03-06 20:43:42.066461,,
2aff404f-0d51-4bbd-b3c9-218cb0456eac,completed,2023-03-06 20:43:42.066461,,
2b03f7be-dfa7-4fac-830a-0bc95c86f9b4,completed,2023-03-06 20:43:42.066461,,
2b0b3a63-3ba9-4bab-9ec3-c5501eb2a2e5,completed,2023-03-06 20:43:42.066461,,
2b0c328a-f1ee-48ec-ac45-f7295c952acb,completed,2023-03-06 20:43:42.066461,,
2b0d49eb-249b-4960-84ea-455846258e5b,completed,2023-03-06 20:43:42.066461,,
2b1d4624-a67c-431e-8373-b6ac443033d5,completed,2023-03-06 20:43:42.066461,,
2b3efb4c-5572-4b9b-aca2-6f597b2e2171,completed,2023-03-06 20:43:42.066461,,
2b461f21-5855-49fc-9807-43080664e576,completed,2023-03-06 20:43:42.066461,,
2b51d5f5-8fa2-48c2-898e-039bf7608d19,completed,2023-03-06 20:43:42.066461,,
2b56f29b-6b15-4b3c-b718-ca3a25ee479f,completed,2023-03-06 20:43:42.066461,,
2b5c6e03-ceba-493a-ab94-662917b23cba,completed,2023-03-06 20:43:42.066461,,
2b5e13cc-af08-4de2-b7b0-a87d10b46b5e,completed,2023-03-06 20:43:42.066461,,
2b66dc25-b5a8-4116-bc12-158326174f77,completed,2023-03-06 20:43:42.066461,,
2b75cfa0-10aa-4a13-961d-85c958f72f9d,completed,2023-03-06 20:43:42.066461,,
2b76c8e2-dc8b-499f-8aba-ac2ba8f55789,completed,2023-03-06 20:43:42.066461,,
2b7745d7-bb2e-403f-99d2-285b6c63d3ed,completed,2023-03-06 20:43:42.066461,,
2b8b7e37-cc4a-4489-9eaa-968d0ee99b59,completed,2023-03-06 20:43:42.066461,,
2b8c7a12-dade-4191-8d73-ad8b87c7cb60,completed,2023-03-06 20:43:42.066461,,
2b8e810c-1930-45e2-8040-28745632a429,completed,2023-03-06 20:43:42.066461,,
2b90972d-6fd8-4c61-a26e-35cc05915e9e,completed,2023-03-06 20:43:42.066461,,
2b942a03-42d6-43c6-9364-01a962a5830d,completed,2023-03-06 20:43:42.066461,,
2b953320-ce5d-480e-959c-f4adf389fc65,completed,2023-03-06 20:43:42.066461,,
2b96fdda-8bc0-4d0a-a938-3cfd2a37db2a,completed,2023-03-06 20:43:42.066461,,
2b9ff23d-3956-4130-b6af-bd7e70882d88,completed,2023-03-06 20:43:42.066461,,
2ba3cbed-9816-42eb-ac04-879f25753cfe,completed,2023-03-06 20:43:42.066461,,
2baae130-a7e7-4abc-86c0-6d99ca9c85d2,completed,2023-03-06 20:43:42.066461,,
2bb00481-8e27-4931-bf6e-a92fa7cac456,completed,2023-03-06 20:43:42.066461,,
2bbf5a29-863f-407f-9977-d3b92c003ade,completed,2023-03-06 20:43:42.066461,,
2bc3b89e-4cf7-4cb6-a131-501229e48bb6,completed,2023-03-06 20:43:42.066461,,
2bc6ea0f-1edc-4767-a79b-e48c28f9ce5a,completed,2023-03-06 20:43:42.066461,,X
2bc7b1d0-9e5a-42b1-b1e6-0738315519b9,completed,2023-03-06 20:43:42.066461,,
2bc80ddb-c179-4b5c-9a33-77a8007f5371,completed,2023-03-06 20:43:42.066461,,
2bc9d768-3209-44c3-a69b-0098fa227e0b,completed,2023-03-06 20:43:42.066461,,
2bcd0fcb-857c-47b5-844c-e65f26324bbd,completed,2023-03-06 20:43:42.066461,,
2bcf8340-8690-415c-9569-4acccf955380,completed,2023-03-06 20:43:42.066461,,
2bd15947-98dd-4e94-a7ea-07447d9791e3,completed,2023-03-06 20:43:42.066461,,
2bd29e11-63c9-4065-83e2-cca89c00b9fd,completed,2023-03-06 20:43:42.066461,,
2bd789af-8b1d-43dd-8b6b-da43b8d3263e,completed,2023-03-06 20:43:42.066461,,
2bdaf5e9-6d90-41ba-942c-2e4197674108,completed,2023-03-06 20:43:42.066461,,
2be49fe5-fe80-4a1e-ac13-63a114780c1d,completed,2023-03-06 20:43:42.066461,,
2be58c15-6b3e-460d-a5b5-ed609433cc71,completed,2023-03-06 20:43:42.066461,,
2bf0225f-66de-4368-b8ee-b66d35e7d672,completed,2023-03-06 20:43:42.066461,,
2bf66675-ae9d-435b-aa80-0b324ef56b5f,completed,2023-03-06 20:43:42.066461,,
2bf75c63-6f84-4144-a0a4-eb0204389d06,completed,2023-03-06 20:43:42.066461,,
2bfabe59-33a3-4f2d-bbc3-d1f97a50a848,completed,2023-03-06 20:43:42.066461,,
2c141886-f7c6-4ef3-9f0c-c3c05506f365,completed,2023-03-06 20:43:42.066461,,
2c1509bf-466a-41e8-931a-87f2b5e5dbe2,completed,2023-03-06 20:43:42.066461,,
2c1deb64-7bfd-4082-9c90-13936f9f6575,completed,2023-03-06 20:43:42.066461,,
2c2072b3-98a4-4c40-af64-f8013d6bde82,completed,2023-03-06 20:43:42.066461,,
2c20d86c-74e8-4a43-9598-b3ba971b2680,completed,2023-03-06 20:43:42.066461,,
2c23ede2-d994-47e1-bc48-2122e7cf4e15,completed,2023-03-06 20:43:42.066461,,
2c27c37a-6f37-46f7-8e3e-a65dd84540ba,completed,2023-03-06 20:43:42.066461,,
2c2c6cef-5888-4b34-b718-39d51a137d06,completed,2023-03-06 20:43:42.066461,,
2c308fdc-af7d-4f85-8a83-43ef22289806,completed,2023-03-06 20:43:42.066461,,
2c36f280-2a8a-410e-90ea-95ddf5d29058,completed,2023-03-06 20:43:42.066461,,
2c45d2fe-ee13-4a08-b2e6-f023d2b8de29,completed,2023-03-06 20:43:42.066461,,
2c4b8c79-a3bc-47ec-aa5f-66f243f93af1,completed,2023-03-06 20:43:42.066461,,
2c58152a-a53a-4d45-92b8-23a665528224,completed,2023-03-06 20:43:42.066461,,
2c5b0ebe-ed99-4290-8b96-6c5d77cb0f91,completed,2023-03-06 20:43:42.066461,,
2c678b62-97f4-47e5-a675-36ffb3620b2a,completed,2023-03-06 20:43:42.066461,,
2c67e007-723f-4eb8-8571-ce6c7de5c8c2,completed,2023-03-06 20:43:42.066461,,
2c6b828f-b16e-4975-98db-88e557dcf386,completed,2023-03-06 20:43:42.066461,,
2c719117-37af-453f-839e-80dec97d817a,completed,2023-03-06 20:43:42.066461,,
2c75b408-e2c0-4966-9334-b9a9264c0315,completed,2023-03-06 20:43:42.066461,,
2c83c924-78cf-4bf2-9aca-2ec80c4d8d88,completed,2023-03-06 20:43:42.066461,,
2c84bd88-0d67-4559-98f9-773fdcc1e23c,completed,2023-03-06 20:43:42.066461,,
2c8727c7-340f-4f32-9e08-d12288fba3bc,completed,2023-03-06 20:43:42.066461,,
2c8c017e-1193-42eb-8b89-ddb9e0fb32ed,completed,2023-03-06 20:43:42.066461,,
2c8c7012-b5e8-4512-ba81-1d9dc75edc1f,completed,2023-03-06 20:43:42.066461,,
2c9a2bc8-8ef1-4e4c-aa7e-da46f4c83c29,completed,2023-03-06 20:43:42.066461,,
2c9f25ab-96bb-4eb7-8d92-cc76952caae9,completed,2023-03-06 20:43:42.066461,,
2ca424c8-1e73-4b02-abd5-ace6065e0da7,completed,2023-03-06 20:43:42.066461,,
2caaac2c-f8fd-42dc-8457-8c8638ace2dc,completed,2023-03-06 20:43:42.066461,X,
2cac4376-ecb3-4dac-94cc-fa3adea31957,completed,2023-03-06 20:43:42.066461,,
2cb0f8a8-d4d0-421e-a324-5b26da0f65a6,completed,2023-03-06 20:43:42.066461,,
2cbf06a1-e194-4d0f-bc3e-7967c967b9e4,completed,2023-03-06 20:43:42.066461,,
2cc5db11-69cc-428c-a0b9-1b8887dcad59,completed,2023-03-06 20:43:42.066461,,
2ccbd7fc-e5af-4199-8e60-a811d752827c,completed,2023-03-06 20:43:42.066461,,
2ccfb2c5-94ee-4f74-b8f0-a82497d50b6b,completed,2023-03-06 20:43:42.066461,,
2cdbc341-a237-4c78-82c5-9f382efbd7cf,completed,2023-03-06 20:43:42.066461,,
2cdcd282-7fed-40bf-88b2-43042c3df0d9,completed,2023-03-06 20:43:42.066461,,
2ce8feb6-e496-4f73-b612-472e2947672f,completed,2023-03-06 20:43:42.066461,,
2cea5aa7-e4ad-4ce2-8360-8c86d1ab850f,completed,2023-03-06 20:43:42.066461,,
2cf3c169-77a6-450a-bd54-4f95f2d3b0cc,completed,2023-03-06 20:43:42.066461,,
2cfad5d8-9217-42a7-a506-89a1ca12832f,completed,2023-03-06 20:43:42.066461,,
2d023dc4-e049-4046-b650-aab14a9f3fa8,completed,2023-03-06 20:43:42.066461,,
2d10e8fd-929b-4230-b980-cd54366212ab,completed,2023-03-06 20:43:42.066461,,
2d11ea54-fbce-4147-9a5a-431f4ce8baab,completed,2023-03-06 20:43:42.066461,,
2d20097e-5065-4f26-894d-46ec82d8717f,completed,2023-03-06 20:43:42.066461,,
2d229705-cd6b-42c9-9aa2-e71c2e348d2e,completed,2023-03-06 20:43:42.066461,,
2d2c9415-9e64-4fea-9f77-1500a85c0d6a,completed,2023-03-06 20:43:42.066461,,
2d2faa1c-ba80-4f1c-abd8-30f1ba74ab04,completed,2023-03-06 20:43:42.066461,,
2d373f1a-714f-4dcd-9d27-de3012d11ac1,completed,2023-03-06 20:43:42.066461,,
2d4039f7-e1e7-4598-8259-2ad8d7b83e8e,completed,2023-03-06 20:43:42.066461,,
2d5130e9-b004-4a1c-8d75-c016b55ad5d5,completed,2023-03-06 20:43:42.066461,,
2d618dda-4c82-4f41-907d-6cd5bdfa92a1,completed,2023-03-06 20:43:42.066461,,
2d658005-8872-4673-9b87-617b1d5cbeee,completed,2023-03-06 20:43:42.066461,,
2d65f785-e0b9-4cfe-874a-a10d10af6c7d,completed,2023-03-06 20:43:42.066461,,
2d666fb6-87a5-40e3-b6c1-a0a25d01d758,completed,2023-03-06 20:43:42.066461,,
2d66b573-5ede-40d3-aee3-0876bef06173,completed,2023-03-06 20:43:42.066461,,
2d67bc1b-525e-420e-8978-398d1cca7d71,completed,2023-03-06 20:43:42.066461,,
2d6a391c-ac69-4836-b6ee-d2498ad0fa50,completed,2023-03-06 20:43:42.066461,,
2d6e7482-bf05-4f71-9810-681ae4d4979b,completed,2023-03-06 20:43:42.066461,,
2d6ef750-ebaa-4959-9745-cd4b52499a42,completed,2023-03-06 20:43:42.066461,,
2d757a2e-6ddb-4933-8398-d05bf50dcfd2,completed,2023-03-06 20:43:42.066461,,
2d790301-42ae-4ee8-989c-5416f6fad57a,completed,2023-03-06 20:43:42.066461,,
2d7f8c31-0355-4240-9665-de1a360cd785,completed,2023-03-06 20:43:42.066461,,
2d857c8b-e1c7-44fe-89a2-040ca7295827,completed,2023-03-06 20:43:42.066461,,
2d891fda-38ed-421e-9466-13bf19394bec,completed,2023-03-06 20:43:42.066461,,
2d8cccd8-5a3b-438d-9a09-2794ba5184b9,completed,2023-03-06 20:43:42.066461,,
2d8fe037-5e27-433e-8cea-798bd0960684,completed,2023-03-06 20:43:42.066461,,
2db24132-ea88-4fd7-8955-31abdf8b78c9,completed,2023-03-06 20:43:42.066461,,
2db6fd5c-c19d-422e-999f-55d781a9eafe,completed,2023-03-06 20:43:42.066461,,
2db7c865-db6b-453e-9508-aac575b0375d,completed,2023-03-06 20:43:42.066461,,
2dd753fa-16df-4318-b4f7-ebb415be4c32,completed,2023-03-06 20:43:42.066461,,
2ddca860-ce40-4e73-ad77-9f5dc68bf0d2,completed,2023-03-06 20:43:42.066461,,
2ddec0c0-68e1-4e99-b994-9fcc00f0f7f4,completed,2023-03-06 20:43:42.066461,,
2de6bbb3-fc15-4264-b40c-06119e78e7e2,completed,2023-03-06 20:43:42.066461,,
2debce05-526e-494a-ad1e-713987b1831a,completed,2023-03-06 20:43:42.066461,,
2dee165f-6fb9-412f-b4f5-61fb93e85603,completed,2023-03-06 20:43:42.066461,,
2df41fc0-a92d-4449-a5cc-4894e54acd11,completed,2023-03-06 20:43:42.066461,,
2e02a521-bcfb-47ce-8796-559b96b68a7c,completed,2023-03-06 20:43:42.066461,,
2e147a92-ef0f-4b49-867b-f4a36804f356,completed,2023-03-06 20:43:42.066461,,
2e17f51a-fcdc-462f-a5d6-7e1ef65df6de,completed,2023-03-06 20:43:42.066461,,
2e2281f1-f982-466a-902a-a5e2536d87d4,completed,2023-03-06 20:43:42.066461,,
2e3222d7-a545-4943-b1db-01654ada30ad,completed,2023-03-06 20:43:42.066461,,
2e336c71-6a09-4f9f-afb2-21887870b65b,completed,2023-03-06 20:43:42.066461,,
2e3a52e3-ca17-4bd5-a86d-c66318dc23d0,completed,2023-03-06 20:43:42.066461,,
2e3ee3b2-ece0-4c18-b666-93bdeb359702,completed,2023-03-06 20:43:42.066461,,
2e462051-09f7-4739-8935-83546e709b59,completed,2023-03-06 20:43:42.066461,,
2e4bdc4c-073b-461f-8655-731449efc428,completed,2023-03-06 20:43:42.066461,,
2e5424fe-22e4-4a59-a658-03665d30bced,completed,2023-03-06 20:43:42.066461,,
2e54a77b-e262-4eb4-9a2f-0d72db1da3d4,completed,2023-03-06 20:43:42.066461,,
2e5daa90-3aea-443e-9714-fd8fa87743be,completed,2023-03-06 20:43:42.066461,,
2e645d02-decf-4bf9-8f42-8c0cf8830803,completed,2023-03-06 20:43:42.066461,,
2e662eeb-7002-4135-af2c-cd4d11c56180,completed,2023-03-06 20:43:42.066461,,
2e66697e-55e8-40e3-a293-7fc26873970f,completed,2023-03-06 20:43:42.066461,,
2e70c213-e96d-4caf-aa58-b1baf3b21df8,completed,2023-03-06 20:43:42.066461,,
2e82bfe6-75b0-4f35-8454-ec7d14cb77bc,completed,2023-03-06 20:43:42.066461,,
2e957182-b965-4710-84f5-e7e2f4ab78cb,completed,2023-03-06 20:43:42.066461,,
2e97f2b5-17fc-458f-b5a3-b34b9f465016,completed,2023-03-06 20:43:42.066461,,
2ea3f8ea-faef-4d94-8820-7a19821743ca,completed,2023-03-06 20:43:42.066461,,
2ec8814e-489a-4db6-a04b-dff261325d00,completed,2023-03-06 20:43:42.066461,,
2eda43b7-1218-41ef-b925-e318b69ed8d3,completed,2023-03-06 20:43:42.066461,,
2ede42a5-7dfe-4b14-9131-190e377c2c54,completed,2023-03-06 20:43:42.066461,,
2edfec6e-c743-42d9-92c6-6df6018a4296,completed,2023-03-06 20:43:42.066461,,
2eec6fdc-ecaa-4b3d-a6af-0b1c10a19993,completed,2023-03-06 20:43:42.066461,,
2ef2c655-e26e-4016-8c34-24f1be3649da,completed,2023-03-06 20:43:42.066461,,
2ef9870f-6175-4767-8d89-a655a261c1ef,completed,2023-03-06 20:43:42.066461,,
2effcad4-8d30-44f3-8247-fe7bfc38ddbf,completed,2023-03-06 20:43:42.066461,,
2f0083cb-a337-4d1e-a200-4c7c1515f18f,completed,2023-03-06 20:43:42.066461,,
2f02dd04-2813-4a70-a8ff-c06dda74b243,completed,2023-03-06 20:43:42.066461,,
2f1a39f6-8ffd-44c3-bceb-4206ae298922,completed,2023-03-06 20:43:42.066461,,
2f24e748-4ad4-473a-a1b3-c9e85a2a923b,completed,2023-03-06 20:43:42.066461,,
2f277969-e15b-418b-a8b4-4e67d5045bdb,completed,2023-03-06 20:43:42.066461,,
2f28fb6e-e539-4108-b503-07fb9603e949,completed,2023-03-06 20:43:42.066461,,
2f2a700a-d9d9-4c99-8d8f-83bcc0bda307,completed,2023-03-06 20:43:42.066461,,
2f2cbb98-8272-48f2-a98f-0935014d6591,completed,2023-03-06 20:43:42.066461,,
2f2e265c-3ca0-4f9c-8999-fac701a6330c,completed,2023-03-06 20:43:42.066461,,
2f39e4d8-e0d6-4112-b5dc-dc9515889571,completed,2023-03-06 20:43:42.066461,,
2f446976-b705-4e8a-82b1-16341e7c8a9c,completed,2023-03-06 20:43:42.066461,,
2f465a77-1420-46e5-aad3-3e9bb6188eb5,completed,2023-03-06 20:43:42.066461,,
2f4d93ba-bce3-4c86-83a4-57d8288c4be5,completed,2023-03-06 20:43:42.066461,,
2f50ae1f-2456-452d-8a8a-74c9c09edaa9,completed,2023-03-06 20:43:42.066461,,
2f5176b1-aa32-4fea-b2e8-2387c11b2ded,completed,2023-03-06 20:43:42.066461,,
2f5ce512-2610-4b27-aa19-0584caf56bd6,completed,2023-03-06 20:43:42.066461,,
2f6a1374-48f3-45d1-bbe5-e2c1240bae9a,completed,2023-03-06 20:43:42.066461,,
2f6c5093-0433-4c8f-b189-652d0f7f58d7,completed,2023-03-06 20:43:42.066461,,
2f6c563a-674c-40a6-8ebd-85273e0512e3,completed,2023-03-06 20:43:42.066461,,
2f83baf2-2bfe-498f-83b0-f6e3aa0455de,completed,2023-03-06 20:43:42.066461,,
2f860288-0523-4897-8f20-892574473215,completed,2023-03-06 20:43:42.066461,,
2f86425b-b157-4b04-ab36-81dc685cb267,completed,2023-03-06 20:43:42.066461,,
2f9d232b-be05-4491-be8d-4b4ddb5d2702,completed,2023-03-06 20:43:42.066461,,
2fa48a09-f209-49e5-b9ac-e2c70bef247f,completed,2023-03-06 20:43:42.066461,,
2fae80b5-87f3-4dee-89cf-93086ee6eadf,completed,2023-03-06 20:43:42.066461,,
2fb25ce0-97c4-4467-8d62-55e906af764d,completed,2023-03-06 20:43:42.066461,,
2fc3f3ea-1f3b-4a3b-8bac-09a755aac92d,completed,2023-03-06 20:43:42.066461,,
2fc48af1-88cb-431d-82e5-b6171f3883f9,completed,2023-03-06 20:43:42.066461,,
2fd54899-7c48-4962-adc9-c3bd52a64a5b,completed,2023-03-06 20:43:42.066461,,
2fdfdb20-b36c-4344-a0a5-d3be56ae4e5d,completed,2023-03-06 20:43:42.066461,,
2fe1b24a-ba82-42e1-a773-55a00f55f0f1,completed,2023-03-06 20:43:42.066461,,
2fe20850-dda2-4f4a-97d5-8a36af2435b2,completed,2023-03-06 20:43:42.066461,,
2fe79f4b-0a6a-4884-9b1b-ca26c979f139,completed,2023-03-06 20:43:42.066461,,
2feafa09-43b0-469c-9d8a-57b900c2729e,completed,2023-03-06 20:43:42.066461,,
2ff0f3fa-ef36-4cf6-8658-a066ea269de9,completed,2023-03-06 20:43:42.066461,,
2ffa6155-aed3-43d3-a411-8b36c8fb5615,completed,2023-03-06 20:43:42.066461,,
30042731-2acf-48a1-83a6-d835719309d6,completed,2023-03-06 20:43:42.066461,,
3004acc9-846a-42af-98c8-4d8c19a24437,completed,2023-03-06 20:43:42.066461,,
3009a85c-9215-46cb-a458-360482b2ac30,completed,2023-03-06 20:43:42.066461,,
300a4df5-896a-40ee-b02a-cc88dbc20935,completed,2023-03-06 20:43:42.066461,,
300b1273-f905-411c-862e-d1dff3de1f1d,completed,2023-03-06 20:43:42.066461,,
3019cae7-6970-4347-aa81-0ddf4c1b3ae2,completed,2023-03-06 20:43:42.066461,,
301c54e6-8a1e-4c93-a8ac-683d1cba3207,completed,2023-03-06 20:43:42.066461,,
30394655-a006-496e-abf2-6c42c0cfe428,completed,2023-03-06 20:43:42.066461,,
30410206-a849-4372-ae78-254d9d74032c,completed,2023-03-06 20:43:42.066461,,
304688dd-b04a-4e4a-b904-a1b2c1f4df75,completed,2023-03-06 20:43:42.066461,,
304ac51f-2a26-4ecb-b643-44edb4d54fcc,completed,2023-03-06 20:43:42.066461,,
3056b0f6-5baf-43b0-8d05-a76d0e5420a9,completed,2023-03-06 20:43:42.066461,,
306dc56c-2dd3-47ac-9c0a-4edb9055b2f5,completed,2023-03-06 20:43:42.066461,,
3079062b-2424-494a-941d-c72f968d1ab3,completed,2023-03-06 20:43:42.066461,,
30790cc1-bc7e-4c31-803e-47e8933c2233,completed,2023-03-06 20:43:42.066461,,
307b4be6-c9f6-4cf7-b087-607de698a1ac,completed,2023-03-06 20:43:42.066461,,
3087f760-5e63-4d4e-bfa4-5235f69b7d50,completed,2023-03-06 20:43:42.066461,,
309148a8-664d-4561-a49f-7b4cd0efd092,completed,2023-03-06 20:43:42.066461,,
30962747-950a-47d6-9eca-9dc94d412cd1,completed,2023-03-06 20:43:42.066461,,
309dc84f-c87e-4a38-b94b-9eeaf1f22b45,completed,2023-03-06 20:43:42.066461,,
309dde1e-cbec-4dab-82b7-2261d785c480,completed,2023-03-06 20:43:42.066461,,
30a14b59-8dc2-46b4-9eed-16141a0bf12b,completed,2023-03-06 20:43:42.066461,,
30a179c0-da85-4001-bb9c-fd343e277074,completed,2023-03-06 20:43:42.066461,,
30a18f45-70cb-46c0-ae65-f5f98ee52734,completed,2023-03-06 20:43:42.066461,,
30a47afc-e518-47c0-b824-112b7c2122f2,completed,2023-03-06 20:43:42.066461,,
30af0fe0-2f41-4a47-bed0-517839cbc28b,completed,2023-03-06 20:43:42.066461,,
30b00bd8-775c-42bb-b3f3-60920625c693,completed,2023-03-06 20:43:42.066461,,
30b3a5ee-1f14-4c00-af42-1d8b2b1dbb8e,completed,2023-03-06 20:43:42.066461,,
30c6f627-b488-4783-91ab-ce0ae006f3b1,completed,2023-03-06 20:43:42.066461,,
30caa6d0-6ca8-428a-995c-1e545ee80f1a,completed,2023-03-06 20:43:42.066461,,
30ccff94-b893-4b75-9653-40956586a078,completed,2023-03-06 20:43:42.066461,,
30ce1d72-a495-4e49-a3df-ed1eaf05dba6,completed,2023-03-06 20:43:42.066461,,
30d9cac6-5e1d-46b9-8a2c-101f252dab7d,completed,2023-03-06 20:43:42.066461,,
30dbd0c7-324f-47cb-bb1b-d90549b4a6ea,completed,2023-03-06 20:43:42.066461,,X
30de038f-881c-44c0-87bf-d68836e07194,completed,2023-03-06 20:43:42.066461,,
30ee4cc1-403c-4559-8812-83b71906c2bc,completed,2023-03-06 20:43:42.066461,,
30f206b9-bd36-4b72-bd42-bb82b1c61914,completed,2023-03-06 20:43:42.066461,,
30f97091-5e79-4eaf-befa-8057b39700ad,completed,2023-03-06 20:43:42.066461,,
30fb9fa5-b157-49ce-b200-ccb1e64cb5e1,completed,2023-03-06 20:43:42.066461,,
30fc8351-0463-447a-aebd-9c8dad1a13b8,completed,2023-03-06 20:43:42.066461,,
310713f5-4485-4b03-af80-fe9ab9f72eec,completed,2023-03-06 20:43:42.066461,,
310d8399-65b4-4add-81a5-dfadd06e9aeb,completed,2023-03-06 20:43:42.066461,,
310e9c70-4942-4aa1-9188-284c6def70dc,completed,2023-03-06 20:43:42.066461,,
31145cac-1d7d-44d9-b1da-b44b53bd961b,completed,2023-03-06 20:43:42.066461,,
3115d94e-7f93-4d4d-a6b0-2558d333d174,completed,2023-03-06 20:43:42.066461,,
311e70be-0e02-4a73-9299-ffa322c5875f,completed,2023-03-06 20:43:42.066461,,
311fd28e-75af-4990-b875-d7f65944589f,completed,2023-03-06 20:43:42.066461,,
312c040f-6bad-46b5-9d37-e06b9585516b,completed,2023-03-06 20:43:42.066461,,
31363b48-5807-48b4-baaa-21bfc419ffe5,completed,2023-03-06 20:43:42.066461,,
313c2833-86a8-4f03-b027-ca3711cca9d4,completed,2023-03-06 20:43:42.066461,,
313d6f2d-dd98-4b25-8346-2740007f5448,completed,2023-03-06 20:43:42.066461,,
313dc586-d27f-42e5-877d-88f3fd12a637,completed,2023-03-06 20:43:42.066461,X,
314d28bb-e849-45e8-bef1-876dfd93524f,completed,2023-03-06 20:43:42.066461,,
314e4d60-d621-4fae-9b32-a578412165c2,completed,2023-03-06 20:43:42.066461,,
3150879b-f87d-4c73-9a03-46aa2a60143d,completed,2023-03-06 20:43:42.066461,,
3159fb94-d4dd-4844-9349-f82ef96fa8e9,completed,2023-03-06 20:43:42.066461,,
31602a16-07f1-4bf5-80f4-e50f37896306,completed,2023-03-06 20:43:42.066461,,
31650884-4f6c-45af-936c-9c23e37aa6d9,completed,2023-03-06 20:43:42.066461,,
31675c1e-adb9-4564-8229-39bead20a9f9,completed,2023-03-06 20:43:42.066461,,
316f4ae5-b57a-4ff7-bdb3-26e07e194aae,completed,2023-03-06 20:43:42.066461,,
3176acb5-6dfc-4b66-91b4-10cdff6ca738,completed,2023-03-06 20:43:42.066461,,
3178184f-519d-4ed2-9b7d-f4e0b0158692,completed,2023-03-06 20:43:42.066461,,
317a4532-29ef-415c-a116-5eefa4c527fb,completed,2023-03-06 20:43:42.066461,,
317c847e-3c2d-4c02-815e-78574377976b,completed,2023-03-06 20:43:42.066461,,
317e2822-3fed-4d65-a044-f39f90e93e48,completed,2023-03-06 20:43:42.066461,,
3184d4e4-a096-4b16-a6d4-3caa5a6c01d3,completed,2023-03-06 20:43:42.066461,,
318cd197-b2c2-48ae-aeae-60d4746afe28,completed,2023-03-06 20:43:42.066461,,
319848cc-7bfd-4753-94e8-f4a1664ba7ff,completed,2023-03-06 20:43:42.066461,,
319bdfd9-dd6c-4f5b-b0b7-78144d4bbead,completed,2023-03-06 20:43:42.066461,,
31aa1c5e-ed15-40be-af5d-fb583bd01f79,completed,2023-03-06 20:43:42.066461,,
31ac9a4b-6668-4381-9676-c84f8c1df3c0,completed,2023-03-06 20:43:42.066461,,
31ae917f-8020-4d17-8945-864515b55484,completed,2023-03-06 20:43:42.066461,,
31b2a837-a83c-4f1e-b6a6-3ccdc9ffd168,completed,2023-03-06 20:43:42.066461,,
31b3e76b-ee0b-44fa-89cc-dded671efaae,completed,2023-03-06 20:43:42.066461,,
31b47a11-acf3-4173-a74f-70ac48ea6e91,completed,2023-03-06 20:43:42.066461,,
31b83734-6769-4064-a641-087ae721d460,completed,2023-03-06 20:43:42.066461,,
31cdd98c-68d3-4b1a-b7b0-2e03f2da0569,completed,2023-03-06 20:43:42.066461,,
31cede3c-3119-49a5-8d18-90358a0a6df9,completed,2023-03-06 20:43:42.066461,,
31e22980-42a7-4476-8ea4-822c5dfe5b46,completed,2023-03-06 20:43:42.066461,,
31eed200-3f28-4509-8a3d-176d7740c006,completed,2023-03-06 20:43:42.066461,,X
31f278e5-b760-4af6-83be-71b8abefbf65,completed,2023-03-06 20:43:42.066461,,
31f7b782-9656-445a-b155-6d07846c54ca,completed,2023-03-06 20:43:42.066461,,
31fc5650-ae02-4d54-8773-f4cdc1790580,completed,2023-03-06 20:43:42.066461,,
32096b09-7e06-4044-bec3-58d0dcd7a80d,completed,2023-03-06 20:43:42.066461,,
320b1a75-cf48-4033-896d-dcc6e1bd88a6,completed,2023-03-06 20:43:42.066461,,
320e0f7c-939e-4673-94af-3659881181b6,completed,2023-03-06 20:43:42.066461,,
3222f4d4-8c64-451d-b27e-6384d73a36ff,completed,2023-03-06 20:43:42.066461,,
3224a8f1-0f23-4b21-9efa-9a88878ffe2e,completed,2023-03-06 20:43:42.066461,,
3228f72a-d26e-4920-b18c-856d1fc38aa8,completed,2023-03-06 20:43:42.066461,,
322b4138-b133-4c45-af8f-4df443d1f760,completed,2023-03-06 20:43:42.066461,,
32342248-9a26-4ba4-9845-4f3b24e45f6a,completed,2023-03-06 20:43:42.066461,,
3235fb42-7001-4ece-b187-d4c87c82f2eb,completed,2023-03-06 20:43:42.066461,,
324074a6-b4ac-4e21-a727-574399642ec6,completed,2023-03-06 20:43:42.066461,,
3241df23-bd79-4a6d-912a-9cb31e4388f8,completed,2023-03-06 20:43:42.066461,,
324d7a1d-2eb0-4bd7-b4bf-5f8841b06f21,completed,2023-03-06 20:43:42.066461,X,
3258e93d-f72c-43f9-8d29-9ae8cefd939b,completed,2023-03-06 20:43:42.066461,,
325d490a-ad71-4593-a6a8-44cad9420ac6,completed,2023-03-06 20:43:42.066461,,
3265578d-8174-43a6-9b49-75b4fb0f6e89,completed,2023-03-06 20:43:42.066461,,
327a2f6b-8c77-4d1d-a591-e496e9e533bb,completed,2023-03-06 20:43:42.066461,,
32844e5a-3e56-4942-b475-b107999f8e68,completed,2023-03-06 20:43:42.066461,,
3284b7c8-7612-471e-a304-1b291e47475e,completed,2023-03-06 20:43:42.066461,,
3287aa18-426d-456c-ae23-8e526512f175,completed,2023-03-06 20:43:42.066461,,
3291e713-c1eb-4538-8e63-37fde95de874,completed,2023-03-06 20:43:42.066461,,
3297dcb6-64aa-4846-ad56-87968513f561,completed,2023-03-06 20:43:42.066461,,
329ebaae-51ea-42cd-ad33-4fc9fe547f5c,completed,2023-03-06 20:43:42.066461,,
32a045f1-0ea5-4301-8935-ecde8d106d49,completed,2023-03-06 20:43:42.066461,,
32a07467-9260-4864-8d74-27cbb2685a9d,completed,2023-03-06 20:43:42.066461,,
32aad72b-5252-45c0-853e-136c8ade2f5c,completed,2023-03-06 20:43:42.066461,,
32b65a15-61be-4b59-a3bc-7e2d8c93332b,completed,2023-03-06 20:43:42.066461,,
32b9c105-7a5c-423e-82d5-bc97c61f78e2,completed,2023-03-06 20:43:42.066461,,
32c7ce5b-914f-493c-8fd8-fc6b81d2c220,completed,2023-03-06 20:43:42.066461,,
32c9562b-fd50-45cf-b0db-644a1ebd6b16,completed,2023-03-06 20:43:42.066461,,
32d36d59-23a6-48fa-8686-df75c859000d,completed,2023-03-06 20:43:42.066461,,
32dd79cd-dcab-4fed-8f1c-4ef2221dbf41,completed,2023-03-06 20:43:42.066461,,
32eb1a88-37d0-4904-a940-b60309ead64d,completed,2023-03-06 20:43:42.066461,,
32f4ef69-79c8-4cc8-b7fb-c895ff931378,completed,2023-03-06 20:43:42.066461,,
32f524b4-d79b-4247-abb2-c83747574ff6,completed,2023-03-06 20:43:42.066461,,
32f7856e-aae9-4a5a-8236-6bf5f992c2eb,completed,2023-03-06 20:43:42.066461,,
330ab1a3-0a66-41ad-bdbc-a5ab6b0175d3,completed,2023-03-06 20:43:42.066461,,
330ef026-e55f-45a6-b1ab-5f09e050f439,completed,2023-03-06 20:43:42.066461,,
331093d2-6f9c-467a-84b8-49b352482184,completed,2023-03-06 20:43:42.066461,,
331272a5-3623-4d9a-a407-dca21433f0fe,completed,2023-03-06 20:43:42.066461,,
3312844c-6720-4126-bdf2-5dce8b11ec57,completed,2023-03-06 20:43:42.066461,,
33152c65-9ec0-463b-bd31-b845e1afbc02,completed,2023-03-06 20:43:42.066461,,
332104c3-47c8-4464-8196-9ad212a139bb,completed,2023-03-06 20:43:42.066461,,
332e2c70-4d1a-4ca7-b7bc-3ee30b48d6e9,completed,2023-03-06 20:43:42.066461,,
3334501e-4a9f-42b9-a8d8-6de65efcd56c,completed,2023-03-06 20:43:42.066461,,
3334ea70-0d3f-487b-8cdb-5d55ddb86978,completed,2023-03-06 20:43:42.066461,,
33364395-a1a5-4063-8c86-a94ef4b34407,completed,2023-03-06 20:43:42.066461,,
3338da2a-1814-4c29-bf35-8dff590a6c31,completed,2023-03-06 20:43:42.066461,,
333c1e48-fe86-4d5a-bb8a-5d7622b0cce8,completed,2023-03-06 20:43:42.066461,,
333ccd81-dc93-46d5-b55e-20409b4477e7,completed,2023-03-06 20:43:42.066461,,
333d0a52-6b49-4731-9ed9-e7836b399ff9,completed,2023-03-06 20:43:42.066461,,
333db161-a2de-4d7f-9cb1-13906900f5ad,completed,2023-03-06 20:43:42.066461,,
33444340-1626-4b5c-84a0-9380d490c3d6,completed,2023-03-06 20:43:42.066461,,
33476955-75d4-4731-b4aa-f2bad5ecc206,completed,2023-03-06 20:43:42.066461,,
335a17b8-150c-4737-93a7-1c81b0a96c8c,completed,2023-03-06 20:43:42.066461,,
335a6c3f-5aa9-4cbb-a527-dd3e9fd95731,completed,2023-03-06 20:43:42.066461,,
3366cad7-64c3-4ad1-8d3d-1bb455ac5f49,completed,2023-03-06 20:43:42.066461,,
336a6918-e7cb-4f25-be2c-ec9ed28ca6ba,completed,2023-03-06 20:43:42.066461,,
337247bb-fc55-48fe-a327-5dda555546ad,completed,2023-03-06 20:43:42.066461,,
337a52bc-fca1-46a0-811f-90ffe48de882,completed,2023-03-06 20:43:42.066461,,
337f3c1e-6e9e-4edc-a935-4e70713ab25d,completed,2023-03-06 20:43:42.066461,,
338ad79c-93ae-405c-ad77-be507f00d65a,completed,2023-03-06 20:43:42.066461,,
33941d20-8e9b-44c9-b98c-a8021f8f6d83,completed,2023-03-06 20:43:42.066461,,
33a32175-59ec-48de-9788-635ce0bcaba7,completed,2023-03-06 20:43:42.066461,,
33a3743b-25f2-4fac-802d-66dc3dedce77,completed,2023-03-06 20:43:42.066461,,
33b4fc34-8b4d-4339-a9f2-f0c4634ab8a7,completed,2023-03-06 20:43:42.066461,,
33c4bb3c-8551-465c-976e-71380dbc3b36,completed,2023-03-06 20:43:42.066461,,
33cf693e-0425-49f8-83a5-35a41549e408,completed,2023-03-06 20:43:42.066461,,
33d1cfc6-ecfd-4cb3-92cc-fe61124f195b,completed,2023-03-06 20:43:42.066461,,
33d2df2a-f7b1-49cb-8c73-9be22c8e9afd,completed,2023-03-06 20:43:42.066461,,
33d54f25-9eb6-44f0-804b-cd033af46076,completed,2023-03-06 20:43:42.066461,,
33deb7f1-b076-4d39-9e6b-8d0210e6f441,completed,2023-03-06 20:43:42.066461,,
33ea37a1-065a-4716-8769-8715432102b3,completed,2023-03-06 20:43:42.066461,,
33eac3f3-928e-4c75-ad26-2dbbeb50c53b,completed,2023-03-06 20:43:42.066461,,
33ec2ba4-4d49-4b91-9f92-0b541baa344e,completed,2023-03-06 20:43:42.066461,,
33ef6cc0-e1e9-44b9-bab0-1de0d1d53460,completed,2023-03-06 20:43:42.066461,,
33f61890-631d-45d7-b9a0-f67d40a6c27d,completed,2023-03-06 20:43:42.066461,,
3401262c-6e59-479f-a1cd-b20bce22c5f0,completed,2023-03-06 20:43:42.066461,,
3404c9ff-89c3-4e5b-ad22-c8de8e293873,completed,2023-03-06 20:43:42.066461,,
34088829-b773-48c4-9ca7-0cd49f5e418a,completed,2023-03-06 20:43:42.066461,,
340a3105-c015-448f-8867-215f9020ed59,completed,2023-03-06 20:43:42.066461,,
340d42e6-a35b-4627-87f5-7c6d590ab524,completed,2023-03-06 20:43:42.066461,,
3413498e-fcaf-40aa-8fc5-88fd779f3dfe,completed,2023-03-06 20:43:42.066461,,
342f296d-f771-4732-85b9-6c1299cb4122,completed,2023-03-06 20:43:42.066461,,
34387863-d835-45bf-9c05-b2a613c548b1,completed,2023-03-06 20:43:42.066461,,
343ab076-db18-4235-ba48-695c8b2f4ae5,completed,2023-03-06 20:43:42.066461,,
344043ed-ac16-40d9-82f3-eea0bf34f532,completed,2023-03-06 20:43:42.066461,,
34407b55-3c35-427e-92a8-b671690dd977,completed,2023-03-06 20:43:42.066461,,
3448448c-b291-4966-8a90-1b43391c490f,completed,2023-03-06 20:43:42.066461,,
34551b2a-6d1e-4174-aa4e-1db5edb5c552,completed,2023-03-06 20:43:42.066461,,
34602f60-f018-4497-af90-e981fb27ea00,completed,2023-03-06 20:43:42.066461,,
34602fb6-7fa5-4a26-b984-b399f52a46c0,completed,2023-03-06 20:43:42.066461,,
3461a866-d3f3-4e96-b970-1a28bdf2a831,completed,2023-03-06 20:43:42.066461,,
346d36a5-e510-4a08-9374-8f2c81b21a12,completed,2023-03-06 20:43:42.066461,,
3473cb5b-05dd-49ce-8dd1-9e6dcb4e3e7b,completed,2023-03-06 20:43:42.066461,,
34851e31-91fa-4f7b-8d4b-e6816eb1be52,completed,2023-03-06 20:43:42.066461,,
348c1eb6-cbdb-4921-85f3-eb7ec373d8f0,completed,2023-03-06 20:43:42.066461,X,
3498fcaf-380e-4e8f-a81a-7c25977243a0,completed,2023-03-06 20:43:42.066461,,
349dcb61-3923-4b72-b6fc-75ebd3f7c94d,completed,2023-03-06 20:43:42.066461,,
34a161a9-1315-4664-9d1d-6bc5f4eaf375,completed,2023-03-06 20:43:42.066461,,
34ad7e07-0ae2-44f5-913b-1c386395977b,completed,2023-03-06 20:43:42.066461,,
34af30be-7bc7-4f7e-8dea-f2f730fdec87,completed,2023-03-06 20:43:42.066461,,
34b122b1-6538-417f-93f7-d8c6787986f5,completed,2023-03-06 20:43:42.066461,,
34b3fd14-8248-4cc2-80aa-64d77f480145,completed,2023-03-06 20:43:42.066461,,
34b3fef5-e13b-47eb-8587-b03963ed4949,completed,2023-03-06 20:43:42.066461,,
34b57f02-8361-4f4e-ab61-cfc8d011ae7d,completed,2023-03-06 20:43:42.066461,,
34bf8898-e0b6-44c2-8d45-bac88413d0d3,completed,2023-03-06 20:43:42.066461,,
34caacdb-59ff-4ecb-8787-82ceb65a655b,completed,2023-03-06 20:43:42.066461,,
34d23a4b-7dca-44ba-b80f-50f08a7bd40c,completed,2023-03-06 20:43:42.066461,,
34dc0ea6-1c23-4100-9fa5-6e24b66973eb,completed,2023-03-06 20:43:42.066461,,
34ed8a12-57fd-4d1e-add5-f6716602ab5c,completed,2023-03-06 20:43:42.066461,,
34ef97a6-ebf2-4376-b90c-87185893881b,completed,2023-03-06 20:43:42.066461,,
34f5f846-5a14-49a4-b52e-e4e614d7fdf3,completed,2023-03-06 20:43:42.066461,,
35027101-5551-4ec8-80cb-5680406c68cc,completed,2023-03-06 20:43:42.066461,,
3502e7de-ee10-426f-a462-5d700bf62402,completed,2023-03-06 20:43:42.066461,,
3505c82f-9da5-4e8b-9e83-e7930ed1713a,completed,2023-03-06 20:43:42.066461,,
350d3e90-d24c-4984-a232-3cb14f03b82b,completed,2023-03-06 20:43:42.066461,,
350e6ead-56ed-4288-8a2a-b629b0b0dc50,completed,2023-03-06 20:43:42.066461,,
350eac9c-baad-4fad-9c99-05427eabd229,completed,2023-03-06 20:43:42.066461,,
35130415-1161-47ba-a5e1-a7f98f8e6068,completed,2023-03-06 20:43:42.066461,,
35144dd7-cb8b-4779-95b8-e738abcb52aa,completed,2023-03-06 20:43:42.066461,,
351a4732-fded-4e70-aca7-63a91feb0563,completed,2023-03-06 20:43:42.066461,,
351a6751-5a1e-4ba2-bb6b-3cec7941e430,completed,2023-03-06 20:43:42.066461,X,
35222f7f-7cd7-4b97-96f7-46b749e521d6,completed,2023-03-06 20:43:42.066461,,
352b8869-0c48-4d96-bfdc-c68198cc8e49,completed,2023-03-06 20:43:42.066461,,
35317f1d-deb2-46ca-ae37-b9e8e78218f7,completed,2023-03-06 20:43:42.066461,,
3534edb5-e781-4a58-8165-5ab97f5f16da,completed,2023-03-06 20:43:42.066461,,
353bb755-3c6b-4ded-ba95-00fa62111654,completed,2023-03-06 20:43:42.066461,,
354259df-da36-4ef1-8ea1-ed31708a4e77,completed,2023-03-06 20:43:42.066461,,
35499ab0-31e1-4736-bcdb-a0a82622aedc,completed,2023-03-06 20:43:42.066461,,
3550fdcc-23bf-4e9f-bb84-6d6113708cdf,completed,2023-03-06 20:43:42.066461,,
3557e978-6779-4232-ba20-bdcf024740e3,completed,2023-03-06 20:43:42.066461,,
3560aea2-4654-41f4-bb74-c8e2619faf9a,completed,2023-03-06 20:43:42.066461,,
35695768-c181-4a0d-a21c-b9f74ba228bd,completed,2023-03-06 20:43:42.066461,,
356f36a0-a022-4a16-a59a-d6500f364188,completed,2023-03-06 20:43:42.066461,,
35756fa0-7f8c-4453-bda3-b8585cc4de23,completed,2023-03-06 20:43:42.066461,,
357655fb-2246-4393-b1d7-b680a6f14904,completed,2023-03-06 20:43:42.066461,,
3577851b-e8ab-4d51-a08c-3493650f5567,completed,2023-03-06 20:43:42.066461,,
357ce09d-f7fc-462d-8546-fbf9bf44d989,completed,2023-03-06 20:43:42.066461,,
35832d37-e94f-4e64-98a1-3af5f4a7271c,completed,2023-03-06 20:43:42.066461,,
35887e5b-99ac-495f-8d4e-b1d997b179ab,completed,2023-03-06 20:43:42.066461,,
358ac1e8-3e2d-4cbe-9f17-5f2550e76e88,completed,2023-03-06 20:43:42.066461,,
358b63a1-8b30-4860-9e5e-429a2543e7fb,completed,2023-03-06 20:43:42.066461,,
359a6cac-a908-4443-a0ec-93f4b3199ab8,completed,2023-03-06 20:43:42.066461,,
35a0593c-d625-4d7b-b844-e8b4b289b643,completed,2023-03-06 20:43:42.066461,,
35a0769b-e9ff-477b-9354-9ed0ae7f3a41,completed,2023-03-06 20:43:42.066461,,
35aed126-5176-44ea-a81d-58945bb4c932,completed,2023-03-06 20:43:42.066461,,
35b0c653-0e51-4815-8ceb-3ed55350025b,completed,2023-03-06 20:43:42.066461,,
35b30837-686e-4878-8a6b-6e69bac78950,completed,2023-03-06 20:43:42.066461,,
35b38305-1c88-4ba4-aba0-bcd35bdf4de4,completed,2023-03-06 20:43:42.066461,,
35bec0dd-31c9-4c5b-9e51-b2fd2cbf563f,completed,2023-03-06 20:43:42.066461,,
35c6f365-c8a7-470d-afff-af9ad2a82f26,completed,2023-03-06 20:43:42.066461,,
35c9edd0-449e-4d5e-bb4c-26071d7a73cb,completed,2023-03-06 20:43:42.066461,,
35ccd526-4248-41c2-a63c-1f5090eb1f1c,completed,2023-03-06 20:43:42.066461,,
35cddbc1-5419-4a1d-a578-99ef1067b72c,completed,2023-03-06 20:43:42.066461,,
35cfe351-a65e-4a8b-b140-cd3d49bc760b,completed,2023-03-06 20:43:42.066461,,
35d34822-9e27-41df-a79b-46d42615cf4f,completed,2023-03-06 20:43:42.066461,,
35d5b326-5899-4af9-83eb-94ad9f3c87fa,completed,2023-03-06 20:43:42.066461,,
35e47cc1-347d-4b6d-b3f8-593a88b89d8d,completed,2023-03-06 20:43:42.066461,,
35ea0edd-3e1b-462a-a1c7-35e7fc14b46d,completed,2023-03-06 20:43:42.066461,,
35eafe6b-f0d4-45e8-9eb6-57121160d032,completed,2023-03-06 20:43:42.066461,,
35f120f6-f767-4614-9721-bd8694fe53cf,completed,2023-03-06 20:43:42.066461,,
35ffd578-49fc-4c4e-89cc-aff9416e118f,completed,2023-03-06 20:43:42.066461,,
3600db5c-4293-4a36-ae5c-c5aa2855e911,completed,2023-03-06 20:43:42.066461,,
360c440c-621c-4ed6-9d00-36280e93141d,completed,2023-03-06 20:43:42.066461,,
360fa30b-ab4b-4b80-863c-4633bf0c230b,completed,2023-03-06 20:43:42.066461,,
36104f40-eec2-40d3-9f8f-7fbeac14dc7b,completed,2023-03-06 20:43:42.066461,,
36112033-3224-4fc6-94c2-3c7e0498bff4,completed,2023-03-06 20:43:42.066461,,
36136cfa-0299-4c19-a631-b5f380d0d9f5,completed,2023-03-06 20:43:42.066461,,
36193fc5-c2d1-410a-834a-4ff7f9492f53,completed,2023-03-06 20:43:42.066461,,
3619ef0d-06fb-49bc-8e49-7e61cf700149,completed,2023-03-06 20:43:42.066461,,
361ce041-d33e-485a-adb4-bf66acd66402,completed,2023-03-06 20:43:42.066461,,
361edcfb-e457-4f30-a198-ff5101e11d9f,completed,2023-03-06 20:43:42.066461,,
3625def8-8b2b-4bcb-bd4c-5e33c96d82af,completed,2023-03-06 20:43:42.066461,,
3626bcd6-a25a-4374-ad36-00d1033f1909,completed,2023-03-06 20:43:42.066461,,
363691c5-5e36-41aa-9930-70476fbf9243,completed,2023-03-06 20:43:42.066461,,
3639e981-c279-4d52-b358-62603b806d7c,completed,2023-03-06 20:43:42.066461,,
363c153b-8956-4254-b662-5cf807717948,completed,2023-03-06 20:43:42.066461,X,
363e096f-ce3c-4769-9cf1-9c7994e789b5,completed,2023-03-06 20:43:42.066461,,
3643d828-663c-40f7-947f-1babe970361a,completed,2023-03-06 20:43:42.066461,,
364476fe-1815-4b90-8b38-60f4392cc435,completed,2023-03-06 20:43:42.066461,,
36447c4f-daea-47d6-ad7e-426e263a667b,completed,2023-03-06 20:43:42.066461,X,
36481b3b-0d13-44c6-a16b-76340bb15a31,completed,2023-03-06 20:43:42.066461,,
36490f3d-2160-4274-a98b-64806a14a602,completed,2023-03-06 20:43:42.066461,,
36492901-cf4c-4bc8-81b9-194d17130087,completed,2023-03-06 20:43:42.066461,,
364ce3e0-f96b-4be8-87f1-245385650087,completed,2023-03-06 20:43:42.066461,,
364f4ed5-66be-4951-8f60-0c309c1b2fb6,completed,2023-03-06 20:43:42.066461,,
3665301b-45b6-4a84-836d-31f16e91c5c3,completed,2023-03-06 20:43:42.066461,,
366a2a8d-5f3b-4de7-99a4-5afc0f35dc0e,completed,2023-03-06 20:43:42.066461,,
366a9dcd-20d1-49de-8e2f-98c42b795b30,completed,2023-03-06 20:43:42.066461,,
366dacee-9057-4d20-a6ef-7fc90dad09ab,completed,2023-03-06 20:43:42.066461,,
3673c16d-7d33-4c8f-b641-5a732abc7888,completed,2023-03-06 20:43:42.066461,,
3678de33-80dd-4b3b-83a0-56ff5b98c786,completed,2023-03-06 20:43:42.066461,,
368bf07b-b334-464c-955d-4da58c689aaa,completed,2023-03-06 20:43:42.066461,,
368e743e-6a3a-41ee-9f7e-40f4857cd57c,completed,2023-03-06 20:43:42.066461,,
36a16805-4d1e-4406-9f90-ea95b6464fa2,completed,2023-03-06 20:43:42.066461,,
36ac2a7b-970f-4e61-9a79-c161cc984f8d,completed,2023-03-06 20:43:42.066461,,
36b0685b-ae58-45fc-8de1-2c369457b15a,completed,2023-03-06 20:43:42.066461,,
36b1135d-3cf3-4310-92a6-dacbdf18df19,completed,2023-03-06 20:43:42.066461,,
36c15dce-75d1-48ac-b160-86b2c3e97660,completed,2023-03-06 20:43:42.066461,,
36c4a452-0cc9-42e0-945b-ab684755fe77,completed,2023-03-06 20:43:42.066461,,
36c8a9ec-9f69-494b-9d0e-b5d63a8c69fd,completed,2023-03-06 20:43:42.066461,,
36de14c2-f284-45c1-a9c7-308e3d6858bd,completed,2023-03-06 20:43:42.066461,,
36e9b81a-0ae5-4d95-ab23-7e67f57397e2,completed,2023-03-06 20:43:42.066461,,
36ea536d-e092-4d0d-ae87-44ef60803f91,completed,2023-03-06 20:43:42.066461,,
36eae7fa-0b81-4c86-b13f-2471196647cc,completed,2023-03-06 20:43:42.066461,,
36f12cc1-2a51-455f-aac3-b2feb2890b75,completed,2023-03-06 20:43:42.066461,,
370a45c0-cf51-4a14-8f4f-3d617cf699f4,completed,2023-03-06 20:43:42.066461,,
37100cd6-7f0c-46a9-b89b-d794c85fb0fe,completed,2023-03-06 20:43:42.066461,,
37107d2b-5f68-42ad-91b5-880a5ff09a21,completed,2023-03-06 20:43:42.066461,,
371214a1-fb13-43fe-8331-79045ab83891,completed,2023-03-06 20:43:42.066461,,
37143852-be9f-47fa-a8e2-c938e0c39cda,completed,2023-03-06 20:43:42.066461,,
3718226e-5d2c-4de0-8af5-2eb8f18e91ad,completed,2023-03-06 20:43:42.066461,,
37194781-7820-497d-a3e0-ad6f044f789d,completed,2023-03-06 20:43:42.066461,,
37213e93-dd84-4c12-8435-302359c1905a,completed,2023-03-06 20:43:42.066461,,
37230cd6-3a8e-4a4e-be63-61614fef9abb,completed,2023-03-06 20:43:42.066461,,
37237cb5-7180-462e-b3ca-c00d65c86cb7,completed,2023-03-06 20:43:42.066461,,
3725c3fd-940f-4e0c-a881-bcbab2e08025,completed,2023-03-06 20:43:42.066461,,
373e79e9-c9b9-4925-95ce-890eaf942695,completed,2023-03-06 20:43:42.066461,,
3742de6b-b433-470f-85a3-c55aa7f0c2e1,completed,2023-03-06 20:43:42.066461,,
37452483-5ce3-4930-ae1c-1fffdd78660e,completed,2023-03-06 20:43:42.066461,,
374a9bca-ac7c-4f94-b0a8-920f48022ec2,completed,2023-03-06 20:43:42.066461,,
375237ab-29ed-4d6f-a676-9e53847a1ee5,completed,2023-03-06 20:43:42.066461,,
3761fa51-dded-4898-a031-d0ef8101d76d,completed,2023-03-06 20:43:42.066461,,
3773a94e-c91f-4570-8890-e282166f8ba8,completed,2023-03-06 20:43:42.066461,,
377503e8-c99c-4744-8c22-5e949626659e,completed,2023-03-06 20:43:42.066461,,
37752554-ff5d-438c-a593-c8059aa890ff,completed,2023-03-06 20:43:42.066461,,
377a0ed3-5d3a-40da-b182-413c4fc6a297,completed,2023-03-06 20:43:42.066461,,
377ff4b8-9471-4974-b352-cfc64e945092,completed,2023-03-06 20:43:42.066461,,
378777f5-3ea7-48fc-9c8a-11e88f27da39,completed,2023-03-06 20:43:42.066461,,
3789ac6b-c378-472c-b48b-12dfd86245d2,completed,2023-03-06 20:43:42.066461,,
378e8c9f-3132-4b3c-a2d6-a3a5b011ec92,completed,2023-03-06 20:43:42.066461,,
3792f5f1-484f-499e-9786-8706f7204bdb,completed,2023-03-06 20:43:42.066461,,
3794080c-4033-42c5-b075-77d3ed906607,completed,2023-03-06 20:43:42.066461,,
3795a86e-5d9e-45f9-bf06-8e724b93939b,completed,2023-03-06 20:43:42.066461,,
379fd1c9-c57d-4eb5-b29b-706e90b8214d,completed,2023-03-06 20:43:42.066461,,
37a0b805-f26a-41ba-ba72-822542bbe988,completed,2023-03-06 20:43:42.066461,,
37a7894d-0c50-43cc-87f8-2a690e973dbf,completed,2023-03-06 20:43:42.066461,,
37ab0b99-1bbd-4424-ba32-b4aa856ad812,completed,2023-03-06 20:43:42.066461,,
37af9b56-e1c4-4293-a361-930cf96a68e9,completed,2023-03-06 20:43:42.066461,,
37b61ad4-c185-4d4b-b728-1d48daed3c62,completed,2023-03-06 20:43:42.066461,,
37b7c89f-5f97-483d-82a7-02c236de88d8,completed,2023-03-06 20:43:42.066461,,
37b977a2-2c32-456c-a74b-7616d0bda289,completed,2023-03-06 20:43:42.066461,,
37c46caa-d626-48ac-b739-03317e9bc6b9,completed,2023-03-06 20:43:42.066461,,
37d37b8a-c32e-4b20-85bf-1e6b6c3adde5,completed,2023-03-06 20:43:42.066461,,
37d52e64-521c-420e-8755-18d51e86f013,completed,2023-03-06 20:43:42.066461,,
37eefafa-47c5-49d1-8076-6d1a057a24f8,completed,2023-03-06 20:43:42.066461,,
37f2960f-51da-4a2f-8426-54891cb7574c,completed,2023-03-06 20:43:42.066461,,
37f571d8-6831-4ee2-a54f-2906dff0ba1b,completed,2023-03-06 20:43:42.066461,,
380ade52-41f9-444f-b6e5-038f38431197,completed,2023-03-06 20:43:42.066461,,
380cbd05-0422-45d3-be39-8cefa8888a32,completed,2023-03-06 20:43:42.066461,,
3821cb0a-c5f7-47f3-9a58-1a4127cb182a,completed,2023-03-06 20:43:42.066461,,
3826fcda-8a5f-4f95-bd00-41124fcbfb6d,completed,2023-03-06 20:43:42.066461,,
382b6551-1b71-4e61-8050-8cc1feead451,completed,2023-03-06 20:43:42.066461,,
382b89db-f57f-4992-8298-f0f1d82ed380,completed,2023-03-06 20:43:42.066461,,
38382022-689a-4bdd-bea6-d244e9340a19,completed,2023-03-06 20:43:42.066461,,
38395e45-72c9-4a71-8ad1-1b2d871878cd,completed,2023-03-06 20:43:42.066461,,
383e2efc-4e74-4325-b88d-f1c0f908166b,completed,2023-03-06 20:43:42.066461,,
3846746c-c76a-40be-a667-fa68bbfc205a,completed,2023-03-06 20:43:42.066461,,
38475b66-58a3-4383-8f2d-cbdb55f456ca,completed,2023-03-06 20:43:42.066461,,
384dbe4a-87d0-4dd6-b24e-bd9ae5259b5a,completed,2023-03-06 20:43:42.066461,,
3851b9c4-c7eb-428a-a5b7-5a435acd4161,completed,2023-03-06 20:43:42.066461,,
385e3240-d924-467f-917f-f78357a6dc5f,completed,2023-03-06 20:43:42.066461,,
3862154a-a6a2-4f70-bb42-80ef8c3cca76,completed,2023-03-06 20:43:42.066461,,
3869095f-f66c-408d-acac-8f8e0013d6b8,completed,2023-03-06 20:43:42.066461,,
3869494a-97a7-4468-bdf2-8b26d674424a,completed,2023-03-06 20:43:42.066461,,
386b0e3a-1b02-492a-bae5-eda5fd8f60d6,completed,2023-03-06 20:43:42.066461,,
387cf751-c819-4e07-a94c-4a328bb2d18a,completed,2023-03-06 20:43:42.066461,,
387ebe8d-30d2-47ef-b873-b255353109bb,completed,2023-03-06 20:43:42.066461,,
38805546-8c0e-4029-8920-9fc8ff94c3d9,completed,2023-03-06 20:43:42.066461,,
3882c237-c477-4dc0-bc76-24185b1f83a1,completed,2023-03-06 20:43:42.066461,,
388670cd-7b6a-4bf5-bd2a-8a7f0481f2dd,completed,2023-03-06 20:43:42.066461,,
3888f757-f7af-4510-a473-381a68e90da7,completed,2023-03-06 20:43:42.066461,,
3890d54c-7a51-4c30-a70c-e75e324c6eac,completed,2023-03-06 20:43:42.066461,,
38941f97-72e3-4385-bb24-695b9748fd80,completed,2023-03-06 20:43:42.066461,,
389ac5a2-03bc-4e88-9944-aa539c040fb8,completed,2023-03-06 20:43:42.066461,,
38a16e44-bcac-4067-81df-15047ced4f37,completed,2023-03-06 20:43:42.066461,,
38a9ceb0-ce83-4e9b-87d7-954d069603d2,completed,2023-03-06 20:43:42.066461,,
38af1bf0-5a77-4175-abd0-d81826858a5c,completed,2023-03-06 20:43:42.066461,,
38af6ff3-d81b-4219-9682-cc82f3ab55cd,completed,2023-03-06 20:43:42.066461,,
38b187b0-7ab3-40f6-afd7-9bbe26639d65,completed,2023-03-06 20:43:42.066461,,
38b3a6df-2748-4bfc-a9cf-faafc416b1d1,completed,2023-03-06 20:43:42.066461,,
38b4fdbe-c40f-48ec-aef6-1247e4924073,completed,2023-03-06 20:43:42.066461,,
38b6cadf-02f2-4624-8c1f-67b504e0dfe3,completed,2023-03-06 20:43:42.066461,,
38b76a31-dac7-4abf-b1dd-9e3e7df1f35d,completed,2023-03-06 20:43:42.066461,,
38b98d2b-8123-4be0-89a2-4bc85022b08f,completed,2023-03-06 20:43:42.066461,,
38c1ad03-07d0-4745-8cb8-cfdb15d2c608,completed,2023-03-06 20:43:42.066461,,
38cdb3f4-300c-493f-9641-08a08eb9fb20,completed,2023-03-06 20:43:42.066461,,
38d01af6-535a-46fe-9d75-df591b8facad,completed,2023-03-06 20:43:42.066461,,
38d058a3-e1ac-4c5d-8b69-5168da78f941,completed,2023-03-06 20:43:42.066461,,
38dc214c-77ef-4f81-8e04-003995f9e2e2,completed,2023-03-06 20:43:42.066461,,
38dc6e56-f85a-4fbb-b9e0-f27c6fba648e,completed,2023-03-06 20:43:42.066461,,
38df0c55-b07a-493d-9371-163086b9f611,completed,2023-03-06 20:43:42.066461,,
38e0b83e-24cd-446a-bf0a-df2fbeb0e241,completed,2023-03-06 20:43:42.066461,,
38e84c66-5ce6-42d5-878f-8e785dac3ff2,completed,2023-03-06 20:43:42.066461,,
38f62c62-4a67-48d3-a24f-c1ab9618b3c9,completed,2023-03-06 20:43:42.066461,,
3900039b-697d-4bf0-92e0-a868840f6e01,completed,2023-03-06 20:43:42.066461,,
3900714d-1b78-4680-b2d1-77908821bd13,completed,2023-03-06 20:43:42.066461,,
3903ba89-23ab-406c-8095-2065f85d8946,completed,2023-03-06 20:43:42.066461,,
390fefea-8ceb-4718-bbee-fb02eadb3fcb,completed,2023-03-06 20:43:42.066461,,
3910f0a8-d6a5-48ee-b6d1-0c42bc46a717,completed,2023-03-06 20:43:42.066461,,
3914bff7-492b-4249-ad04-c8f4ffae999a,completed,2023-03-06 20:43:42.066461,,
39156aed-c681-4ca5-81d8-7a2295b47f64,completed,2023-03-06 20:43:42.066461,,
3919c6ee-fcd5-4dc4-a51a-c871ce149dbb,completed,2023-03-06 20:43:42.066461,,
391bd1ca-11c6-4ec8-b6f9-cce754713cc0,completed,2023-03-06 20:43:42.066461,,
391d9ddc-b26b-4ca2-b561-7da653465520,completed,2023-03-06 20:43:42.066461,,
3922d2fa-c6a0-4fc9-918f-9f68c8a95cf0,completed,2023-03-06 20:43:42.066461,,
3931d795-d625-4bb6-b7f3-f654daf0e5dc,completed,2023-03-06 20:43:42.066461,,
393f5e69-e344-4437-b80d-d270d79379a3,completed,2023-03-06 20:43:42.066461,,
394273fa-2f32-48e8-966d-abc4acac9344,completed,2023-03-06 20:43:42.066461,,
39442aef-f026-4bc1-a528-ec3c285d2acc,completed,2023-03-06 20:43:42.066461,,
3946794d-8705-4cf2-838a-1cb05042f49b,completed,2023-03-06 20:43:42.066461,,
39469b24-d31e-456d-b303-8cca60b4c8e2,completed,2023-03-06 20:43:42.066461,,
394d3d81-9200-4f3f-b653-fca017c76ea9,completed,2023-03-06 20:43:42.066461,,
394d6815-45f3-4925-bda7-e20869813675,completed,2023-03-06 20:43:42.066461,,
3969477e-b2d9-4268-b2c1-a183693aba21,completed,2023-03-06 20:43:42.066461,,
397b71ba-d752-41b7-9d40-2a613c99567e,completed,2023-03-06 20:43:42.066461,,
397ba9b7-7250-462d-9e87-6fbd7bcc8b8d,completed,2023-03-06 20:43:42.066461,,
397da923-bcae-4f62-9814-13dabacb6653,completed,2023-03-06 20:43:42.066461,,
397ddddd-fa1d-41f1-9743-9a3c8896e856,completed,2023-03-06 20:43:42.066461,,
398a33a4-6c75-4921-9b80-65a85632ff7c,completed,2023-03-06 20:43:42.066461,X,
39987875-3a2d-477c-b847-d4a737236c1d,completed,2023-03-06 20:43:42.066461,,
399baf1e-9146-4eeb-887f-5510e452654a,completed,2023-03-06 20:43:42.066461,,
399c141b-279f-4c0a-871c-e0ca81002cb2,completed,2023-03-06 20:43:42.066461,,
39abb398-79c8-4e44-9e6b-691b02f6a0a7,completed,2023-03-06 20:43:42.066461,,
39af7838-9d45-42fe-8862-dc358164b1a9,completed,2023-03-06 20:43:42.066461,,
39b7da94-ed8e-461d-8d07-6cf554059755,completed,2023-03-06 20:43:42.066461,,
39c23451-39ab-4804-be26-7c862616ecf6,completed,2023-03-06 20:43:42.066461,,
39c2c01a-f285-4e1a-8bc7-8fcb597409c2,completed,2023-03-06 20:43:42.066461,,
39c2f245-f5e6-411f-aae0-82dd656b0059,completed,2023-03-06 20:43:42.066461,,
39c9ee83-1798-4b0a-bd5f-c6af06017447,completed,2023-03-06 20:43:42.066461,,
39d20edc-a696-4ccc-a91d-f29f916b6bd5,completed,2023-03-06 20:43:42.066461,X,
39dbaeb5-075d-4806-925b-b13d8c8b3bf7,completed,2023-03-06 20:43:42.066461,,
39dc1630-af64-4558-9039-84e9a6433de6,completed,2023-03-06 20:43:42.066461,,
3a088a37-0e57-48dd-b864-3050949966f9,completed,2023-03-06 20:43:42.066461,,
3a09795b-1a54-442c-a73f-2b0acc73f38f,completed,2023-03-06 20:43:42.066461,,
3a0c5d6e-bc4f-44ee-8a75-59950bba3cf5,completed,2023-03-06 20:43:42.066461,,
3a0fa5dc-6971-4526-9b79-d32d98168593,completed,2023-03-06 20:43:42.066461,,
3a128638-6c5b-49ff-9cfe-61cea39fb204,completed,2023-03-06 20:43:42.066461,,
3a12c47d-bac4-4e00-8ccf-eeefda89a267,completed,2023-03-06 20:43:42.066461,,
3a159aed-37e6-406b-b131-5e34f3441504,completed,2023-03-06 20:43:42.066461,,
3a215634-ddd0-45fb-80fa-4481e8deac4d,completed,2023-03-06 20:43:42.066461,,
3a216c21-7a57-45f0-b67c-9e9e33b44ddd,completed,2023-03-06 20:43:42.066461,,
3a2b155a-9fed-4fcf-abe0-20d599e615e4,completed,2023-03-06 20:43:42.066461,,
3a367797-92e1-495c-b63e-13fea2c1c1b9,completed,2023-03-06 20:43:42.066461,,
3a410b1a-942a-429a-998b-61c8620431fd,completed,2023-03-06 20:43:42.066461,,
3a49e26b-1fb7-4dd8-bd3f-6f0a9aa2cdba,completed,2023-03-06 20:43:42.066461,,
3a49ff6c-9146-4b6b-967c-ce4c8e3fc1e7,completed,2023-03-06 20:43:42.066461,,
3a4ee48e-256a-4c13-ad52-220051662d20,completed,2023-03-06 20:43:42.066461,,
3a53d6de-32e1-438e-878f-b4aa116ffd9a,completed,2023-03-06 20:43:42.066461,,
3a579524-09eb-4a9b-bc7e-6384caa4af52,completed,2023-03-06 20:43:42.066461,,
3a59bb57-594f-4f69-bd28-d731f524e333,completed,2023-03-06 20:43:42.066461,,
3a5d91d8-858c-46f8-a163-72b45602937c,completed,2023-03-06 20:43:42.066461,,
3a6425a2-f74b-4299-82be-b79f9aee68ac,completed,2023-03-06 20:43:42.066461,,
3a6dfaeb-4185-4673-8277-6ffc71f283d7,completed,2023-03-06 20:43:42.066461,,
3a7162a5-5d67-4d5e-ae39-10f3ea18efcd,completed,2023-03-06 20:43:42.066461,,
3a7872a5-e308-47a4-a448-32f194e699ae,completed,2023-03-06 20:43:42.066461,,
3a7c3bfd-6af4-4103-972a-d7671a922261,completed,2023-03-06 20:43:42.066461,,
3a83d211-ebf3-45e2-93f2-d9dde061e4a1,completed,2023-03-06 20:43:42.066461,,
3a8b000b-4385-434b-8564-9aa4646026a8,completed,2023-03-06 20:43:42.066461,,
3a90abac-1cf5-42cc-a777-fe4c95577c4e,completed,2023-03-06 20:43:42.066461,,
3a984bb7-be3e-4103-8d66-9c8a20e5bdb3,completed,2023-03-06 20:43:42.066461,,
3aa047a5-3b43-4802-9d2c-4552552a2306,completed,2023-03-06 20:43:42.066461,,
3aa30b45-05b3-4cad-8035-4e2e3836b5ae,completed,2023-03-06 20:43:42.066461,,
3aa85ad3-d316-479b-97e3-c86572d9e19f,completed,2023-03-06 20:43:42.066461,,
3aaa1f94-5a76-45e0-99c8-b9b71e3e9044,completed,2023-03-06 20:43:42.066461,,
3aab5fd7-09cd-498a-b14c-7574deec5284,completed,2023-03-06 20:43:42.066461,,
3ab96ea7-9794-43b8-9d24-738a9cb3c8cf,completed,2023-03-06 20:43:42.066461,,
3ac5bc45-23db-4d40-919f-960062c58195,completed,2023-03-06 20:43:42.066461,,
3ac9ae36-cd31-49d7-98f7-71c207e9aebe,completed,2023-03-06 20:43:42.066461,,
3acd1a2f-749a-4a3f-ac62-4ab6af5e9fba,completed,2023-03-06 20:43:42.066461,,
3acf6930-d552-47e6-aa01-017b8893ba88,completed,2023-03-06 20:43:42.066461,,
3ad4c53b-760c-4687-9ec6-560f8751a68c,completed,2023-03-06 20:43:42.066461,,
3ad75f9f-3f26-4d7c-aa04-00a47879fb8f,completed,2023-03-06 20:43:42.066461,,
3ae07c56-a7a5-4f1f-9ab4-7d33ec7b0c6a,completed,2023-03-06 20:43:42.066461,,
3aee0af7-2398-4b77-9b7c-c65614db458b,completed,2023-03-06 20:43:42.066461,,
3af10527-bd6d-4e41-8a51-4b91dd1f7c5f,completed,2023-03-06 20:43:42.066461,,
3af2d4f0-b128-4514-9704-8839670e9a55,completed,2023-03-06 20:43:42.066461,,
3af3a96e-4cfb-476c-b9fb-f805b93b1e7f,completed,2023-03-06 20:43:42.066461,,
3af4e6e4-60b0-4e8a-afba-9c5bb8516f16,completed,2023-03-06 20:43:42.066461,,
3af7ddda-524d-482b-ae55-e94b3b80e6cd,completed,2023-03-06 20:43:42.066461,,
3affd76f-b69f-4e30-b594-e6a91e3fa898,completed,2023-03-06 20:43:42.066461,,
3b0203a2-b322-49f6-92f0-fb2e7d4d42ce,completed,2023-03-06 20:43:42.066461,,
3b07ad2b-6a4c-4aa8-8f70-d0e8b9d23ac9,completed,2023-03-06 20:43:42.066461,,
3b090901-0abe-44c5-93d7-20090d48bd41,completed,2023-03-06 20:43:42.066461,,
3b0a483d-9eb8-4545-97ac-36e33fc23b54,completed,2023-03-06 20:43:42.066461,,
3b13ca3e-1fe8-4235-b2a9-bb843e447741,completed,2023-03-06 20:43:42.066461,,
3b166e69-4d88-4404-a8b4-76c54424ddc9,completed,2023-03-06 20:43:42.066461,,
3b268180-434e-4b1e-9152-0028043fe9c0,completed,2023-03-06 20:43:42.066461,,
3b2d7e1b-9c26-492d-af3c-a42ff8b69782,completed,2023-03-06 20:43:42.066461,,
3b31f62b-6f93-4a92-9b9b-e21ab3e9ed84,completed,2023-03-06 20:43:42.066461,,
3b372634-8cca-48fe-9934-fe593991382a,completed,2023-03-06 20:43:42.066461,,
3b47fbf3-65bc-4dc0-a364-d50db4c0b7e5,completed,2023-03-06 20:43:42.066461,,
3b4f1768-ca53-467d-a28d-95a4a3774466,completed,2023-03-06 20:43:42.066461,,
3b633ec6-1e3a-4270-8ba7-e13f37b1de6d,completed,2023-03-06 20:43:42.066461,,
3b6d9695-1ba1-4f1b-afc3-159692ad6a78,completed,2023-03-06 20:43:42.066461,,
3b71822f-5cd4-47d6-8663-6e4a394df480,completed,2023-03-06 20:43:42.066461,,
3b71fb2a-a5ed-4b3e-8782-5b12388a7b38,completed,2023-03-06 20:43:42.066461,,
3b7a162a-98aa-479d-a8b3-5afaf850c400,completed,2023-03-06 20:43:42.066461,,
3b7b8204-802e-4ca2-8ef1-ef153c144f74,completed,2023-03-06 20:43:42.066461,,
3b882cfd-a033-4c66-96d9-36b5be1c24e8,completed,2023-03-06 20:43:42.066461,,
3b8a463c-0383-4f38-882f-c1c39b34c1a0,completed,2023-03-06 20:43:42.066461,,
3b8bb47f-e489-4f6a-a0e6-432e44dbec1a,completed,2023-03-06 20:43:42.066461,,
3b938cf9-f07c-4ba9-9655-902f07873c39,completed,2023-03-06 20:43:42.066461,,
3b942199-a15a-4bf5-a68f-71c823a5cf47,completed,2023-03-06 20:43:42.066461,,
3b9824ce-72a8-4be8-910b-36c2b66388f7,completed,2023-03-06 20:43:42.066461,,
3ba751ea-24ad-4e08-bcae-4605eb9ffee3,completed,2023-03-06 20:43:42.066461,,
3ba89aad-614c-4d41-817d-98ecf5ab55e9,completed,2023-03-06 20:43:42.066461,,
3bab2da1-d377-4639-a32b-95fb99198361,completed,2023-03-06 20:43:42.066461,,
3baec105-ccee-4e30-a173-3e92eb4efd12,completed,2023-03-06 20:43:42.066461,,
3bc94dc1-63f3-47cd-9bd0-2a4e9a9537ba,completed,2023-03-06 20:43:42.066461,,
3bcec372-37ce-41cf-9cd6-462522fd58cd,completed,2023-03-06 20:43:42.066461,,
3bcecba9-d285-4e09-af90-6ddec7f96f21,completed,2023-03-06 20:43:42.066461,,
3bd023b4-c733-43b7-911e-5a759c355fb2,completed,2023-03-06 20:43:42.066461,,
3bd49410-5a1b-4263-aa31-a883d904519e,completed,2023-03-06 20:43:42.066461,,
3bd6136b-15f8-4cfa-9fb1-705c9d6ae145,completed,2023-03-06 20:43:42.066461,,
3be253b5-ad43-4ce6-b248-5da9a8e994ef,completed,2023-03-06 20:43:42.066461,,
3be77517-d89d-42a2-84f3-dca1373d9f76,completed,2023-03-06 20:43:42.066461,,
3bea636d-23ed-46e9-aa06-d8786075531c,completed,2023-03-06 20:43:42.066461,,
3bf5c061-f6d7-4362-9b78-0eb7e7a14afa,completed,2023-03-06 20:43:42.066461,,
3bffb593-22d3-4bbc-82e0-c07dd0835022,completed,2023-03-06 20:43:42.066461,,
3c0498ca-de41-4155-837c-4af53f59bfe3,completed,2023-03-06 20:43:42.066461,,
3c0c93c5-5204-4b61-849c-0c855f695702,completed,2023-03-06 20:43:42.066461,,
3c0ca6d2-e356-4197-b4ff-a13593de0982,completed,2023-03-06 20:43:42.066461,,
3c103786-ebcf-4412-9193-87471ff7e3c1,completed,2023-03-06 20:43:42.066461,,
3c14f312-4c36-4f2c-b9a4-f0c2bbf52ad0,completed,2023-03-06 20:43:42.066461,,
3c1589fa-a505-4a14-8931-623aa6ced754,completed,2023-03-06 20:43:42.066461,,
3c17f6b4-fbb3-43ce-9643-da23aea47572,completed,2023-03-06 20:43:42.066461,,X
3c18e100-e4db-4ba9-ae4c-9e97482fe539,completed,2023-03-06 20:43:42.066461,,
3c25b502-c65a-4233-980b-186132d282c8,completed,2023-03-06 20:43:42.066461,,
3c26d2e2-100a-4555-90d3-08814a51c6f6,completed,2023-03-06 20:43:42.066461,,
3c294940-4ee8-4791-bf8c-5f99e646ed1a,completed,2023-03-06 20:43:42.066461,,
3c2d4fa8-8d57-4384-9af3-dcd41a095903,completed,2023-03-06 20:43:42.066461,,
3c37c011-b529-4746-8cb8-bd7a276e9964,completed,2023-03-06 20:43:42.066461,,
3c507a20-b552-4420-8464-be68ba239aba,completed,2023-03-06 20:43:42.066461,,
3c58d0c0-5dad-4f4f-8690-e3f2949c8960,completed,2023-03-06 20:43:42.066461,,
3c5feb79-bf6d-4409-bffc-1e39ac1902fc,completed,2023-03-06 20:43:42.066461,,
3c6732a5-a2aa-4d08-82ca-a7b5d5b54714,completed,2023-03-06 20:43:42.066461,,
3c6d0d3e-6a44-4ecf-8e99-9d6da39f27e6,completed,2023-03-06 20:43:42.066461,,
3c6d62ba-e367-44f9-96b8-d6eea4134f95,completed,2023-03-06 20:43:42.066461,,
3c6e5ae8-8dc2-45d0-8090-6c2a6b70d16b,completed,2023-03-06 20:43:42.066461,,
3c769ccb-c280-4e87-a92e-e5460491dc23,completed,2023-03-06 20:43:42.066461,,
3c842a39-13f3-412c-8635-288a66e0aeb1,completed,2023-03-06 20:43:42.066461,,
3c8eb0ba-4926-42d6-be36-8bff6e345869,completed,2023-03-06 20:43:42.066461,,
3c9357cc-7c47-448b-9ff1-bff813c2d6c5,completed,2023-03-06 20:43:42.066461,,
3c9ffd44-2489-4c0a-8f75-21b3eac606ee,completed,2023-03-06 20:43:42.066461,,
3ca07602-19d1-46c6-8983-cae2dbcf47c7,completed,2023-03-06 20:43:42.066461,,
3ca0cdea-a21b-486f-b262-74fb934dc5ee,completed,2023-03-06 20:43:42.066461,,
3cb3a72a-35b5-42f5-8b03-aeb0b09fc61e,completed,2023-03-06 20:43:42.066461,,
3cb5e32a-e8da-4273-89e1-aed4d16b2598,completed,2023-03-06 20:43:42.066461,,
3cb6cf5f-6118-481e-9cdf-6d59f909a4ee,completed,2023-03-06 20:43:42.066461,,
3cb97b9a-e762-4ca4-9bf6-04072d2ee6ec,completed,2023-03-06 20:43:42.066461,,
3cc01463-d3e9-4b95-8d59-f5a3f988d7ce,completed,2023-03-06 20:43:42.066461,,
3ccf307f-4acd-4f56-9283-e37d9e5088e4,completed,2023-03-06 20:43:42.066461,,
3cd35814-e531-4145-9d96-b0b39bc2600d,completed,2023-03-06 20:43:42.066461,,
3cd539aa-ee9d-4892-9a8d-3ddf0afb95a3,completed,2023-03-06 20:43:42.066461,,
3cd66dd7-0015-4bda-b5a1-7670b56a67e9,completed,2023-03-06 20:43:42.066461,,
3ce45cf4-ced1-4c65-8b50-6944360d9e4a,completed,2023-03-06 20:43:42.066461,,
3cee4c52-a14d-4f45-b602-ce740d231e28,completed,2023-03-06 20:43:42.066461,,
3cf80d21-e4d5-40c3-9757-03fe2f1d0f82,completed,2023-03-06 20:43:42.066461,,
3cfa90b6-715a-4280-a5e6-ac137c8bf7c2,completed,2023-03-06 20:43:42.066461,,
3d23c14d-4962-44b4-beec-6d9be7636105,completed,2023-03-06 20:43:42.066461,,
3d29c645-a804-4542-a197-b0219ed63610,completed,2023-03-06 20:43:42.066461,,
3d2a6283-c514-4187-a4e5-a10c2ad4024a,completed,2023-03-06 20:43:42.066461,,
3d2e1813-ce5d-4c4d-99c3-59740b4a043f,completed,2023-03-06 20:43:42.066461,,
3d351679-b226-422a-b5e4-a8341a6223cf,completed,2023-03-06 20:43:42.066461,,
3d3d0a68-d0e4-46b7-9d1d-0375fc48ea0f,completed,2023-03-06 20:43:42.066461,,
3d3f292f-6637-462e-b345-0ba721a955b5,completed,2023-03-06 20:43:42.066461,,
3d423875-bf63-4e70-bb01-d48eaa65936e,completed,2023-03-06 20:43:42.066461,,
3d45c9b5-03a9-4e56-b62d-7801d671b594,completed,2023-03-06 20:43:42.066461,,
3d56a3f2-b000-4dbb-b573-e89b9d72c17a,completed,2023-03-06 20:43:42.066461,X,
3d5934f7-932d-4d5a-a503-7b530dee31e2,completed,2023-03-06 20:43:42.066461,,
3d5be784-8014-4160-a120-4440e9ccdfa7,completed,2023-03-06 20:43:42.066461,,
3d67130f-4014-42a7-8ad6-83bc2c033ae5,completed,2023-03-06 20:43:42.066461,,
3d734fdd-799b-44dc-8fbb-8acb233f9ceb,completed,2023-03-06 20:43:42.066461,,
3d8134b4-caad-437b-a928-672c5fbf1527,completed,2023-03-06 20:43:42.066461,,
3d91a1be-f268-4215-869b-b1ff915bed05,completed,2023-03-06 20:43:42.066461,,
3d94119b-f85c-45d4-816e-0d66cb694295,completed,2023-03-06 20:43:42.066461,,
3d95be6c-376c-4a71-967f-c17351bd1250,completed,2023-03-06 20:43:42.066461,,
3d99287b-6bf4-483e-ba08-db226ac309d6,completed,2023-03-06 20:43:42.066461,,
3d995317-2579-4cf6-aaae-da6d67d17fd9,completed,2023-03-06 20:43:42.066461,,
3da5dc27-b615-4ea6-9e3e-10da93b0ac75,completed,2023-03-06 20:43:42.066461,,
3da634f0-130c-490e-8b86-0d47cb615aa4,completed,2023-03-06 20:43:42.066461,,
3da6e55b-dd09-4894-a0bf-9e7730d62609,completed,2023-03-06 20:43:42.066461,,
3dabb8dc-144c-4efb-ac38-27bf8720944f,completed,2023-03-06 20:43:42.066461,,
3db04da5-788d-43c3-8ea7-d597d3d8cb5a,completed,2023-03-06 20:43:42.066461,,
3db2117b-98ed-4f3d-88e2-1c36b211fcd9,completed,2023-03-06 20:43:42.066461,,
3db6a24e-2c46-452d-ba63-8c1ed610db2b,completed,2023-03-06 20:43:42.066461,,
3dbe2c16-b839-4fe5-9406-acf3cb212462,completed,2023-03-06 20:43:42.066461,,
3dcb7961-075a-41d9-82aa-a8e561053d08,completed,2023-03-06 20:43:42.066461,,
3de1ac49-6b87-46ea-b601-6be65cd51ef8,completed,2023-03-06 20:43:42.066461,,
3df6e768-42d4-4f9b-a338-185d0a606e1f,completed,2023-03-06 20:43:42.066461,,
3df6f57b-1484-4da9-bf39-f183745a2169,completed,2023-03-06 20:43:42.066461,,
3e067e5a-d679-448c-860b-e03c11039eb2,completed,2023-03-06 20:43:42.066461,,
3e12a92f-2b6d-4fa1-b166-ac690f2705be,completed,2023-03-06 20:43:42.066461,,
3e14ee7c-9a7a-499f-8eb7-114a9e715421,completed,2023-03-06 20:43:42.066461,,
3e2216d6-4915-49e8-a76c-7188ccbea94d,completed,2023-03-06 20:43:42.066461,,
3e245925-78b0-4e6d-86af-c09ccf48515c,completed,2023-03-06 20:43:42.066461,,
3e26bb8b-730c-4140-ae37-336cc4016d63,completed,2023-03-06 20:43:42.066461,,
3e2869c4-a5a6-46d4-bf2b-a95920906090,completed,2023-03-06 20:43:42.066461,,
3e2db392-3140-4bf5-9ee3-f4b467390c8f,completed,2023-03-06 20:43:42.066461,,
3e2f7326-8765-4c06-8ac6-1fda48c01c17,completed,2023-03-06 20:43:42.066461,,
3e36102b-97f2-4cbe-b3f4-4142669fae48,completed,2023-03-06 20:43:42.066461,,
3e3674e2-8a28-4716-9fa1-27c5fc644010,completed,2023-03-06 20:43:42.066461,,
3e3dd834-66b4-4469-a2e3-8b3a3b05a3fd,completed,2023-03-06 20:43:42.066461,,
3e3eb025-de4f-4332-bf14-c7b649af0a73,completed,2023-03-06 20:43:42.066461,,
3e3f6ac3-0fe1-4df8-a5aa-f7161a055900,completed,2023-03-06 20:43:42.066461,,
3e4126e7-6422-445e-84e0-ffc2a03e0bae,completed,2023-03-06 20:43:42.066461,,
3e415cef-6a27-4f5a-b0d3-ac2b11d61763,completed,2023-03-06 20:43:42.066461,,
3e4a1d5a-c185-4933-9d15-45f0751942fc,completed,2023-03-06 20:43:42.066461,,
3e4f203e-0fdc-4359-a2e6-4799d3807915,completed,2023-03-06 20:43:42.066461,,
3e502f49-f5a2-45bf-9719-e3b2b6729a84,completed,2023-03-06 20:43:42.066461,,
3e56d6e8-c64f-40e4-8021-6c2b559ff3e7,completed,2023-03-06 20:43:42.066461,,
3e572a12-05c1-4037-9dfc-6cc413b40c23,completed,2023-03-06 20:43:42.066461,,
3e57d9e8-da98-4338-a781-5b9e0957f40e,completed,2023-03-06 20:43:42.066461,,
3e5f432a-c616-4dc3-a4be-0db0757f4c29,completed,2023-03-06 20:43:42.066461,,
3e64c147-79a0-4a3b-b37c-6c9838602d96,completed,2023-03-06 20:43:42.066461,,
3e654520-31ad-47e0-a1bd-66ab282efe2a,completed,2023-03-06 20:43:42.066461,,
3e697430-e328-4996-8aa9-553a4f8c343b,completed,2023-03-06 20:43:42.066461,,
3e6a2f83-65d8-47bf-aa1c-11e73376d624,completed,2023-03-06 20:43:42.066461,,
3e6c3d58-20f9-492a-b902-944157e2b69f,completed,2023-03-06 20:43:42.066461,,
3e79a563-67f1-48ba-a6ea-406e92b076fd,completed,2023-03-06 20:43:42.066461,,
3e88c2d5-f91a-42f8-ac07-df30c2ce04ef,completed,2023-03-06 20:43:42.066461,,
3e9199a8-2c8f-44cd-a50e-3366c37a9fd3,completed,2023-03-06 20:43:42.066461,,
3e973f65-d9d0-4217-b6e9-d4d38f55e6cd,completed,2023-03-06 20:43:42.066461,,
3e98c525-682c-4b02-93d1-2c9a71b33ecf,completed,2023-03-06 20:43:42.066461,,
3e9944e8-434d-44cd-b860-2cbdb0a54471,completed,2023-03-06 20:43:42.066461,,
3ea0f221-7112-4502-856e-32dce129f727,completed,2023-03-06 20:43:42.066461,,
3ea7f5e0-9849-4277-8a41-37e7587f916a,completed,2023-03-06 20:43:42.066461,,
3eb1e539-8c29-439f-b8b3-6bfbcd5d048c,completed,2023-03-06 20:43:42.066461,,
3ebafd76-3f5d-4e48-b61e-fb32107c9d48,completed,2023-03-06 20:43:42.066461,,
3ebfcce3-7d64-454b-88a7-76a87215f1c9,completed,2023-03-06 20:43:42.066461,,
3ed38cdd-9b2d-40b2-a8a8-ae81f12573f6,completed,2023-03-06 20:43:42.066461,,
3ed91097-6c51-4549-8d9e-1eb17e64b379,completed,2023-03-06 20:43:42.066461,,
3edb0d97-5d6b-4e47-b898-73c56320ae81,completed,2023-03-06 20:43:42.066461,,
3ee0a8e7-c4c8-439a-873e-96bcc5af6d6c,completed,2023-03-06 20:43:42.066461,,
3ee5fe23-d856-4f15-a649-d0a597747b68,completed,2023-03-06 20:43:42.066461,,
3ee868d8-b113-4067-9adf-614520cdf8f0,completed,2023-03-06 20:43:42.066461,,
3eea99af-eec4-4c66-b21f-a6734d9f7839,completed,2023-03-06 20:43:42.066461,,
3ef0473c-124e-4e4f-99bb-af4a53c8ff5b,completed,2023-03-06 20:43:42.066461,,
3ef3e187-99ce-43e1-b686-4e112d216ff7,completed,2023-03-06 20:43:42.066461,,
3efdba1d-32f4-4b98-89a8-20ff46cc6190,completed,2023-03-06 20:43:42.066461,X,
3f026f43-059c-4545-9777-3aca19fdd4de,completed,2023-03-06 20:43:42.066461,,
3f02eff9-9830-42fb-8fde-dc5a947f6aa5,completed,2023-03-06 20:43:42.066461,,
3f057bdb-b56c-4947-8372-ea987abea624,completed,2023-03-06 20:43:42.066461,,
3f06a20b-9ef5-44ff-a472-beaa9afc74b1,completed,2023-03-06 20:43:42.066461,,X
3f0e502c-5f06-4728-8b8b-f6200ea4642d,completed,2023-03-06 20:43:42.066461,,
3f155c7e-298e-4c74-9869-0cb61dee8673,completed,2023-03-06 20:43:42.066461,,
3f22c087-1284-4393-8a29-1444536e0b92,completed,2023-03-06 20:43:42.066461,,
3f2ac62a-08e5-4005-81fe-c9e0e4774528,completed,2023-03-06 20:43:42.066461,,
3f302e56-0366-4b96-bf1b-41c8c4f35137,completed,2023-03-06 20:43:42.066461,,
3f30f85a-1cde-4fe4-bf45-a8a818c6e2f6,completed,2023-03-06 20:43:42.066461,,
3f36ffb2-9341-438f-8ca4-deb2df6f469b,completed,2023-03-06 20:43:42.066461,,
3f41d80d-f90d-406a-b054-05a874baf5b7,completed,2023-03-06 20:43:42.066461,,
3f448716-59c8-4ce0-aee4-0ed468d3403f,completed,2023-03-06 20:43:42.066461,,
3f4646d4-93e4-440c-9b82-b846f48db0db,completed,2023-03-06 20:43:42.066461,,
3f5b5a7f-c116-4cc2-b3e6-bfe44406cf9e,completed,2023-03-06 20:43:42.066461,,
3f638714-dd23-46de-b16c-a611885d178c,completed,2023-03-06 20:43:42.066461,,
3f676bfb-1cd6-4597-8020-86fb523920f0,completed,2023-03-06 20:43:42.066461,,
3f67d352-b71c-42be-afb4-e4d5ac45b8c4,completed,2023-03-06 20:43:42.066461,,
3f684251-5470-47e2-8cb9-080c83397569,completed,2023-03-06 20:43:42.066461,,
3f6a8195-5d49-411a-89e1-3d96bbe7d6c8,completed,2023-03-06 20:43:42.066461,,
3f765052-f6e2-42f2-9726-506d2e0d429b,completed,2023-03-06 20:43:42.066461,,
3f913430-e456-4c95-b4e5-7bf4cf3d4e21,completed,2023-03-06 20:43:42.066461,,
3f940d41-f264-4b92-983d-e83d26d5eeff,completed,2023-03-06 20:43:42.066461,,
3f9fd6b2-0da2-4cff-8052-3515947e2ce4,completed,2023-03-06 20:43:42.066461,,
3fa4b0b5-4497-4cf8-9e24-f73ce384813e,completed,2023-03-06 20:43:42.066461,,
3fb719a1-00d7-4424-8976-2f7abe771318,completed,2023-03-06 20:43:42.066461,,
3fbe034a-853c-4f00-9a8d-76097c69472d,completed,2023-03-06 20:43:42.066461,,
3fc05d10-5c42-4d36-9005-bf4ac8fbefdb,completed,2023-03-06 20:43:42.066461,,
3fd0058a-24bf-4dcd-be98-194980878f1b,completed,2023-03-06 20:43:42.066461,,
3fd5fef9-b5eb-4c7f-9f33-c384a58c99fc,completed,2023-03-06 20:43:42.066461,,
3fd70422-2b27-417e-8aaf-062e4729a85b,completed,2023-03-06 20:43:42.066461,,
3fd904de-470f-42c5-80ae-9d95874b79ec,completed,2023-03-06 20:43:42.066461,,
3fda3f77-dd82-4b18-a603-c974730b22c6,completed,2023-03-06 20:43:42.066461,,
3fe20464-8cbd-425d-abc5-fe398723a5ab,completed,2023-03-06 20:43:42.066461,,
3fee668b-6a57-4bca-973d-31159e7c26e2,completed,2023-03-06 20:43:42.066461,,
3ff518ef-d311-4eec-893e-1cad7a6481d8,completed,2023-03-06 20:43:42.066461,,
3ff82cbc-b0b1-4a55-a9eb-9a82c74c1af7,completed,2023-03-06 20:43:42.066461,X,
3ffddd9b-352f-49bb-b7ed-6b52ffb2e19f,completed,2023-03-06 20:43:42.066461,,
4000c378-02b9-4e5d-9a78-f9ec75d9cb49,completed,2023-03-06 20:43:42.066461,,
4002eb76-c289-4574-8e0a-8ca7dce5ab21,completed,2023-03-06 20:43:42.066461,,
4006286d-611c-4d2c-bd42-3a3682621747,completed,2023-03-06 20:43:42.066461,,
400b332a-d605-45ed-93bd-e5bfc88a246b,completed,2023-03-06 20:43:42.066461,,
401040dd-9fb0-4bf4-b473-f3942b47ce9a,completed,2023-03-06 20:43:42.066461,,
40124c0d-084f-42f1-bc80-78accd5af470,completed,2023-03-06 20:43:42.066461,,
4012daf6-dc54-4e34-b4d6-853563cfcc12,completed,2023-03-06 20:43:42.066461,,
4020f71b-6d07-40a5-a633-16b996c06298,completed,2023-03-06 20:43:42.066461,,
402aebcd-5349-4ed0-aebd-7100c73ecaf5,completed,2023-03-06 20:43:42.066461,,
402f4913-2d1f-444d-9ee9-6882811b0ddf,completed,2023-03-06 20:43:42.066461,,
403c695a-ee64-4cdc-8175-4d4c4e90f43b,completed,2023-03-06 20:43:42.066461,,
40445461-16c8-4b8b-8b97-89722ee950a5,completed,2023-03-06 20:43:42.066461,,
4049bfcb-7159-42e2-80a7-03ebb95f6a54,completed,2023-03-06 20:43:42.066461,,
404d5746-e137-4ab5-b051-67540190b869,completed,2023-03-06 20:43:42.066461,,
404dbced-70aa-40b3-a479-15a781ab774f,completed,2023-03-06 20:43:42.066461,,
4051d467-87ab-4dd1-bec3-332941abb2f0,completed,2023-03-06 20:43:42.066461,,
405af10c-4ce0-46a4-981d-29bde3725c6a,completed,2023-03-06 20:43:42.066461,,
40683037-4722-4599-8ffd-abaeaef12a89,completed,2023-03-06 20:43:42.066461,,
407cc5f6-5ba7-4e7b-8cb5-6a566cd7135d,completed,2023-03-06 20:43:42.066461,,
407f4544-0155-44b9-b396-47390caefb1f,completed,2023-03-06 20:43:42.066461,,
407f6d91-cb63-4a98-93ba-782c3bdb431b,completed,2023-03-06 20:43:42.066461,,
409d63f7-9169-4ce2-b14d-58def8d150cb,completed,2023-03-06 20:43:42.066461,,
40a1aeae-ce65-4513-ab6a-99085144c671,completed,2023-03-06 20:43:42.066461,,
40a2fbd0-a048-41cf-9a6d-b2bdaf1d7d3e,completed,2023-03-06 20:43:42.066461,,
40a63d78-1f4b-4ab2-95dc-fa4fbe256a9a,completed,2023-03-06 20:43:42.066461,,
40b81f4f-cd60-4ba5-abe6-1ae0c666aaf8,completed,2023-03-06 20:43:42.066461,,
40cb8530-4d03-483c-a91f-5017e1e9ed43,completed,2023-03-06 20:43:42.066461,,
40d056b3-fa0b-40e6-bb07-aad9234021bc,completed,2023-03-06 20:43:42.066461,,
40daa606-e8bc-4846-aec1-744ae616c5a5,completed,2023-03-06 20:43:42.066461,,
40dd2bdd-cf67-4513-bc21-b703520cf367,completed,2023-03-06 20:43:42.066461,,
40e1351d-2c00-4c3a-a8e8-a8f29fa7ad49,completed,2023-03-06 20:43:42.066461,,
40e14f1a-47ac-4631-9ccc-5d7779684659,completed,2023-03-06 20:43:42.066461,,
40e49d53-9a6f-4e67-b6ed-b73bd021e3a2,completed,2023-03-06 20:43:42.066461,,
40e5b838-2eaf-4e4d-a86c-523151774f6f,completed,2023-03-06 20:43:42.066461,,
40ec08d0-9f66-4a80-918c-c1a15b1486dc,completed,2023-03-06 20:43:42.066461,,
40ef8d5c-61d2-40d3-9deb-c2ab82f622a5,completed,2023-03-06 20:43:42.066461,,
40f98624-6067-47bd-aa4c-b067088d3705,completed,2023-03-06 20:43:42.066461,,
40fa2d83-5da6-4b35-b6bf-34c3adc4de97,completed,2023-03-06 20:43:42.066461,,
410e74f5-97d4-443c-9285-b227df12ac44,completed,2023-03-06 20:43:42.066461,,
410e9630-6195-4ab0-a3da-580c429ce70b,completed,2023-03-06 20:43:42.066461,,
41170953-102f-47eb-a339-55e2adb93a92,completed,2023-03-06 20:43:42.066461,,
411eb8aa-8ded-48f2-967b-8259af46bdeb,completed,2023-03-06 20:43:42.066461,,
412034e1-deb3-455d-b2a4-8bf54379bb63,completed,2023-03-06 20:43:42.066461,,
41213851-14d7-4310-8fd0-1a5765a90e3f,completed,2023-03-06 20:43:42.066461,,
4128b265-82a0-489d-83d6-0bc5857a2995,completed,2023-03-06 20:43:42.066461,,
412c3ed2-3825-4d56-b130-b4a17166d93d,completed,2023-03-06 20:43:42.066461,,
413060d9-54f0-4b45-8707-7a375a9e0cb2,completed,2023-03-06 20:43:42.066461,,
4138a535-96b2-45bc-beac-f22dc189dada,completed,2023-03-06 20:43:42.066461,,
413cc5cc-c032-48c9-b207-5ffc95b7978e,completed,2023-03-06 20:43:42.066461,,
4141b466-4cd6-4a5e-b6eb-647544e0af4f,completed,2023-03-06 20:43:42.066461,,
4142c2d8-c1f4-4c44-9741-708d1cac09d5,completed,2023-03-06 20:43:42.066461,,
414c7a92-1d1e-48f8-86e9-1936fb7c756d,completed,2023-03-06 20:43:42.066461,,
4158c844-5539-4f62-8abc-777e3b60701c,completed,2023-03-06 20:43:42.066461,,
4160e85a-99a9-481f-8efa-46f91b95f7bc,completed,2023-03-06 20:43:42.066461,,
41688550-01e6-4943-acc1-68fe01da1312,completed,2023-03-06 20:43:42.066461,,
416944f2-10b6-46ab-b261-f4c9e315034a,completed,2023-03-06 20:43:42.066461,,
4172e04a-adef-4fa4-b5e7-7e10bee3e78c,completed,2023-03-06 20:43:42.066461,,
41741a92-f0cd-4cf7-912a-1ed62c5373fb,completed,2023-03-06 20:43:42.066461,,
417fe1a7-b13c-4db4-891a-1d406650300c,completed,2023-03-06 20:43:42.066461,,
41817724-2fc8-4bd2-bcc0-ae7531a1b915,completed,2023-03-06 20:43:42.066461,,
41893914-f291-4208-a948-4541fbf355a8,completed,2023-03-06 20:43:42.066461,X,
418c72b3-31da-45a1-8e9b-e2622ec181d9,completed,2023-03-06 20:43:42.066461,,
418e792d-a8a5-4eec-b5d3-2ce576fbbb99,completed,2023-03-06 20:43:42.066461,,
418eb5a3-d5ed-4e1f-9b8b-8fb813c61f0f,completed,2023-03-06 20:43:42.066461,,
419743e2-c222-4406-b54d-a63058b40a99,completed,2023-03-06 20:43:42.066461,,
419d96c1-6532-41c2-8fa7-6dfb0baa31ac,completed,2023-03-06 20:43:42.066461,,
41a0f6b8-1058-4fea-9eed-a22173ca169c,completed,2023-03-06 20:43:42.066461,,
41a1e518-3523-436d-96f8-745f49b22c29,completed,2023-03-06 20:43:42.066461,,
41a466e9-8e81-48f1-9818-74db6ab5a9bd,completed,2023-03-06 20:43:42.066461,,
41a97dcb-73a8-4d4d-b3ad-bdaa69430227,completed,2023-03-06 20:43:42.066461,,
41b8d3f0-7fc1-4c54-9992-a4eb3cd42c00,completed,2023-03-06 20:43:42.066461,,
41bfc279-b34c-4be6-b71a-8217af03d8e7,completed,2023-03-06 20:43:42.066461,,
41cd45b2-533f-4a06-b1c9-36d69f8e0d92,completed,2023-03-06 20:43:42.066461,,
41ddfb8c-9072-4269-9b2e-5ecec917011c,completed,2023-03-06 20:43:42.066461,,
41e1ea2e-5680-4f4e-a0f3-f80066d4b587,completed,2023-03-06 20:43:42.066461,,
4201a4a5-749e-417e-a28e-913614726d0d,completed,2023-03-06 20:43:42.066461,,
42035f48-3164-46ec-8c09-e698fe20a54e,completed,2023-03-06 20:43:42.066461,,
42039724-f29e-4a47-8c53-4efa0f1df6c8,completed,2023-03-06 20:43:42.066461,,
4203ed16-a5d6-449e-a580-a413ef99d57d,completed,2023-03-06 20:43:42.066461,,
4206190a-bc7a-4108-bd52-9be6b9a1be2c,completed,2023-03-06 20:43:42.066461,,
420dfe96-d0fa-468e-9862-df35af5d1574,completed,2023-03-06 20:43:42.066461,,
420ece06-6208-47c6-b119-53907ab8aece,completed,2023-03-06 20:43:42.066461,,
4215cfa6-81f7-47d2-a337-c47404daca22,completed,2023-03-06 20:43:42.066461,,
42201d1a-f6b2-44f0-9b78-c1aca1647310,completed,2023-03-06 20:43:42.066461,,
422ba9b0-3274-4e4c-8f33-6df880af19a5,completed,2023-03-06 20:43:42.066461,,
423bda5c-dec4-466a-9c97-fb099b6e35e0,completed,2023-03-06 20:43:42.066461,,
42548638-3357-4217-88e7-90fa26164a0c,completed,2023-03-06 20:43:42.066461,,
4255c233-c5af-4298-80aa-9a29fef47523,completed,2023-03-06 20:43:42.066461,,
425dae65-c70d-40bc-b18c-1d16063d77e8,completed,2023-03-06 20:43:42.066461,,
425e5747-5ebb-48fc-938c-559655ec35ff,completed,2023-03-06 20:43:42.066461,,
425f34b6-6efb-4ea0-9c17-2b41b42fc03f,completed,2023-03-06 20:43:42.066461,,
42649e53-d1f2-4f54-baa4-2ea9e799ab72,completed,2023-03-06 20:43:42.066461,,
426e72da-a577-4b33-992f-312705f4b504,completed,2023-03-06 20:43:42.066461,,
42714008-e340-4b24-b9c3-7cec710acdef,completed,2023-03-06 20:43:42.066461,,
427ca66b-ea86-4ab6-a318-647cbb232afe,completed,2023-03-06 20:43:42.066461,,
42822a85-3978-4a73-b741-8ecafaf6ad3c,completed,2023-03-06 20:43:42.066461,,
429496ae-1050-43f1-a39f-b2f7d7364f13,completed,2023-03-06 20:43:42.066461,,
42a14fc0-af68-4edb-9665-766d3ee635ad,completed,2023-03-06 20:43:42.066461,,
42b29bcc-f710-4086-b4e2-3b461201370b,completed,2023-03-06 20:43:42.066461,,
42b80b76-28fe-42aa-a68b-161c43a21a4c,completed,2023-03-06 20:43:42.066461,,
42c1c9e9-cbde-4cec-9d2d-98328ecd75a2,completed,2023-03-06 20:43:42.066461,,
42c46e99-5d36-458a-aa03-e421c429f262,completed,2023-03-06 20:43:42.066461,,
42c5c061-9536-4c82-ad7c-eef9350f6a0a,completed,2023-03-06 20:43:42.066461,,
42cf6e5f-0272-49e6-9126-88e5fcf1ff39,completed,2023-03-06 20:43:42.066461,,
42d1feb2-b70e-473a-b81a-6e144501b90e,completed,2023-03-06 20:43:42.066461,,
42d35c5e-a19b-42bb-aeb0-f7340132c665,completed,2023-03-06 20:43:42.066461,,
42d50147-04c4-4237-b528-bd35ef5b699a,completed,2023-03-06 20:43:42.066461,,
42d5baaa-047b-4dad-ac1f-82065f8e0527,completed,2023-03-06 20:43:42.066461,,
42de8172-fb3e-4cf6-a07a-5c42db8c1b86,completed,2023-03-06 20:43:42.066461,,
42e00989-5f61-42df-b873-96a68a108850,completed,2023-03-06 20:43:42.066461,,
42e475bf-9cf1-467b-892f-4f5b0bd703ec,completed,2023-03-06 20:43:42.066461,,
42f053d1-854a-4126-a2f0-cadcd2963a02,completed,2023-03-06 20:43:42.066461,,
42f65eae-4124-4963-a7b4-2f9d4d9646d1,completed,2023-03-06 20:43:42.066461,,
42f6bbe0-3e08-43c3-b8a5-8059306a4896,completed,2023-03-06 20:43:42.066461,,
42fc5bce-7f2e-4db6-b82d-e37e0caacb79,completed,2023-03-06 20:43:42.066461,,
4318925c-4d6f-4b36-acd5-5513d0694086,completed,2023-03-06 20:43:42.066461,,
431a54a7-d174-4c7e-9372-c00f9636e5d4,completed,2023-03-06 20:43:42.066461,,
432228ed-dc82-4f01-98cf-f6d63d3360b6,completed,2023-03-06 20:43:42.066461,,
4322335a-702a-4af1-9bbf-f1877d318d05,completed,2023-03-06 20:43:42.066461,,
432235ee-2c14-47a4-8cc6-703dd7604380,completed,2023-03-06 20:43:42.066461,,
432501c1-64cb-4770-929b-1a476571b3d2,completed,2023-03-06 20:43:42.066461,,
43266358-a722-4fbb-b69d-443805a0e798,completed,2023-03-06 20:43:42.066461,,
432ac415-5055-48cd-a5e0-34b8f554c787,completed,2023-03-06 20:43:42.066461,,
4332c3d3-e6b5-4d0e-921e-3acdf17310cb,completed,2023-03-06 20:43:42.066461,,
433ab54d-d45b-46d1-8526-89c95b22f5db,completed,2023-03-06 20:43:42.066461,,
4345c82c-a467-414a-8ff4-0b7edb2303a4,completed,2023-03-06 20:43:42.066461,,
43460b9d-e4d1-4db2-b4b5-11c24b077869,completed,2023-03-06 20:43:42.066461,,
43567813-3d67-4e30-b007-f20129eadff0,completed,2023-03-06 20:43:42.066461,,
43594928-837a-48af-b4aa-6882287158b8,completed,2023-03-06 20:43:42.066461,,
435aecd7-6807-450c-9c51-839309d46525,completed,2023-03-06 20:43:42.066461,,
43602faa-cd73-4c32-9154-76b20d3224ab,completed,2023-03-06 20:43:42.066461,,
4360bd37-8c36-4f27-8c4f-81c9980fe296,completed,2023-03-06 20:43:42.066461,,
43639881-5ff2-49ed-a900-e25186d2bcc8,completed,2023-03-06 20:43:42.066461,,
43657867-e9d2-43a5-8d98-edaa24bcb34f,completed,2023-03-06 20:43:42.066461,,
4366ccc4-ce49-462e-9690-e127a13ac666,completed,2023-03-06 20:43:42.066461,,
436b2b4f-deaf-4df3-a494-088af971a7da,completed,2023-03-06 20:43:42.066461,,
43741e5f-1004-4cee-9175-02dc069fb5f2,completed,2023-03-06 20:43:42.066461,,
4376f5aa-9373-42e8-b932-962b5c4422d1,completed,2023-03-06 20:43:42.066461,,
437e7e40-b538-4e1f-bf26-cf1f1a3e6957,completed,2023-03-06 20:43:42.066461,,
438f9a6e-64fe-4d62-a04b-096943cdf899,completed,2023-03-06 20:43:42.066461,,
43906b2d-48c5-44d0-a174-4a669ca5666c,completed,2023-03-06 20:43:42.066461,,
439a076d-2d17-4f0d-ac91-cdac396214ba,completed,2023-03-06 20:43:42.066461,,
43a32f5c-41de-48c4-a7d1-b4e9760dd969,completed,2023-03-06 20:43:42.066461,,
43a5663f-5e71-494c-88d7-5e6835a106d7,completed,2023-03-06 20:43:42.066461,,
43bce56b-4753-412c-8553-93e7e1a9b961,completed,2023-03-06 20:43:42.066461,,
43c42b0b-e697-4e4b-a3a8-591876455db3,completed,2023-03-06 20:43:42.066461,,
43c957d0-95f9-45f8-91b6-8247023e60c9,completed,2023-03-06 20:43:42.066461,,
43ca11db-e34a-4863-a72d-d39ed4a20745,completed,2023-03-06 20:43:42.066461,,
43dbcf71-3c1a-4791-8906-d9fc7132cbee,completed,2023-03-06 20:43:42.066461,,
43ec9e32-e071-4988-a4a5-1f99e6db09ca,completed,2023-03-06 20:43:42.066461,,
43ecce1c-dab0-4597-bf90-c4be683208aa,completed,2023-03-06 20:43:42.066461,,
43ee482b-2eb4-4584-83a3-b97974e0d6c8,completed,2023-03-06 20:43:42.066461,,
43f019d3-383e-41fc-a5b6-abaeb07e5f1f,completed,2023-03-06 20:43:42.066461,,
43f48483-dc06-4072-ae40-01fd071c1f66,completed,2023-03-06 20:43:42.066461,,
43f807ec-e08a-43ed-90b2-02a5160c1300,completed,2023-03-06 20:43:42.066461,,
43fe5c1d-2415-48d4-9c7f-6b87150f28d2,completed,2023-03-06 20:43:42.066461,,
440b5098-2ce6-4ef3-8495-217132d1e39e,completed,2023-03-06 20:43:42.066461,,
440cfb4d-625b-4f0d-871d-eee5b1872560,completed,2023-03-06 20:43:42.066461,,
4413f6c7-4931-47cf-afc0-d0387512b5ab,completed,2023-03-06 20:43:42.066461,X,
44168dc2-0720-4a40-befc-3c68b56b0b45,completed,2023-03-06 20:43:42.066461,,
4439a1a9-b11c-405e-bb71-faa65a69f159,completed,2023-03-06 20:43:42.066461,,
443f6ed5-833c-4d93-bf18-b0d417f92548,completed,2023-03-06 20:43:42.066461,,
4443ecaf-6445-42a3-a7af-f376ff92821b,completed,2023-03-06 20:43:42.066461,,
4444a7e1-aa3d-4b80-a533-9c261e8bef14,completed,2023-03-06 20:43:42.066461,,
44453152-132a-42a5-ae9c-4b800756f361,completed,2023-03-06 20:43:42.066461,,
4445fa42-c3cc-4d5b-a715-84c9527b866e,completed,2023-03-06 20:43:42.066461,,
4446059a-62d3-46d7-a004-301e8445fa40,completed,2023-03-06 20:43:42.066461,,
4447865f-dcf8-461c-af44-bd046c58ffac,completed,2023-03-06 20:43:42.066461,,
444efa81-8780-48ae-b1ac-61c047402887,completed,2023-03-06 20:43:42.066461,,
445480ca-c77f-4491-8453-d12efa9db619,completed,2023-03-06 20:43:42.066461,,
4465a711-70ff-4e98-94df-2d3b7f7b5d44,completed,2023-03-06 20:43:42.066461,,
4468845e-204c-4e03-954d-27b615febfe6,completed,2023-03-06 20:43:42.066461,,
4474b2b2-510b-4fef-934a-292ffdbc3d36,completed,2023-03-06 20:43:42.066461,X,
447de86a-bba6-4386-b706-eefda4fecc63,completed,2023-03-06 20:43:42.066461,,
44807c7e-c77b-4655-a035-2dc3851d12a7,completed,2023-03-06 20:43:42.066461,,
44874ed3-21fa-4266-babc-9b85dffe6295,completed,2023-03-06 20:43:42.066461,,
44884798-1601-48e3-9c6e-29c6ed1305f4,completed,2023-03-06 20:43:42.066461,,
448d6407-18c3-4062-a019-a8da9e132272,completed,2023-03-06 20:43:42.066461,,
449573b5-99c1-4d83-8e5f-b787e34b2acb,completed,2023-03-06 20:43:42.066461,,
44a072ab-3cf0-4c25-a105-c172ff5955c8,completed,2023-03-06 20:43:42.066461,,
44a5682a-c7b2-4da9-83af-e91c6240618a,completed,2023-03-06 20:43:42.066461,,
44a81ba5-793f-40bd-9c99-99ada6465d80,completed,2023-03-06 20:43:42.066461,,
44aa6cdf-7c8a-4ed8-99ea-faf290f10e4c,completed,2023-03-06 20:43:42.066461,,
44bbbc68-7221-49e7-a405-af3b00ec66fb,completed,2023-03-06 20:43:42.066461,,
44c27e17-f644-4969-a379-00d21165bd69,completed,2023-03-06 20:43:42.066461,,
44d0d6e4-9d0b-4cdf-897a-a451e8fbf15d,completed,2023-03-06 20:43:42.066461,,
44d0f751-8a2a-489c-8af7-5670b3c926f0,completed,2023-03-06 20:43:42.066461,,
44dc3d16-4a59-4be5-b3e5-a43f465328cf,completed,2023-03-06 20:43:42.066461,,
44dd622a-584f-468a-a811-92307c5dfd34,completed,2023-03-06 20:43:42.066461,,
44ddf299-ad8b-4766-95a4-7411def90812,completed,2023-03-06 20:43:42.066461,,
44de06c3-845f-4994-9106-43703b9b63ea,completed,2023-03-06 20:43:42.066461,,
44e31cb6-4da0-46d3-95af-49e64e4bb1c3,completed,2023-03-06 20:43:42.066461,,
44f0aec8-5034-442e-9c6b-6fb9fceff7c8,completed,2023-03-06 20:43:42.066461,,
44f5e799-19b7-4651-80fd-526b913157d6,completed,2023-03-06 20:43:42.066461,,
44f625ae-03fd-4df7-8ad9-f2828768add0,completed,2023-03-06 20:43:42.066461,,
44f63ded-1b2c-4e6e-9539-b2b15bf780e7,completed,2023-03-06 20:43:42.066461,,
44f8686b-de00-4991-b631-4626088c11a5,completed,2023-03-06 20:43:42.066461,,
45000977-44bb-4ad7-a6a4-efd6eb38ea85,completed,2023-03-06 20:43:42.066461,,
4501e7d3-60d8-41d6-ae9c-3bb270aa6aae,completed,2023-03-06 20:43:42.066461,,
4512e065-0b06-4654-901c-43d0a627d37a,completed,2023-03-06 20:43:42.066461,,
451b66c7-9f6e-4149-9905-3d5f1255d26b,completed,2023-03-06 20:43:42.066461,,
4521c7b3-5f5e-4c42-8250-b7e1393d5c0b,completed,2023-03-06 20:43:42.066461,,
4528d753-31e5-4bec-a316-a689f6976116,completed,2023-03-06 20:43:42.066461,,
45421ff9-f3fd-445a-83dc-08c9e8a64b57,completed,2023-03-06 20:43:42.066461,,
45577074-d093-46e0-bd6e-f00fa37590a0,completed,2023-03-06 20:43:42.066461,,
4570b44d-b0b6-4007-93ef-29b87658ec94,completed,2023-03-06 20:43:42.066461,,
458032be-b217-4c05-9d9b-3e823a7dba3e,completed,2023-03-06 20:43:42.066461,,
45940980-92a9-40ab-9d01-4affce79c32e,completed,2023-03-06 20:43:42.066461,,
4596ae24-4673-4e2d-b48a-4eb434239d0a,completed,2023-03-06 20:43:42.066461,,
4599c1d1-23a7-4765-b5cf-5819f1ad9097,completed,2023-03-06 20:43:42.066461,,
459a2311-5eb3-461d-82fb-ffd229e83e74,completed,2023-03-06 20:43:42.066461,,
459ac58b-4646-4fd0-9383-59dd9d78e2c3,completed,2023-03-06 20:43:42.066461,,
45a1201a-80a1-406a-b2e5-86809557ce8d,completed,2023-03-06 20:43:42.066461,,
45a1a7c7-1f5c-496e-a6bb-aada53ae10bb,completed,2023-03-06 20:43:42.066461,,
45a443ea-ad52-4d80-8a0b-77fd080b9da3,completed,2023-03-06 20:43:42.066461,,
45a4460a-4f77-4f6b-8cb8-56073a10b1a3,completed,2023-03-06 20:43:42.066461,,
45a7a4c5-d0d5-4fbc-8db1-3ca7ca7df836,completed,2023-03-06 20:43:42.066461,,
45b47bc4-cf08-4c96-91d6-574ffd5be80b,completed,2023-03-06 20:43:42.066461,,
45c5885e-430c-4ecc-aa2a-27d4cc3f1fca,completed,2023-03-06 20:43:42.066461,,
45c59628-b3dc-4349-9e93-b990f515ce4d,completed,2023-03-06 20:43:42.066461,,
45c5ebbd-9bac-46dd-9fe6-df46125e5392,completed,2023-03-06 20:43:42.066461,,
45c7a6dd-4a0d-402c-af2e-2d2827854bf7,completed,2023-03-06 20:43:42.066461,,
45dceab2-d793-4e02-af28-d62e023e28a8,completed,2023-03-06 20:43:42.066461,,
45eaad31-2485-4c5c-be2c-4df276a0252b,completed,2023-03-06 20:43:42.066461,,
45f56c3c-e025-40c5-8f26-b9497b873f0a,completed,2023-03-06 20:43:42.066461,,
45fe50f9-be01-44b4-8083-14bfa9142c98,completed,2023-03-06 20:43:42.066461,,
46036f0e-b452-4bcf-bb09-298e4f812794,completed,2023-03-06 20:43:42.066461,,
46075e3e-6aab-49a0-9097-26857df15481,completed,2023-03-06 20:43:42.066461,,
46090393-750c-415b-830f-bc2e6544663d,completed,2023-03-06 20:43:42.066461,,
460988b9-a621-4e81-afcf-0eb5b5411cf4,completed,2023-03-06 20:43:42.066461,,
461eb3ea-de74-4f0c-9e16-2a6fb010436e,completed,2023-03-06 20:43:42.066461,,
4626a2b9-cc3b-4944-87d1-275f453d0f11,completed,2023-03-06 20:43:42.066461,,
46282119-a42e-4c5a-8cd2-fb112956ae2e,completed,2023-03-06 20:43:42.066461,,
46335b7e-7718-4a4d-bbca-d6cb26371c19,completed,2023-03-06 20:43:42.066461,,
4637449a-a23a-4a1c-b108-8f9653361cf4,completed,2023-03-06 20:43:42.066461,,
463b8691-9ce1-43f3-8b73-c47b99ef8acf,completed,2023-03-06 20:43:42.066461,,
4640b204-2494-4e68-a302-98f94c3e002e,completed,2023-03-06 20:43:42.066461,,
4644ce69-35e2-4139-8d18-1bff0399c30d,completed,2023-03-06 20:43:42.066461,,
4646e39c-e8f2-4615-8ff7-912ee6b53a83,completed,2023-03-06 20:43:42.066461,,
46471962-bcda-44dd-9099-bd28b3ef2a29,completed,2023-03-06 20:43:42.066461,,
464d4d45-d2d5-438f-b3ab-d390e27d5f37,completed,2023-03-06 20:43:42.066461,,
464e0088-ad18-45b0-963f-9172ccec749f,completed,2023-03-06 20:43:42.066461,,
46536681-d400-485f-b908-4dbe0ecec52b,completed,2023-03-06 20:43:42.066461,,
465c90f9-6881-4f68-b650-85a372b834e7,completed,2023-03-06 20:43:42.066461,,
465e4695-007d-4fe3-8bbe-c0986e3dfd88,completed,2023-03-06 20:43:42.066461,,
465edd75-da1c-48a3-920e-2a8fc9564d14,completed,2023-03-06 20:43:42.066461,,
4662fd47-9df9-41de-b9fb-1fef73b7bba9,completed,2023-03-06 20:43:42.066461,,
4664ddb6-823a-48b8-8ccb-b70908ba9338,completed,2023-03-06 20:43:42.066461,,
466ae391-4dde-421e-ad0a-a82b3308a088,completed,2023-03-06 20:43:42.066461,,
466d26ee-d9bc-41dd-a073-7719c5017b0e,completed,2023-03-06 20:43:42.066461,,
4673389f-7f4a-4358-9882-c5887f207a78,completed,2023-03-06 20:43:42.066461,,
46782fef-2d55-4182-a2df-a57d3b7247a8,completed,2023-03-06 20:43:42.066461,,
4678f8f3-1ac0-40ab-8edf-ea62807719cd,completed,2023-03-06 20:43:42.066461,,
46805b18-e4de-4dd7-ac25-53b8815dc58f,completed,2023-03-06 20:43:42.066461,,
468897f9-4d65-480c-8dd5-fae0dab7cfbd,completed,2023-03-06 20:43:42.066461,,
468cbe30-c635-40e6-880e-3ebe691419ce,completed,2023-03-06 20:43:42.066461,,
469c0732-7ade-4522-930d-29b700928c74,completed,2023-03-06 20:43:42.066461,,
469f5528-9c4e-4056-893b-3ce9b436c563,completed,2023-03-06 20:43:42.066461,,
46a7183c-3e9c-4eb4-894f-2b623524fc26,completed,2023-03-06 20:43:42.066461,,
46a92401-e9fe-4d80-bf71-5f206852af50,completed,2023-03-06 20:43:42.066461,,
46b1147e-cf6a-4262-aa8c-f9de390894f9,completed,2023-03-06 20:43:42.066461,,
46b1aa0c-60fd-456b-bba9-9b226e1e6a5e,completed,2023-03-06 20:43:42.066461,,
46b56768-a260-49ca-b78f-c221d0952920,completed,2023-03-06 20:43:42.066461,,
46b6ea71-d4f2-4fc6-9190-98d9f8f14fa1,completed,2023-03-06 20:43:42.066461,,
46be8a53-b286-4fd5-8c90-05e460759123,completed,2023-03-06 20:43:42.066461,,
46c8a1df-c9c7-4379-a639-ab6b77ad0400,completed,2023-03-06 20:43:42.066461,,
46cd3b92-d198-47fb-9f6e-28d93e61f66d,completed,2023-03-06 20:43:42.066461,,
46ce450f-abe1-4df2-b5b2-edc43ea0ffb2,completed,2023-03-06 20:43:42.066461,,
46cf4ccf-b475-45fd-9949-48468c25c321,completed,2023-03-06 20:43:42.066461,,
46d2b8b5-99cb-43ce-89aa-579ab25fde7c,completed,2023-03-06 20:43:42.066461,,
46d33ee5-6106-4005-8b07-22f55d585197,completed,2023-03-06 20:43:42.066461,,
46d3e2ca-cb02-4e3e-b2af-bee76762bb3a,completed,2023-03-06 20:43:42.066461,,
46d86836-1cab-416c-8990-f1524286ba6b,completed,2023-03-06 20:43:42.066461,,
46d9271b-73ea-4309-8894-0b0f7debc07e,completed,2023-03-06 20:43:42.066461,,
46def1a1-d8a5-4bd0-80d0-7b8568ea1f89,completed,2023-03-06 20:43:42.066461,,
46e4590a-5d63-4bb6-a9aa-8c609475b84a,completed,2023-03-06 20:43:42.066461,,
46edbff7-42b6-44c4-963c-2867ca7736d8,completed,2023-03-06 20:43:42.066461,,
46f2321c-6221-466f-8eae-b299541cbb87,completed,2023-03-06 20:43:42.066461,,
46f2f500-cf29-4ed1-ae68-89a81df1573b,completed,2023-03-06 20:43:42.066461,,
46f4fa5a-ec6a-4c1e-af62-14eb70544070,completed,2023-03-06 20:43:42.066461,,
46f5f922-6285-46d1-b665-a916bb7bfc2f,completed,2023-03-06 20:43:42.066461,,
46f9c2e1-31bb-43a1-9494-5000ef208708,completed,2023-03-06 20:43:42.066461,,
46fa95b8-6986-4608-b0ea-f075e60fc302,completed,2023-03-06 20:43:42.066461,,
470d9c3c-7fc4-4f15-a3df-9afb3c63f208,completed,2023-03-06 20:43:42.066461,,
4710b184-1e4b-4ba2-8d2d-8526bec4cc74,completed,2023-03-06 20:43:42.066461,,
4715fa81-c88d-4a1a-8cb1-de5bde0cc71c,completed,2023-03-06 20:43:42.066461,,
4717e816-bcec-40e7-82b4-ee774a8427f0,completed,2023-03-06 20:43:42.066461,,
471a9560-12d7-40bd-9236-165283c526b5,completed,2023-03-06 20:43:42.066461,,
471b6d17-a5eb-45df-8f61-19b57dd96416,completed,2023-03-06 20:43:42.066461,,
473ed8bf-286d-47a0-83e6-e7247626f963,completed,2023-03-06 20:43:42.066461,,
474281cb-398d-4fd4-aa9a-b615503d7b44,completed,2023-03-06 20:43:42.066461,,
47459768-2aef-4964-aa30-0c1ac54d299e,completed,2023-03-06 20:43:42.066461,,
474ad271-4360-4c15-8cea-11a368c3333c,completed,2023-03-06 20:43:42.066461,,
4751d7ba-8db0-4a79-b1e8-870246f4c726,completed,2023-03-06 20:43:42.066461,,
4754d0a2-fff9-47a0-b8e5-233dc9c877a2,completed,2023-03-06 20:43:42.066461,,
476a337c-e4d0-4180-be24-8a3eee3d0b4f,completed,2023-03-06 20:43:42.066461,,
47752114-4674-4ae7-9810-55c1c04c746d,completed,2023-03-06 20:43:42.066461,,
47796f12-61c2-401f-abeb-e47dc33befb5,completed,2023-03-06 20:43:42.066461,,
4782dcad-6685-4032-8950-eddb29f532d9,completed,2023-03-06 20:43:42.066461,,
47912d2e-ab2d-4e78-9215-4dc36818d428,completed,2023-03-06 20:43:42.066461,,
47978024-a8d6-4479-8c97-a534391f4182,completed,2023-03-06 20:43:42.066461,,
479d3d6c-f40d-4ace-b741-b8ba83b2df9c,completed,2023-03-06 20:43:42.066461,,
47a364e6-e584-44c4-b579-4a092e66d3c4,completed,2023-03-06 20:43:42.066461,,
47a5d2d3-6d10-450e-8fd6-66472466c02b,completed,2023-03-06 20:43:42.066461,,
47a6b07e-c45b-41e3-929d-0bc5bfe22d6e,completed,2023-03-06 20:43:42.066461,,
47b3b756-50dd-4135-a7eb-f90d237c1720,completed,2023-03-06 20:43:42.066461,,
47b7635c-74d0-4cae-a43e-aa21d99e6746,completed,2023-03-06 20:43:42.066461,,
47bb063a-a570-4e90-9b28-121d7c8e0053,completed,2023-03-06 20:43:42.066461,,
47c0664d-762e-4fc3-8638-089fc87a9f9b,completed,2023-03-06 20:43:42.066461,,
47c8d572-2f8c-4a24-92e3-1744cdcf9744,completed,2023-03-06 20:43:42.066461,,
47cbcbee-8535-493c-b252-782a93bd9678,completed,2023-03-06 20:43:42.066461,,
47d02d8b-b4a4-40ee-9494-c1a325c7dfb8,completed,2023-03-06 20:43:42.066461,,
47d8f1a2-1ad1-42d2-b9d0-0e168e7d6abc,completed,2023-03-06 20:43:42.066461,,
47d9bd50-c6d3-40c8-9f42-a11304fadbc7,completed,2023-03-06 20:43:42.066461,,
47dfdceb-25fe-45da-9d86-ae5e04c3fb10,completed,2023-03-06 20:43:42.066461,,
47e26850-e1c9-4025-948d-f7fc743af9f1,completed,2023-03-06 20:43:42.066461,,
47e2acef-0d45-41dc-aecf-3d3e9ef413f6,completed,2023-03-06 20:43:42.066461,,
47fc9a07-24c6-41a7-aca0-feac3266b0b7,completed,2023-03-06 20:43:42.066461,,
480d49ff-6fee-4ed6-8105-7bdd09847430,completed,2023-03-06 20:43:42.066461,,
480f2a4a-3c95-4b54-95f4-cfaac103194f,completed,2023-03-06 20:43:42.066461,,
481061fa-c95c-4535-97c2-edaaff243f47,completed,2023-03-06 20:43:42.066461,,
48144d1d-0cd5-4fef-af7e-acae2f6a59f5,completed,2023-03-06 20:43:42.066461,,
481529e4-b9d1-499a-9b08-a5a2b9935ea7,completed,2023-03-06 20:43:42.066461,,
481d61b7-8739-4949-a4fc-d466ee0783a2,completed,2023-03-06 20:43:42.066461,,
482618f5-b192-4615-b704-af4da24b5a82,completed,2023-03-06 20:43:42.066461,,
483d5e3a-5d04-4394-b426-0c46c6fff784,completed,2023-03-06 20:43:42.066461,,
483ea7a0-8f51-40ff-b656-5f98e5c60a75,completed,2023-03-06 20:43:42.066461,,
4841db46-2a0a-4828-8b33-a8647b36c13d,completed,2023-03-06 20:43:42.066461,,
4847e0f5-c332-4035-bbc4-14f0b0190172,completed,2023-03-06 20:43:42.066461,,
484e140e-2b3a-4e89-960d-b5f57d4a927f,completed,2023-03-06 20:43:42.066461,,
48585ad0-1d7c-4f5e-86f1-78ad7ffc2077,completed,2023-03-06 20:43:42.066461,,
485a613f-d2ea-4cba-b228-6a9012bdd453,completed,2023-03-06 20:43:42.066461,,
486183ad-7ffd-47ff-ace8-d0cdff7b3d5d,completed,2023-03-06 20:43:42.066461,,
4861fa9f-8f89-4b7f-8d0d-ce2d90f084cc,completed,2023-03-06 20:43:42.066461,,
48694a18-31aa-4c05-ac2c-d451614b235e,completed,2023-03-06 20:43:42.066461,,
486c25b6-9aa0-4d47-ba48-cd6c3d903d2a,completed,2023-03-06 20:43:42.066461,,
487329ee-3739-4a0e-b9e4-70ea09d4920d,completed,2023-03-06 20:43:42.066461,,
4876cdf5-8fbd-4ee3-b998-aa9f42e799c7,completed,2023-03-06 20:43:42.066461,,
4876d208-50e9-4289-b828-e45fc1809723,completed,2023-03-06 20:43:42.066461,,
48780f83-0460-4a38-bf94-658baf71e76c,completed,2023-03-06 20:43:42.066461,,
487a5bc0-e980-4650-af99-aca0fabd34da,completed,2023-03-06 20:43:42.066461,,
48806179-c86b-4729-9006-5db41f42f2e1,completed,2023-03-06 20:43:42.066461,,
48821dd0-7c00-40dc-8396-c8b98894ca9a,completed,2023-03-06 20:43:42.066461,,
48975d9f-902c-43b9-b02b-bbf681aab97d,completed,2023-03-06 20:43:42.066461,,
4897e947-e0eb-4b14-a2ea-2571aa85150d,completed,2023-03-06 20:43:42.066461,,
4898e3f6-f43b-4d0c-a1ca-71d72b6c9c57,completed,2023-03-06 20:43:42.066461,,
489b3856-f656-485f-8765-577e8f144331,completed,2023-03-06 20:43:42.066461,,
48a36667-05ac-43b1-a36f-e603565b44fe,completed,2023-03-06 20:43:42.066461,,
48ab4ea1-6516-47d0-a4e0-673b827f978f,completed,2023-03-06 20:43:42.066461,,
48ad7ab5-0675-4e18-8ef7-51080bf565f3,completed,2023-03-06 20:43:42.066461,,
48b0f477-7e0c-4b9f-bbf7-047d57e7e0cd,completed,2023-03-06 20:43:42.066461,X,
48b1ae2b-eb0e-4cf5-92a0-cf213aa0fc48,completed,2023-03-06 20:43:42.066461,,
48b23086-5e15-4dac-9211-e76cad5c5f88,completed,2023-03-06 20:43:42.066461,,
48b66720-6e74-4a2c-80ea-cbde3d44152d,completed,2023-03-06 20:43:42.066461,,
48b81c28-b677-406d-9a96-73c48d7ac6a4,completed,2023-03-06 20:43:42.066461,,
48be2218-4b32-4c86-9da0-e64c105df1bd,completed,2023-03-06 20:43:42.066461,,
48beb7af-f402-461f-9591-c91ee13fd7a0,completed,2023-03-06 20:43:42.066461,,
48d8af3d-0203-4d17-9073-3297aae248c4,completed,2023-03-06 20:43:42.066461,,X
48e26d26-d851-4076-bb0d-85654566afe9,completed,2023-03-06 20:43:42.066461,,
48f1bd06-4718-494e-afd9-ebffb35a4aac,completed,2023-03-06 20:43:42.066461,,
48fe8f65-21de-479f-8f12-f48880eca1a0,completed,2023-03-06 20:43:42.066461,,
4906834e-1d62-42dc-bfc3-340d58051e0a,completed,2023-03-06 20:43:42.066461,,
490e0bec-8a0d-4ec4-ad19-334d056967c1,completed,2023-03-06 20:43:42.066461,,
4912652b-a5be-42ec-8f1a-7f200b0b99fb,completed,2023-03-06 20:43:42.066461,,
4914f2bb-a7c4-4d29-8506-9b1b625fa106,completed,2023-03-06 20:43:42.066461,,
491ecb9b-9137-4af7-b46c-d547543031c1,completed,2023-03-06 20:43:42.066461,,
491f7adb-a9c2-40f5-9269-18d9b45f6075,completed,2023-03-06 20:43:42.066461,,
492a5b00-4c79-4bf3-a50b-913f4ffb757e,completed,2023-03-06 20:43:42.066461,,
493559ab-967f-47f2-932a-667f4a483b98,completed,2023-03-06 20:43:42.066461,,
494abf0e-2769-4fa9-9559-2fb1facb26ef,completed,2023-03-06 20:43:42.066461,X,
494bad6c-c830-4009-82d2-1d36ab012baa,completed,2023-03-06 20:43:42.066461,,
494ceb5b-550f-4719-ae0e-590f30f3b28d,completed,2023-03-06 20:43:42.066461,,
4951a239-e971-4fb2-abea-384098b18f36,completed,2023-03-06 20:43:42.066461,,
49560eb0-2749-4fa1-bbb4-89930dce3b60,completed,2023-03-06 20:43:42.066461,,
49562dfe-3db2-487a-ae74-77adab49fb80,completed,2023-03-06 20:43:42.066461,,
495868c5-d69c-4677-ac92-6feb917d4609,completed,2023-03-06 20:43:42.066461,,
495af73d-24f4-4736-bf8c-f4140cf9052f,completed,2023-03-06 20:43:42.066461,,
4960326f-a0dc-49af-832f-30f5c54d2d73,completed,2023-03-06 20:43:42.066461,,
49633fe8-3a18-4866-9222-529400b5723c,completed,2023-03-06 20:43:42.066461,,
4964c32c-cf55-479b-a0e8-809fc7d4fe8c,completed,2023-03-06 20:43:42.066461,,
496581ac-1d2a-4f76-9cc5-b60da3128929,completed,2023-03-06 20:43:42.066461,,
496a10c9-f5bb-459b-b2e3-6a583069fdcf,completed,2023-03-06 20:43:42.066461,,
496a3b68-aca4-437b-817b-e435e1565573,completed,2023-03-06 20:43:42.066461,,
49700b1e-24cb-482a-92ef-bc58f0d62fda,completed,2023-03-06 20:43:42.066461,,
4971cbca-25c5-416d-b693-85ba3d2a2be5,completed,2023-03-06 20:43:42.066461,,
4972834c-93d5-4f84-a1b9-117b1951dd2d,completed,2023-03-06 20:43:42.066461,,
49741138-7915-46f2-822e-8d5a9ca726f6,completed,2023-03-06 20:43:42.066461,,
497688ce-91b6-4daf-b4be-89025ca4b005,completed,2023-03-06 20:43:42.066461,,
49774f69-4c57-4cd0-9c6f-b8f3bfd91415,completed,2023-03-06 20:43:42.066461,,
49965197-c2e5-48cb-8165-437404f8f7b9,completed,2023-03-06 20:43:42.066461,,
49968312-22ff-4c51-b81c-73e6d9a86e02,completed,2023-03-06 20:43:42.066461,,
4998e165-04b6-46b2-99b7-7c406eecf60e,completed,2023-03-06 20:43:42.066461,,
499b4e2c-3860-46fb-9c85-09272c3a72c2,completed,2023-03-06 20:43:42.066461,,
49aac2f4-cf68-421b-8177-9914f6216f97,completed,2023-03-06 20:43:42.066461,,
49ae9488-0678-4848-bfb6-86ca4ecbf72d,completed,2023-03-06 20:43:42.066461,,
49b16c88-07e6-457d-ae0e-ce05e99a27ca,completed,2023-03-06 20:43:42.066461,,
49b1e6cc-8d91-4ea9-b156-7aea8d16de61,completed,2023-03-06 20:43:42.066461,,
49bfb4a5-58e8-48a8-ac28-52f868c465bf,completed,2023-03-06 20:43:42.066461,,
49c26816-b861-4dd8-a24c-7b59d211026e,completed,2023-03-06 20:43:42.066461,,
49c48070-e297-48f4-b69c-6d4d17e703db,completed,2023-03-06 20:43:42.066461,,
49c4c6b9-076e-4d42-9ede-d7aab5a3c3d6,completed,2023-03-06 20:43:42.066461,,
49cf9ac0-40d9-4249-a0a4-d3d6f88adb61,completed,2023-03-06 20:43:42.066461,,
49d18b3c-dcc3-433a-8f7d-59cf5d03e300,completed,2023-03-06 20:43:42.066461,,
49dc6a4e-fe58-4d03-b4e4-2fb7b238237f,completed,2023-03-06 20:43:42.066461,,
49e351e5-670b-4736-80ed-2f84b5988488,completed,2023-03-06 20:43:42.066461,,
49f39a96-1def-4aaa-ac58-8315b93bc1f9,completed,2023-03-06 20:43:42.066461,,
49f7fdb8-fa9d-4d65-b373-d2753fcbc37c,completed,2023-03-06 20:43:42.066461,,
49ff67a5-a328-42c3-bf4d-a0390beeee95,completed,2023-03-06 20:43:42.066461,,
4a0fb38e-ca21-455d-9b2e-b09e547f55a5,completed,2023-03-06 20:43:42.066461,,
4a10b415-ae15-428a-9f30-fd5a7c76d775,completed,2023-03-06 20:43:42.066461,,
4a1c184d-08cf-4f80-b831-4f5029fe6856,completed,2023-03-06 20:43:42.066461,,
4a2154a9-50a5-4373-b258-cf153eabb5bb,completed,2023-03-06 20:43:42.066461,,
4a250957-0406-4426-bb8a-fb82f3ef139d,completed,2023-03-06 20:43:42.066461,,
4a2525b6-45c6-4fe6-a508-a31adfbb0937,completed,2023-03-06 20:43:42.066461,,
4a2ba866-f12d-4c00-b825-f39911069514,completed,2023-03-06 20:43:42.066461,,
4a518bb3-6ffe-4a61-a518-2da4c24405b1,completed,2023-03-06 20:43:42.066461,,
4a52157c-9c6e-47b0-9453-f82cf267009a,completed,2023-03-06 20:43:42.066461,,
4a5b69da-9807-46bf-91c1-001d99203920,completed,2023-03-06 20:43:42.066461,,
4a5e3dc9-36f2-49f7-9530-fa2e36ad6f50,completed,2023-03-06 20:43:42.066461,,
4a74fe38-d464-47d8-9518-c667c6d1dc61,completed,2023-03-06 20:43:42.066461,,
4a78cb6f-8fea-4f45-b506-be3f7e0b1801,completed,2023-03-06 20:43:42.066461,,
4a857c87-c23a-46aa-a9db-a9387ff4d8c8,completed,2023-03-06 20:43:42.066461,,
4a8d0b3e-348a-4286-8f9e-e7df2f679e04,completed,2023-03-06 20:43:42.066461,,
4a92398a-a1e3-4b8c-93f1-97dbeb8c1018,completed,2023-03-06 20:43:42.066461,,
4a947f25-5736-41f1-82a4-170ec8fd2870,completed,2023-03-06 20:43:42.066461,,
4a983a37-b095-40a9-b41a-e8a4426cf6b3,completed,2023-03-06 20:43:42.066461,,
4aad21c4-835c-4ac5-8f53-4edfce4d321e,completed,2023-03-06 20:43:42.066461,,
4ab5c2ea-39c0-4814-850a-7fea836a9376,completed,2023-03-06 20:43:42.066461,,
4abab5c6-6159-4a31-916f-07ae3ca3fbd7,completed,2023-03-06 20:43:42.066461,,
4ad2d501-a469-4228-af0c-f709de34b80a,completed,2023-03-06 20:43:42.066461,,
4adcbf18-d0a8-44d8-8ba9-6a985e86c55c,completed,2023-03-06 20:43:42.066461,,
4ae20840-ef4b-4382-a654-422f01058836,completed,2023-03-06 20:43:42.066461,X,
4aeece7b-ca13-4770-820a-2276c47b5f84,completed,2023-03-06 20:43:42.066461,,
4afaea07-dfce-4d5f-af1d-3a8abecc33c1,completed,2023-03-06 20:43:42.066461,,
4afaea2e-7f76-406a-a2af-d3504e4f033e,completed,2023-03-06 20:43:42.066461,,
4b025b46-b7c6-4278-8fc7-8d74404982fe,completed,2023-03-06 20:43:42.066461,,
4b0a6d65-cccc-49ac-a37e-c777d7fbb0b1,completed,2023-03-06 20:43:42.066461,,
4b285a36-71b5-4a7d-aee5-e31119fd766e,completed,2023-03-06 20:43:42.066461,,
4b2bf631-581e-427f-a8c4-6dd118450c1a,completed,2023-03-06 20:43:42.066461,,
4b2f4d6d-72cb-4e9e-8373-ae9c9fd3380e,completed,2023-03-06 20:43:42.066461,,
4b303653-c140-411f-98c4-8a9fc1ce00b4,completed,2023-03-06 20:43:42.066461,,
4b3788f6-48f4-43e2-8277-f347d747da1a,completed,2023-03-06 20:43:42.066461,,
4b4103ed-fe47-438f-a06b-9f563fb7ec4f,completed,2023-03-06 20:43:42.066461,,
4b47ae25-6824-4ef8-a1b6-90a0db46c194,completed,2023-03-06 20:43:42.066461,,
4b482a6f-c4fa-4d06-a06d-cd4c4dce9473,completed,2023-03-06 20:43:42.066461,,
4b49c543-56ac-4055-8da6-211a09064ac7,completed,2023-03-06 20:43:42.066461,,
4b4c3a92-bcbd-417b-829d-c7d0428ddb73,completed,2023-03-06 20:43:42.066461,,
4b530946-ae7d-4116-bc39-a70ac68ae4ba,completed,2023-03-06 20:43:42.066461,,
4b5d3fda-f201-4288-a623-c88f5f312283,completed,2023-03-06 20:43:42.066461,,
4b686a4a-2176-42db-a4c1-aa77ed9d8d23,completed,2023-03-06 20:43:42.066461,,
4b69bad7-12b9-4e68-9b7e-76f17bd5350b,completed,2023-03-06 20:43:42.066461,,
4b741581-129d-41b3-8e0d-62395f214c34,completed,2023-03-06 20:43:42.066461,,
4b7c75c5-a32d-4860-9cdf-67f8b9ad173a,completed,2023-03-06 20:43:42.066461,,
4b7f2ae5-82e9-40fc-bf77-4a3bdc81358c,completed,2023-03-06 20:43:42.066461,,
4b857ff7-d374-4b6d-9c8a-298769dff056,completed,2023-03-06 20:43:42.066461,,
4b86b792-19b7-4350-8a9e-9342b5457e3b,completed,2023-03-06 20:43:42.066461,,
4b8934d2-7e9d-43b2-9d54-957943b2427e,completed,2023-03-06 20:43:42.066461,,
4b895f68-d3b8-4df4-9dba-7d9575ed3fb8,completed,2023-03-06 20:43:42.066461,,
4b9c6c9a-320e-42f5-bffe-567cd4c2c489,completed,2023-03-06 20:43:42.066461,,
4ba7dde0-6cbd-41f3-8a95-e8872c2025de,completed,2023-03-06 20:43:42.066461,,
4bad5f42-afa0-4e78-8b4c-bdd79e50c65d,completed,2023-03-06 20:43:42.066461,,
4bb0e3d2-e491-4c4e-bf56-7ffb07e28640,completed,2023-03-06 20:43:42.066461,,
4bba2cbe-51dc-405b-b6ef-77a49d458248,completed,2023-03-06 20:43:42.066461,,
4bc110b1-bdcf-4566-8cf6-60c2298e47d5,completed,2023-03-06 20:43:42.066461,,
4bc5be0f-cbf1-4930-988c-4852d7b6440c,completed,2023-03-06 20:43:42.066461,,
4bc6424e-4737-44b2-b00c-9f85c5d4c387,completed,2023-03-06 20:43:42.066461,,
4bcd87be-3f36-4158-992a-d11fa3e20a25,completed,2023-03-06 20:43:42.066461,,
4bd5cc53-55ee-4a26-9151-015956072561,completed,2023-03-06 20:43:42.066461,,
4bdce482-0112-46c0-8f17-bf24b2d4ddf7,completed,2023-03-06 20:43:42.066461,,
4be0d91c-a4d8-4449-ba98-e85c54ee696a,completed,2023-03-06 20:43:42.066461,,
4be17fbc-de78-4707-b7a4-99cf8cbf6a3f,completed,2023-03-06 20:43:42.066461,,
4be40f8f-e2b1-4012-a8c5-dd36c1d5be30,completed,2023-03-06 20:43:42.066461,,X
4be6d9c4-f18b-44d8-9f7e-7deaf7df08e0,completed,2023-03-06 20:43:42.066461,,
4beb1456-ad97-468e-9d79-4e1917d4efd0,completed,2023-03-06 20:43:42.066461,,
4bec5c7b-28d0-4171-a1c9-658fd95c9638,completed,2023-03-06 20:43:42.066461,,
4bffb5da-6a20-4483-a306-2fa37c24020c,completed,2023-03-06 20:43:42.066461,,
4c02fb61-80b7-40a8-b2fb-a10d83adeab0,completed,2023-03-06 20:43:42.066461,,
4c06164d-0125-49bf-898e-e0e02ff3e3b3,completed,2023-03-06 20:43:42.066461,,
4c0d0cc5-9864-4ffe-866f-d8c98a6039b2,completed,2023-03-06 20:43:42.066461,,
4c16396c-0531-43f5-ae71-9aaa51b948da,completed,2023-03-06 20:43:42.066461,,
4c1d90a0-7aaf-4a59-a6fb-8fd5c37d84a4,completed,2023-03-06 20:43:42.066461,,
4c2d029d-1e41-40ce-8568-ebe8ea7326b3,completed,2023-03-06 20:43:42.066461,,
4c33f88f-7737-4b20-a677-b15671a8554a,completed,2023-03-06 20:43:42.066461,,
4c3db2a0-2de0-4741-a5a5-46613268945a,completed,2023-03-06 20:43:42.066461,,
4c3ff928-1a73-4818-9c0e-b8b5c96c70d5,completed,2023-03-06 20:43:42.066461,,
4c41288c-611d-4b7e-9b6f-c0672aaab805,completed,2023-03-06 20:43:42.066461,,
4c4358f2-3e4b-44ef-951f-45c0e7411c7c,completed,2023-03-06 20:43:42.066461,,
4c4410c0-ba61-4971-b21c-9616b5a794e0,completed,2023-03-06 20:43:42.066461,,
4c4a0f12-91dd-46c5-80fe-c70c46ad39e0,completed,2023-03-06 20:43:42.066461,,
4c4d99b8-f9f4-468f-a6cc-567208cfd88f,completed,2023-03-06 20:43:42.066461,,
4c597aa3-d262-4fdb-8e2a-907a397f3005,completed,2023-03-06 20:43:42.066461,,
4c5bf06b-766c-43d3-8bc3-d8cabd9dc604,completed,2023-03-06 20:43:42.066461,,
4c60baaf-ca67-43ac-bdb5-1877633b5f07,completed,2023-03-06 20:43:42.066461,,
4c6208bc-e70b-495b-a88e-39899eaf44e0,completed,2023-03-06 20:43:42.066461,,
4c6f2644-a78c-46ab-be0a-07d150a4e78a,completed,2023-03-06 20:43:42.066461,,
4c79dfeb-6c94-49fd-bc9f-32047aa21f9a,completed,2023-03-06 20:43:42.066461,,
4c7ecc53-8942-4c4a-a29a-e1012d4c66f4,completed,2023-03-06 20:43:42.066461,,
4c86dd48-52d0-485c-84db-f144c85ff77e,completed,2023-03-06 20:43:42.066461,,
4c877f01-5d92-4211-a643-2f021231e5da,completed,2023-03-06 20:43:42.066461,,
4c88b516-74ee-4715-81b2-776f01b7c14c,completed,2023-03-06 20:43:42.066461,,
4c906117-27f6-4541-ad9c-b43efe7bd1dc,completed,2023-03-06 20:43:42.066461,,
4c93a433-a12c-4218-9307-1b0439f4c307,completed,2023-03-06 20:43:42.066461,,
4c97ec2d-c044-4188-a8ca-9d7f2079dcc8,completed,2023-03-06 20:43:42.066461,,
4c9d965d-39da-4476-b98f-c9c9aca3306d,completed,2023-03-06 20:43:42.066461,,
4ca97d03-f1ab-444f-9431-53b5cf76e20f,completed,2023-03-06 20:43:42.066461,,
4caa279d-7d6a-49ec-b617-bea5b3e9d170,completed,2023-03-06 20:43:42.066461,,
4cac1852-9ff4-4de4-98d0-c9bcf1ff8063,completed,2023-03-06 20:43:42.066461,,
4cb9fa51-f82d-4ba1-9d85-f989bf7597f6,completed,2023-03-06 20:43:42.066461,,
4cbcce48-9c82-4adf-9bca-60553e46d79e,completed,2023-03-06 20:43:42.066461,,
4cc240d1-867d-4cf7-867b-aeba096d02aa,completed,2023-03-06 20:43:42.066461,,
4cc5bb8e-2501-49f2-a2f1-a8236d89ae6f,completed,2023-03-06 20:43:42.066461,,
4ccdaef4-8706-4211-a548-94bd12b2b3af,completed,2023-03-06 20:43:42.066461,,
4cdcae9c-a016-4458-aea8-bd2de6536f8f,completed,2023-03-06 20:43:42.066461,,
4ce3feca-27ad-487c-bbbc-10d74eec695f,completed,2023-03-06 20:43:42.066461,,
4ce4c557-990d-4071-a92f-78e164a43441,completed,2023-03-06 20:43:42.066461,,
4ce7fc81-be98-46a7-9742-970fc77937a1,completed,2023-03-06 20:43:42.066461,,
4ce99b4e-fc7e-4ac2-b6f0-0bfbe734523e,completed,2023-03-06 20:43:42.066461,,
4cec468d-3dbc-4a2d-a7d9-b2df3982b196,completed,2023-03-06 20:43:42.066461,,
4cee0ddf-6b3a-4530-b3fa-d9397e38f98a,completed,2023-03-06 20:43:42.066461,,
4cf09a39-f6b9-4b4e-92dc-c5d428c47c8f,completed,2023-03-06 20:43:42.066461,,X
4cf74f94-2770-47c4-9cd1-ba2d0bc53f6e,completed,2023-03-06 20:43:42.066461,,
4cf7d72d-8299-4eff-97f3-83d00459fdfa,completed,2023-03-06 20:43:42.066461,,
4cfe5802-abf8-432d-a43a-9ddb93e39759,completed,2023-03-06 20:43:42.066461,,
4d04faaa-7f36-4533-8e0e-8e961abea2c0,completed,2023-03-06 20:43:42.066461,,
4d051dca-915c-49a0-a83e-6e54b14ad40a,completed,2023-03-06 20:43:42.066461,,
4d05225b-aaa5-403e-b97b-b37bfd6a6996,completed,2023-03-06 20:43:42.066461,,
4d0de5f3-586b-4914-af90-2764dfe5aaca,completed,2023-03-06 20:43:42.066461,,
4d2ad40f-b722-454c-a1ff-9f9e531030a3,completed,2023-03-06 20:43:42.066461,,
4d355245-85d5-4428-840f-3a289dd5236c,completed,2023-03-06 20:43:42.066461,,
4d45bcdb-7b59-4317-af22-56a98f5caa1e,completed,2023-03-06 20:43:42.066461,,
4d474c11-d45b-4676-8c91-089abb6092b2,completed,2023-03-06 20:43:42.066461,,
4d57c8b5-00d9-430c-a416-b7e770b5cdc0,completed,2023-03-06 20:43:42.066461,,
4d6e5f52-7462-42ce-9a47-ff0961f07216,completed,2023-03-06 20:43:42.066461,,
4d72801d-1f56-41ee-9810-fe744fe7166a,completed,2023-03-06 20:43:42.066461,,
4d732fc4-a294-4871-af0a-c25b9c4acab5,completed,2023-03-06 20:43:42.066461,,
4d73beae-511a-4ed2-bf87-40ef5136fe94,completed,2023-03-06 20:43:42.066461,,
4d7905c2-3d2a-4330-84cf-768fc67e2071,completed,2023-03-06 20:43:42.066461,,
4d795427-498c-43ef-8143-f8bfdc1262df,completed,2023-03-06 20:43:42.066461,,
4d7f98b8-0607-4980-9a54-3bd9d7fb75f1,completed,2023-03-06 20:43:42.066461,,
4d848940-18c4-4657-be8f-fa2095c05ba6,completed,2023-03-06 20:43:42.066461,,
4d84bad4-cb75-46cc-bdd3-3e05f7a97799,completed,2023-03-06 20:43:42.066461,,
4d855ff8-cc4e-4b93-85e2-3afd74d80427,completed,2023-03-06 20:43:42.066461,,
4da1fb2a-4af3-471e-8c3e-3c8e49c57749,completed,2023-03-06 20:43:42.066461,,
4dabc541-12f4-4882-b151-1bc92d37e45f,completed,2023-03-06 20:43:42.066461,,
4db1fa81-06ff-4aa6-8484-0d4da386e28c,completed,2023-03-06 20:43:42.066461,,
4db3f105-469d-4989-a7bf-bd5b84cb6e61,completed,2023-03-06 20:43:42.066461,,
4db796fb-3736-454b-99b4-4660c8c1c133,completed,2023-03-06 20:43:42.066461,,
4dba11a7-fc3b-4a82-ada7-213518f67702,completed,2023-03-06 20:43:42.066461,,
4dbb98fe-c9c7-40d1-8bc0-7d9989f637a8,completed,2023-03-06 20:43:42.066461,,
4dcaa579-95ae-4cf1-a2ae-3a1742ecc1d8,completed,2023-03-06 20:43:42.066461,,
4dcad64d-2f11-40da-a5bb-cafc73dcb34f,completed,2023-03-06 20:43:42.066461,,
4dd2b471-3dee-41ef-bb11-7e3eb1371d8c,completed,2023-03-06 20:43:42.066461,,
4dd69d68-b54a-4266-b04c-f612b4344f6c,completed,2023-03-06 20:43:42.066461,,
4dd77432-1955-4bed-aae0-109392213ad9,completed,2023-03-06 20:43:42.066461,,
4ddbda9a-7e64-4285-8c27-a922e465e1a7,completed,2023-03-06 20:43:42.066461,,
4ddc51f1-50d8-44be-8732-1de40190e240,completed,2023-03-06 20:43:42.066461,,
4ddebfce-7e0f-4dfd-b8b8-a6108f20493c,completed,2023-03-06 20:43:42.066461,,
4ddf364f-c94b-4f3b-a22e-65301bcd371f,completed,2023-03-06 20:43:42.066461,,X
4ddfec4f-1fe6-43bb-b2e8-7c79d07f41dc,completed,2023-03-06 20:43:42.066461,,
4e09e22b-e8f2-4f7c-abe7-922351575c9b,completed,2023-03-06 20:43:42.066461,,
4e0af410-24c5-4392-bd6c-b2560b041edc,completed,2023-03-06 20:43:42.066461,,
4e0e40f4-2ca3-480c-936d-3929972311a7,completed,2023-03-06 20:43:42.066461,,
4e14ff63-282b-43cb-856d-4659e3217200,completed,2023-03-06 20:43:42.066461,,
4e1ab5ed-7877-4a83-96ad-87b7109862b3,completed,2023-03-06 20:43:42.066461,,
4e1d3daf-7dbe-427b-89be-e11db53fc8ce,completed,2023-03-06 20:43:42.066461,,
4e2ee113-ff80-4cbe-9505-82f2598456f3,completed,2023-03-06 20:43:42.066461,,
4e2f2215-b623-4dd8-9f14-05395ded6d38,completed,2023-03-06 20:43:42.066461,,
4e34e66d-aaba-4f61-9d91-b34ad6882355,completed,2023-03-06 20:43:42.066461,,
4e35a311-b178-435d-af21-742091bdad7d,completed,2023-03-06 20:43:42.066461,X,
4e39922a-ab15-4bd2-826f-5793e63ff643,completed,2023-03-06 20:43:42.066461,,
4e39d340-1fd4-45d8-98ab-a7867c845f30,completed,2023-03-06 20:43:42.066461,X,
4e4d9021-78f3-4be8-8a79-18608987ef6b,completed,2023-03-06 20:43:42.066461,X,
4e4de111-b467-4cd1-a76d-bc546aa24a17,completed,2023-03-06 20:43:42.066461,,
4e54c806-ddda-46f0-af52-f08026f3b88e,completed,2023-03-06 20:43:42.066461,,
4e72f1db-a34e-44d5-abe7-c603ef4e2361,completed,2023-03-06 20:43:42.066461,,
4e759831-8ea4-42ad-a8bb-20a90e2e399b,completed,2023-03-06 20:43:42.066461,,
4e7bd2e7-4d9b-4401-ad35-4e50a86d0754,completed,2023-03-06 20:43:42.066461,,
4e7d95ff-866f-4a4f-b4b1-06111f8cb41f,completed,2023-03-06 20:43:42.066461,,
4e891018-3840-40ab-8538-a7afe116eec1,completed,2023-03-06 20:43:42.066461,,
4e8a658a-2f41-4334-b512-f1f13f2b5c77,completed,2023-03-06 20:43:42.066461,,
4e8d7970-1dd1-41c2-915a-d037156214a9,completed,2023-03-06 20:43:42.066461,,
4e90ca37-15d1-4d27-850f-d383438a54de,completed,2023-03-06 20:43:42.066461,,
4ea4e462-47bb-4352-8b12-01eaa2b4b9a4,completed,2023-03-06 20:43:42.066461,,
4eaf062b-469b-491b-b0d2-2302b6907dc2,completed,2023-03-06 20:43:42.066461,,
4eb288e1-5ad7-4a86-b32b-76ce7961d19c,completed,2023-03-06 20:43:42.066461,,
4eb7e541-3575-4782-9721-ef8738c11612,completed,2023-03-06 20:43:42.066461,,
4ebd4783-6b2c-41fc-a2ed-d8ae8c6a4995,completed,2023-03-06 20:43:42.066461,,
4ec198a2-1f4c-4706-b510-ded0e68200a0,completed,2023-03-06 20:43:42.066461,,
4ed32ff8-0935-4d72-8137-8ed4032457a1,completed,2023-03-06 20:43:42.066461,,
4edda72b-e15e-433a-86b5-749b60b3b837,completed,2023-03-06 20:43:42.066461,,
4ef85ede-b9b2-46d6-99d2-e97909d7092f,completed,2023-03-06 20:43:42.066461,,
4ef8eb35-69c4-4a52-b65f-653a4ee7ae50,completed,2023-03-06 20:43:42.066461,,
4ef90233-668e-43e6-bf39-ca4b1b8a4606,completed,2023-03-06 20:43:42.066461,,
4ef91c24-f822-4a6e-8768-3a516ad217e5,completed,2023-03-06 20:43:42.066461,,
4f0251cb-19b2-4cb1-82e6-387d3fd02ab4,completed,2023-03-06 20:43:42.066461,,
4f06b26f-4bff-4b07-ac91-66be904de1f6,completed,2023-03-06 20:43:42.066461,,
4f095683-59b0-4dc8-8064-1084c96d7073,completed,2023-03-06 20:43:42.066461,,
4f0ea02d-263c-4433-8440-b9a5475ae91a,completed,2023-03-06 20:43:42.066461,,
4f119f88-0f92-435b-bc7d-b8335f1c2963,completed,2023-03-06 20:43:42.066461,X,
4f132b12-8697-4690-a489-a65a93465aed,completed,2023-03-06 20:43:42.066461,,
4f1507ad-a8ff-4e32-9ba3-6ceab09cc78b,completed,2023-03-06 20:43:42.066461,,
4f206e11-8d50-4661-8490-35679616bc5c,completed,2023-03-06 20:43:42.066461,,
4f21377d-6eee-4650-abbf-f9160d29d4fc,completed,2023-03-06 20:43:42.066461,,
4f24a033-36ab-48e0-ab96-d498a0431223,completed,2023-03-06 20:43:42.066461,,
4f311ca8-ba56-482e-88ff-b7a1f68ef458,completed,2023-03-06 20:43:42.066461,,
4f4b56c4-d0f3-4e96-ad54-c2eb0b751d27,completed,2023-03-06 20:43:42.066461,,
4f56f9ce-9b67-43bd-90cb-fd89b48222e6,completed,2023-03-06 20:43:42.066461,,
4f5e3a12-d67c-40c9-9a6b-3d46571ff5e0,completed,2023-03-06 20:43:42.066461,,
4f671fc2-fbe7-4318-9311-3f55191f5d6e,completed,2023-03-06 20:43:42.066461,,
4f675c2f-6ac9-4907-9988-c8cc5d1f75cc,completed,2023-03-06 20:43:42.066461,,
4f721bff-fe73-44f2-b565-fad81eab267e,completed,2023-03-06 20:43:42.066461,,
4f765670-1953-43eb-9620-92e373552941,completed,2023-03-06 20:43:42.066461,,
4f7bfa15-1d10-43dc-9a58-540bcf0f415e,completed,2023-03-06 20:43:42.066461,,
4f7e01a8-5cb5-44de-b115-7f2b2221224d,completed,2023-03-06 20:43:42.066461,,
4f8452e8-edcd-4e35-aad6-70a398647918,completed,2023-03-06 20:43:42.066461,,
4f8a41b2-61d3-4439-a99f-4286b5c3b3ee,completed,2023-03-06 20:43:42.066461,,
4f916289-894c-4717-9aab-ef8ba6e949c0,completed,2023-03-06 20:43:42.066461,,
4f9e4b2b-1a5c-4ae4-a2b0-770e043ff5f0,completed,2023-03-06 20:43:42.066461,,
4f9f8f11-72d5-4252-8b0f-99b6979ed074,completed,2023-03-06 20:43:42.066461,,
4faa56e8-a4b1-4ee7-b231-87fb32b82757,completed,2023-03-06 20:43:42.066461,,
4faf0cc8-1fdd-42b2-a106-08f6048a781f,completed,2023-03-06 20:43:42.066461,,
4faf6182-fc7e-4200-88a9-13813157f50f,completed,2023-03-06 20:43:42.066461,,
4fd47268-d4a7-470c-b0f7-d7238a2d2463,completed,2023-03-06 20:43:42.066461,,
4fd5aa8d-ed98-443a-a2b8-5c9eee674923,completed,2023-03-06 20:43:42.066461,,
4fd866f7-f6c4-4011-9fae-a4d87648bdd7,completed,2023-03-06 20:43:42.066461,,
4fdb45b5-1edd-400c-b247-82aab66b3d90,completed,2023-03-06 20:43:42.066461,,
4fe4ee80-3b02-4263-bd6f-015d956457a2,completed,2023-03-06 20:43:42.066461,,
4fe8e208-8547-447b-816a-cdd5bc89c873,completed,2023-03-06 20:43:42.066461,,
4ff461b3-1687-4df4-a175-1ba4e3a48783,completed,2023-03-06 20:43:42.066461,,
4ffb8465-1af7-4075-9b83-5c4041eab7c8,completed,2023-03-06 20:43:42.066461,,
50004941-41c5-4588-abe5-8731b41a8fdd,completed,2023-03-06 20:43:42.066461,,
5002dd76-2509-49d4-a7d2-a82b6b68daef,completed,2023-03-06 20:43:42.066461,,
50056fcc-bb74-4154-9687-c141aac1f5d8,completed,2023-03-06 20:43:42.066461,,
5006d6be-909d-4a4a-9a42-b4b1867de356,completed,2023-03-06 20:43:42.066461,,
500dc377-71ef-48b5-9e7f-9b0561643bff,completed,2023-03-06 20:43:42.066461,,
500ffe67-c705-42d0-a3f5-5593d22c99af,completed,2023-03-06 20:43:42.066461,,
501400cf-dca6-45d9-991b-a3330ec7b8d3,completed,2023-03-06 20:43:42.066461,,
5015e9b5-270e-4f9f-94fa-50da654a675e,completed,2023-03-06 20:43:42.066461,,
501ff85c-877c-44d9-a5e3-bcab37fecfd7,completed,2023-03-06 20:43:42.066461,,
502007f3-f855-4a25-b14f-814a1cc8cee1,completed,2023-03-06 20:43:42.066461,,
50237d41-5452-47be-a971-f26ddad4cbe3,completed,2023-03-06 20:43:42.066461,,
50329229-9dad-41c4-96b0-b0dc25fb7ad2,completed,2023-03-06 20:43:42.066461,,
5032bb9e-1e0c-41d5-8f01-927942f0e4ca,completed,2023-03-06 20:43:42.066461,,
50442a27-5876-42b0-8150-1498a6e24ff0,completed,2023-03-06 20:43:42.066461,,
504ce982-cef8-4f84-b469-9a56e9826b91,completed,2023-03-06 20:43:42.066461,,
504df225-714a-4d96-b8ce-5d1c3be423e6,completed,2023-03-06 20:43:42.066461,,
504ed316-66c8-4ea9-8599-471aefafc218,completed,2023-03-06 20:43:42.066461,,
50516f1e-c771-4e43-a7a3-1d4995ee265d,completed,2023-03-06 20:43:42.066461,,
5051dcc7-5617-4316-96b1-eebe3e599d80,completed,2023-03-06 20:43:42.066461,,
505f1afd-037d-4a0d-9b9f-e33bdd47061a,completed,2023-03-06 20:43:42.066461,,
506d4cc6-ea28-4aac-8489-d02848f75a5a,completed,2023-03-06 20:43:42.066461,,
506e6b3d-2a58-4dbc-b997-c825df092d60,completed,2023-03-06 20:43:42.066461,,
506ea7db-f75e-4154-9664-8525455e0325,completed,2023-03-06 20:43:42.066461,,
50706b08-f509-452c-819b-9e7a152c9c3b,completed,2023-03-06 20:43:42.066461,,
5070c1e1-8017-497b-acaf-fe2fc6d7d11d,completed,2023-03-06 20:43:42.066461,,
5075d930-03eb-4ed4-b357-f79369e875c9,completed,2023-03-06 20:43:42.066461,,
5075dd8a-9f54-4044-ab6a-ec55632ee6ae,completed,2023-03-06 20:43:42.066461,X,
50769038-4c73-4c78-9b35-b1e0cac5b716,completed,2023-03-06 20:43:42.066461,,
507bcf01-19c2-410c-8dad-5d10984fc0c6,completed,2023-03-06 20:43:42.066461,,
507d6e63-897c-44fe-9921-6a5cade30032,completed,2023-03-06 20:43:42.066461,,
508003d8-f62c-410b-ba59-5af60f20311b,completed,2023-03-06 20:43:42.066461,,
5086b9fa-3d1d-4740-8052-1010224de857,completed,2023-03-06 20:43:42.066461,,
5088d8e1-5491-4c58-aed0-0f656cf19182,completed,2023-03-06 20:43:42.066461,,
5093dfa1-e312-4619-a122-404c051e9a03,completed,2023-03-06 20:43:42.066461,,
5094bfbc-abec-490e-b536-f0f253222aff,completed,2023-03-06 20:43:42.066461,,
50a15a9a-059d-43f9-85b4-fc246fa5cfcc,completed,2023-03-06 20:43:42.066461,,
50b00111-97ca-43f8-996b-1f002120d362,completed,2023-03-06 20:43:42.066461,,
50b454d9-bf8b-4210-a701-ab25c1914476,completed,2023-03-06 20:43:42.066461,,
50bc19d0-4117-4fe4-a7c4-4c2c75bd22fd,completed,2023-03-06 20:43:42.066461,,
50bc352b-668a-47c7-b9d2-cc24cf5f5f24,completed,2023-03-06 20:43:42.066461,,
50bf5f14-dfaf-49e6-ad7c-c2027616e14a,completed,2023-03-06 20:43:42.066461,,
50c2aa58-115a-4993-846b-100f18bd7d17,completed,2023-03-06 20:43:42.066461,,
50c6908e-4142-4bd2-86a4-0bfd57b1aa65,completed,2023-03-06 20:43:42.066461,,
50c757cb-bda8-4a50-beac-5d994be52b4d,completed,2023-03-06 20:43:42.066461,,
50c99e5a-58d8-445a-bab0-7e449864d467,completed,2023-03-06 20:43:42.066461,,
50cb3767-0859-4972-bf6d-073154b20684,completed,2023-03-06 20:43:42.066461,,
50d07246-48af-4c8c-b423-448ff8d33cad,completed,2023-03-06 20:43:42.066461,,
50d246a6-14d5-42a5-aae8-dac1ab4cdc88,completed,2023-03-06 20:43:42.066461,X,
50d4bc37-5cec-40c9-a0d4-325a378eb061,completed,2023-03-06 20:43:42.066461,,
50d56e5a-5e76-460a-a5c3-3b75e478d41d,completed,2023-03-06 20:43:42.066461,,
50e082d6-4186-4830-a418-8fa584e24e95,completed,2023-03-06 20:43:42.066461,,
50e30594-120a-4dc8-98e2-ccf764833fc2,completed,2023-03-06 20:43:42.066461,,
50f434d2-cf8a-4509-9d5e-a6b95738cd22,completed,2023-03-06 20:43:42.066461,,
50f80989-6f02-4f2f-a3d9-72bddf1731e3,completed,2023-03-06 20:43:42.066461,,
50fb2821-0760-4a57-aba3-ae4e13ed9c49,completed,2023-03-06 20:43:42.066461,,
50fbea0c-a1ad-4df2-ab8f-608e65cac332,completed,2023-03-06 20:43:42.066461,,
5104ea35-aae3-4218-8c8f-3f430801cbc7,completed,2023-03-06 20:43:42.066461,,
5109bf21-9bc4-415a-b5f3-faadba431f67,completed,2023-03-06 20:43:42.066461,,
51136f35-4094-4d00-a178-48a4789e37ae,completed,2023-03-06 20:43:42.066461,,
5119890a-17f3-4c1c-8915-74e0dff59d50,completed,2023-03-06 20:43:42.066461,,
511e23eb-3abe-45f4-aa37-80e4631c678d,completed,2023-03-06 20:43:42.066461,,
512904c3-c6b5-4216-b385-4f94724f7d6d,completed,2023-03-06 20:43:42.066461,,
51290af9-db21-48be-a590-f2014e777597,completed,2023-03-06 20:43:42.066461,,
512d9351-3fd6-4394-9b9c-f1013598262c,completed,2023-03-06 20:43:42.066461,,
512fdb74-88a6-45d7-b524-4dca59f4eac6,completed,2023-03-06 20:43:42.066461,,
51409806-9b7f-496b-9266-46085a326984,completed,2023-03-06 20:43:42.066461,,
51434ecc-7214-4e24-b268-59ff6f8618af,completed,2023-03-06 20:43:42.066461,,
514388b6-8967-45a9-a450-fbef9f4763bf,completed,2023-03-06 20:43:42.066461,,
51626abd-651c-4f41-a161-f669a79e2dc5,completed,2023-03-06 20:43:42.066461,,
516794dc-124c-48c7-b97d-c131778eca5a,completed,2023-03-06 20:43:42.066461,,
516a3240-fbce-49c1-bbdf-4a99edeede13,completed,2023-03-06 20:43:42.066461,,
516eca44-39a5-4c28-905c-b57a0c5bcd62,completed,2023-03-06 20:43:42.066461,,
516f7471-86d4-4a42-8f9b-05fe7688fa7d,completed,2023-03-06 20:43:42.066461,,
5172f968-67ac-4977-aa3c-1a8c8c86e987,completed,2023-03-06 20:43:42.066461,,
517a43aa-6f7e-4e63-a3d0-4fdac3afe53a,completed,2023-03-06 20:43:42.066461,,
51836e1c-874f-49bd-b1a3-e70bb8b98a1a,completed,2023-03-06 20:43:42.066461,,
5198894d-909c-498d-b3ac-c06693936474,completed,2023-03-06 20:43:42.066461,,
51a37e92-ff82-43b7-ab41-0f823fc01345,completed,2023-03-06 20:43:42.066461,,
51a56220-9027-4a5b-bb11-d9751bba7f0c,completed,2023-03-06 20:43:42.066461,,
51adc020-e90f-41f8-a4fc-b1b66f49c37d,completed,2023-03-06 20:43:42.066461,,
51b4fcd9-41f1-4f4f-86bf-dca448cf985c,completed,2023-03-06 20:43:42.066461,,
51b74d37-10ca-4260-962c-31191f5dd5dc,completed,2023-03-06 20:43:42.066461,,
51c2a21f-c0e8-456a-800b-035313955006,completed,2023-03-06 20:43:42.066461,,
51c3d787-3e24-4843-863a-6692ff29bed0,completed,2023-03-06 20:43:42.066461,,
51d3981d-429b-480b-9b79-c7357e0c5a9f,completed,2023-03-06 20:43:42.066461,,
51d875bb-7ea7-4787-a890-5fa050e3ebcd,completed,2023-03-06 20:43:42.066461,,
51e58146-f965-4655-8636-19c018470e64,completed,2023-03-06 20:43:42.066461,,
51ec039d-6be8-41f9-bff5-e6eaa7791bc2,completed,2023-03-06 20:43:42.066461,,
51ef842e-47ee-482e-8b1d-78f03ab3c53c,completed,2023-03-06 20:43:42.066461,,
51f0dbff-342b-413e-babd-5eee0ba801f2,completed,2023-03-06 20:43:42.066461,,
51fac15a-499b-4420-8982-aff3135745d3,completed,2023-03-06 20:43:42.066461,,
5203dc0d-e5ae-4478-9240-454a2238c287,completed,2023-03-06 20:43:42.066461,,
520ed3c2-b1c2-48cd-a1b9-2853b4a0eabc,completed,2023-03-06 20:43:42.066461,,
5211817a-2770-4e1e-8bd3-4678c9f061d9,completed,2023-03-06 20:43:42.066461,,
5214f60e-5963-41a1-9957-40b23957c057,completed,2023-03-06 20:43:42.066461,,
5217b6d5-4195-4587-ad08-4db09b5f3a23,completed,2023-03-06 20:43:42.066461,,
521b0c18-ca3f-4632-b161-428ef0def6a9,completed,2023-03-06 20:43:42.066461,,
521c2481-3ad5-4dcf-9def-0640121f7527,completed,2023-03-06 20:43:42.066461,,
521cec2e-e752-4249-b7b8-dfa0ccdef538,completed,2023-03-06 20:43:42.066461,,
523d6a16-4dea-419b-852a-f9eb420865b1,completed,2023-03-06 20:43:42.066461,,
523e2724-e78b-43c3-884d-820e2242fdcf,completed,2023-03-06 20:43:42.066461,,
52446a17-5d12-4d3f-8262-e95fe1ecd636,completed,2023-03-06 20:43:42.066461,,
5245533a-beeb-43cf-aecc-848286da7831,completed,2023-03-06 20:43:42.066461,,
524dbe5f-5614-48f3-925b-da091ac06ac1,completed,2023-03-06 20:43:42.066461,,
52518ef1-3130-456b-b30e-968ff2a35312,completed,2023-03-06 20:43:42.066461,,
5253cfea-69a7-4ad3-854b-09e620520c22,completed,2023-03-06 20:43:42.066461,,
525b2d4d-6705-4c67-bcbd-9d5c52d8bf1e,completed,2023-03-06 20:43:42.066461,,
52601e9b-f097-4cc5-af22-0eb332738a66,completed,2023-03-06 20:43:42.066461,,
5262e357-7a59-4ec7-9a41-2246d87dc33a,completed,2023-03-06 20:43:42.066461,,
5265ea2b-c4e5-4e8d-b5e2-95e26c9cafb4,completed,2023-03-06 20:43:42.066461,,
526c8559-55d2-4736-8c49-7ce907c650d6,completed,2023-03-06 20:43:42.066461,,
52762d13-41cc-421b-847e-9b230cbeca7d,completed,2023-03-06 20:43:42.066461,X,
527f0809-1273-454c-9f91-952a63cd8e87,completed,2023-03-06 20:43:42.066461,,
528f0b6e-bfc3-46c7-aecf-c0f8dc220fc6,completed,2023-03-06 20:43:42.066461,,
5297a9c6-1db3-43e8-be4d-b658fa5fb2f9,completed,2023-03-06 20:43:42.066461,,
529a9a6b-9df9-47ed-977d-fcb625f23856,completed,2023-03-06 20:43:42.066461,,
529e477c-4269-45c9-8aac-0cd7ad1c900e,completed,2023-03-06 20:43:42.066461,,
529fb7dc-d292-4407-b18d-c1e3d5d80ebd,completed,2023-03-06 20:43:42.066461,,
52a14bd2-3d02-4f66-adb7-0a706c8fd431,completed,2023-03-06 20:43:42.066461,,
52a3678b-beb4-4b9c-8230-90773e60456d,completed,2023-03-06 20:43:42.066461,,
52a4a666-8a9d-47a6-9287-b5491b51d2fe,completed,2023-03-06 20:43:42.066461,,X
52a99538-294a-4dd0-a784-e6ac3fe4edd4,completed,2023-03-06 20:43:42.066461,,
52ab51e0-8c2f-4e06-935a-8e3a6afcd720,completed,2023-03-06 20:43:42.066461,,
52acf8fe-a396-4f1f-ae90-d31c73bd234b,completed,2023-03-06 20:43:42.066461,,
52ad4146-8fde-40c6-b652-377b333888a9,completed,2023-03-06 20:43:42.066461,,
52b04970-868b-421f-aa30-563f0c996ea9,completed,2023-03-06 20:43:42.066461,,
52becaba-f31d-44bb-b298-6540586330c3,completed,2023-03-06 20:43:42.066461,,
52c397dd-0493-4848-b44d-1ddaf1d865fc,completed,2023-03-06 20:43:42.066461,,
52c87508-3824-45eb-b3f1-f4f5277dffe7,completed,2023-03-06 20:43:42.066461,,
52cd4c12-e399-4091-99f6-255f05c1539d,completed,2023-03-06 20:43:42.066461,,
52ce31dc-7596-491b-a0ba-7473cc1bb048,completed,2023-03-06 20:43:42.066461,,
52d0c413-21d8-4f1a-b79b-5390a4872f7a,completed,2023-03-06 20:43:42.066461,,
52d17844-5f5b-43f8-b9aa-9feb574f9975,completed,2023-03-06 20:43:42.066461,,
52d9e6eb-b4ec-44c5-8ba4-d47170d1bcdd,completed,2023-03-06 20:43:42.066461,,
52db9424-8e9b-4837-b04d-2c6276af9585,completed,2023-03-06 20:43:42.066461,,
52e642bb-5b6f-4b40-91e8-2998b467366b,completed,2023-03-06 20:43:42.066461,,
52eb4fde-3316-4c4e-b9e1-63e7982982e5,completed,2023-03-06 20:43:42.066461,,
52f1a3b9-e24c-4a4b-8d7a-8bb1632cbdbd,completed,2023-03-06 20:43:42.066461,,
52fb6e4f-17ba-4213-b4de-32072ecf64d2,completed,2023-03-06 20:43:42.066461,,
53005ab1-4177-4eb7-86b3-025158406cdd,completed,2023-03-06 20:43:42.066461,,
5303c745-ff8c-410b-9b87-3a4c7581eaea,completed,2023-03-06 20:43:42.066461,,
530c09ae-2ded-4f3d-8803-6ded1ad05f92,completed,2023-03-06 20:43:42.066461,,
53113877-874e-48ba-86a0-576a361a6dfe,completed,2023-03-06 20:43:42.066461,,
5314a63c-3577-4cca-a9af-ca9bd49798d7,completed,2023-03-06 20:43:42.066461,,
531809d4-d99e-4e27-a55e-09efe9a7c35c,completed,2023-03-06 20:43:42.066461,,
531bd266-6221-4989-abf0-ddb0dce6a380,completed,2023-03-06 20:43:42.066461,,
531d1846-02fd-4e0a-b845-6cd49cb7c110,completed,2023-03-06 20:43:42.066461,,
5326725a-94a0-45bf-978f-0e09c2d5881d,completed,2023-03-06 20:43:42.066461,,
532a9304-31c5-4406-aed3-809a7cdecce9,completed,2023-03-06 20:43:42.066461,,
532c519e-d819-4e31-8105-9c8c5e116d24,completed,2023-03-06 20:43:42.066461,,
5331c7a2-d705-4b83-af23-c4b50ea335f0,completed,2023-03-06 20:43:42.066461,,
5333fb56-88e1-4e9f-92e5-52a8109651de,completed,2023-03-06 20:43:42.066461,,
5334aa22-3b58-4267-8d4e-dbdad2348f56,completed,2023-03-06 20:43:42.066461,,
53384080-3f4e-4fb5-a77f-7965e5748a97,completed,2023-03-06 20:43:42.066461,,
533867c6-2cb9-44e5-9185-60a77dbd3be5,completed,2023-03-06 20:43:42.066461,,
533b2cfa-9b27-47f2-b428-40898f925fc2,completed,2023-03-06 20:43:42.066461,,
5342f65d-7588-43b2-969a-699ad07ba984,completed,2023-03-06 20:43:42.066461,,
53504743-526f-4909-ab66-9a20c3faa8db,completed,2023-03-06 20:43:42.066461,,
5359f881-a72e-42c7-b729-55193fe661e6,completed,2023-03-06 20:43:42.066461,,
537029fc-c9f6-4356-bd8a-ce37c7e5e150,completed,2023-03-06 20:43:42.066461,,
5375a879-41bd-4b2e-a499-b21c40c95edf,completed,2023-03-06 20:43:42.066461,,
5375b6e6-c9d3-4add-8ce2-c701a0b761bc,completed,2023-03-06 20:43:42.066461,,
53782422-b0c6-4425-9c2f-877d04ed7a05,completed,2023-03-06 20:43:42.066461,,
537a84d7-b9b5-40f9-a6e1-65fb7038fea4,completed,2023-03-06 20:43:42.066461,,
537c027f-e5e7-44d3-ada3-bcfd28d3277c,completed,2023-03-06 20:43:42.066461,,
53830502-a0be-48cb-9835-7c5d656b876e,completed,2023-03-06 20:43:42.066461,,
5386e5fa-fcc0-42a5-901a-7497e2c8072f,completed,2023-03-06 20:43:42.066461,,
5388f8d1-a4fe-43e8-ba82-27809589b252,completed,2023-03-06 20:43:42.066461,,
538acc1f-23d6-4744-b944-d60ee0429493,completed,2023-03-06 20:43:42.066461,,
538c09e2-af70-4e5a-86bc-57499523ce94,completed,2023-03-06 20:43:42.066461,,
53984c75-0e5b-4d3e-ae07-992b2ec01329,completed,2023-03-06 20:43:42.066461,,
5398632d-efea-43e1-ae42-5b38b5dca0b6,completed,2023-03-06 20:43:42.066461,,
539879e1-d647-4438-9664-f9a00de1a0cd,completed,2023-03-06 20:43:42.066461,,
5398d0fb-54a4-4b7a-94af-8d452038465b,completed,2023-03-06 20:43:42.066461,,
539fa23e-fe0c-407b-bccd-9e85b80ee74c,completed,2023-03-06 20:43:42.066461,,
53a10bf4-cda3-490d-9185-8d785d0b629f,completed,2023-03-06 20:43:42.066461,,
53a39f7a-90ce-49df-bc1c-85d48f202e04,completed,2023-03-06 20:43:42.066461,,
53ab3550-7916-4489-920c-d46896848005,completed,2023-03-06 20:43:42.066461,,
53af9003-97d3-4767-a1a3-ffaa035a05d8,completed,2023-03-06 20:43:42.066461,,
53b29862-e92b-402b-b17c-3b0f66c03b5b,completed,2023-03-06 20:43:42.066461,,
53ba8c56-504a-448f-a02a-a2d2ce48a11b,completed,2023-03-06 20:43:42.066461,,
53bf60d7-6346-4df8-a440-8fcf7520dcc4,completed,2023-03-06 20:43:42.066461,,
53cd0079-7d5b-421e-acee-fa36c1e47cba,completed,2023-03-06 20:43:42.066461,,
53e81e3c-b153-4a4e-bfa0-1e5b4bd65614,completed,2023-03-06 20:43:42.066461,,
53ee023e-9b7d-4e55-a2a8-e1137273e6e5,completed,2023-03-06 20:43:42.066461,,
53ffe9b0-dfe2-4938-9828-ebbbdffc0b5a,completed,2023-03-06 20:43:42.066461,,
54014fa7-9db0-4baa-9f0d-00408b3caa9e,completed,2023-03-06 20:43:42.066461,,
5402fc09-5298-449a-a59b-70262a6e749b,completed,2023-03-06 20:43:42.066461,,
540ac3a7-0489-4fa0-970b-149b12b5a826,completed,2023-03-06 20:43:42.066461,,
54237f93-c40f-4d01-9db1-77557a7de7b2,completed,2023-03-06 20:43:42.066461,,
54272faf-4094-4f65-a3c1-590a8203cbd4,completed,2023-03-06 20:43:42.066461,,
5433199f-d29d-4c8d-bbde-df5ee1d0c154,completed,2023-03-06 20:43:42.066461,,
54354eb3-1758-4ef6-b58a-0779550bdf53,completed,2023-03-06 20:43:42.066461,,
5437fcdd-049f-44ad-ae1d-f9df6e1651d4,completed,2023-03-06 20:43:42.066461,,
5438b8b9-0dba-40db-875b-6bf66a71d5d0,completed,2023-03-06 20:43:42.066461,,
5439b966-e5a1-4157-aa24-d6b765cb5092,completed,2023-03-06 20:43:42.066461,,
543ff6ea-ab1b-41f6-a2c1-85a69008b554,completed,2023-03-06 20:43:42.066461,,
54549c30-10f4-41b8-ad54-6fd9e74937c0,completed,2023-03-06 20:43:42.066461,,
545a925d-41a9-4511-82a5-e89a5d6da87d,completed,2023-03-06 20:43:42.066461,,
5473118b-17b4-458a-b237-fe5559aca8fe,completed,2023-03-06 20:43:42.066461,,
5474d7d0-f214-429e-a946-62656bf80aff,completed,2023-03-06 20:43:42.066461,,
547b1496-9c9f-42ad-b486-9ccaf9fa9935,completed,2023-03-06 20:43:42.066461,,
5487df77-7838-4b2c-a905-73373c12e5c9,completed,2023-03-06 20:43:42.066461,,
54915cb5-df8b-413e-a7f6-f32dfb292d33,completed,2023-03-06 20:43:42.066461,,
5499409e-9bb8-4c76-8867-d36f76491bcc,completed,2023-03-06 20:43:42.066461,,
54a31e6d-337c-413f-aa20-94552061fc1c,completed,2023-03-06 20:43:42.066461,,
54a3d26b-1d89-4a58-b27f-8fe65aff079a,completed,2023-03-06 20:43:42.066461,,
54b75605-1773-41f6-9c94-4cda6f2e8009,completed,2023-03-06 20:43:42.066461,,
54c13b05-a694-4cc7-ab23-85fbde3cc7df,completed,2023-03-06 20:43:42.066461,,
54c37cf1-06d9-40e6-888c-f0b137a5dfeb,completed,2023-03-06 20:43:42.066461,,
54ce66c3-1da2-4837-b98f-2d1b23e12385,completed,2023-03-06 20:43:42.066461,X,
54cf55ec-7d71-404c-ab30-053944ceabdc,completed,2023-03-06 20:43:42.066461,,
54d05a0c-9955-411d-bf68-df1111502c7e,completed,2023-03-06 20:43:42.066461,,
54d192df-ce61-4a31-a667-ee03864e4f12,completed,2023-03-06 20:43:42.066461,,
54d29015-ac72-499a-8c77-c21349f92896,completed,2023-03-06 20:43:42.066461,,
54d666c9-1567-441d-8301-43cb3d12dfa4,completed,2023-03-06 20:43:42.066461,,
54d79f83-0ddd-4831-b98b-684608ea5d54,completed,2023-03-06 20:43:42.066461,,
54df0c27-bcf8-4289-89f4-41b933721340,completed,2023-03-06 20:43:42.066461,,
54e0037b-1ee6-49a1-8210-9313df445da9,completed,2023-03-06 20:43:42.066461,,
54e53b1e-cf23-4c1e-9c8b-83b9db810601,completed,2023-03-06 20:43:42.066461,,
54e61006-6915-490f-9106-222d38d1777d,completed,2023-03-06 20:43:42.066461,X,
54ee5975-9ae7-44b4-9e18-cb2e4509bbdc,completed,2023-03-06 20:43:42.066461,,
54f30da1-84c5-44af-861c-f6ac1e5e4848,completed,2023-03-06 20:43:42.066461,,
54ff2372-2c04-4945-b2f5-cbdc14248afb,completed,2023-03-06 20:43:42.066461,,
55074c0e-f4fe-44a5-9de2-42c6155ca0da,completed,2023-03-06 20:43:42.066461,,X
55095895-4b0d-42eb-8093-008977f5c4c7,completed,2023-03-06 20:43:42.066461,,
550c2451-0627-49a9-a19c-89e558782e37,completed,2023-03-06 20:43:42.066461,,
550f0ea9-8d02-489a-99bb-5fae935d0bf8,completed,2023-03-06 20:43:42.066461,,
5515e363-deb1-4719-bb35-71c42deca851,completed,2023-03-06 20:43:42.066461,,
551cbac2-6756-4be3-b013-95c8ace58db7,completed,2023-03-06 20:43:42.066461,,
551f6b59-72e2-4274-ae6a-160afdef1a95,completed,2023-03-06 20:43:42.066461,,
5527963c-0ddb-4d17-a562-9f112d72a7de,completed,2023-03-06 20:43:42.066461,,
552b8dad-37ca-4efe-b1dc-d21b8494d767,completed,2023-03-06 20:43:42.066461,,
55439087-e618-4399-a8a8-42b0c3b89004,completed,2023-03-06 20:43:42.066461,,
55495135-caa0-47df-8500-6143ed2474b5,completed,2023-03-06 20:43:42.066461,,
554e8658-8c23-41c8-93da-dcad0d430c6a,completed,2023-03-06 20:43:42.066461,,
5554bace-aff6-475b-a559-4051e7462ef0,completed,2023-03-06 20:43:42.066461,,
555cb216-72b0-4d5b-8d2a-f9cc385f7551,completed,2023-03-06 20:43:42.066461,,
5563ce9f-9cbc-47a9-bd84-927c0af69e82,completed,2023-03-06 20:43:42.066461,,
55678fd8-f7bb-4437-bfcf-8b5b3b605f67,completed,2023-03-06 20:43:42.066461,,
55693791-5d28-436b-9962-b1420c5f5d49,completed,2023-03-06 20:43:42.066461,,
5583123f-bd2a-4d2b-bdbd-398f39e7a74e,completed,2023-03-06 20:43:42.066461,,
558a3b31-2d72-45ba-91fc-3dd66bb75654,completed,2023-03-06 20:43:42.066461,,
558dd8b5-911e-4fd2-9ec2-9979395110cf,completed,2023-03-06 20:43:42.066461,,
5595fe93-a75e-4d08-bbdf-71c98c82c086,completed,2023-03-06 20:43:42.066461,,
559bd5ce-2c6a-4f1c-805a-0afcacb49405,completed,2023-03-06 20:43:42.066461,,
55ae1481-22aa-4c17-aadd-d320705241de,completed,2023-03-06 20:43:42.066461,,
55bbb8d5-6b93-4a9e-9040-32736fbf3b13,completed,2023-03-06 20:43:42.066461,,
55bcbbbf-3915-4906-b3b2-56ca12302f79,completed,2023-03-06 20:43:42.066461,,
55bf7a98-e29d-4e52-b34e-4bc13e9e005a,completed,2023-03-06 20:43:42.066461,,
55bf942b-9f14-4fbe-884d-0aa5fd6f3276,completed,2023-03-06 20:43:42.066461,,
55d4276f-d2b6-4749-8006-b364ee343b1d,completed,2023-03-06 20:43:42.066461,,
55d9d22d-e2cb-40ad-9e1a-991f4a13c251,completed,2023-03-06 20:43:42.066461,,
55e20efb-3a2e-4e1d-a7bc-0f160fe471d3,completed,2023-03-06 20:43:42.066461,,
55e5ae8c-a7b8-4dee-bf4a-865cfedc85ab,completed,2023-03-06 20:43:42.066461,,
55ec59e7-57b2-48f4-907d-0de87cf72860,completed,2023-03-06 20:43:42.066461,,
56077b79-e9c2-4d0f-b90a-ee28618cf14a,completed,2023-03-06 20:43:42.066461,,
5607c24c-8947-4ce6-af40-0854b9cd7831,completed,2023-03-06 20:43:42.066461,,
560dcb2e-82f0-46ef-b1bd-e91319ae9d64,completed,2023-03-06 20:43:42.066461,,
56202d2a-fff3-43a2-96ae-f4aa3cfd9a81,completed,2023-03-06 20:43:42.066461,,
5625beb9-278d-443d-a715-c50ddce9ba0a,completed,2023-03-06 20:43:42.066461,,
563149c6-84b5-4d14-962e-a07cb5d94c33,completed,2023-03-06 20:43:42.066461,,
56327028-c915-44c0-becf-449f1f342813,completed,2023-03-06 20:43:42.066461,,
563cc3d4-430c-46f6-b5bf-c3ed3eb1db88,completed,2023-03-06 20:43:42.066461,,
56412dac-5928-44b4-9943-1d8c629201cb,completed,2023-03-06 20:43:42.066461,,
5659fd57-046d-479e-a2e5-c3616f0f9e9f,completed,2023-03-06 20:43:42.066461,,
565ea94a-b3be-4373-ba08-26aab67aabd4,completed,2023-03-06 20:43:42.066461,,
5666ebe4-0407-4f45-b966-f9b0c6a3bf13,completed,2023-03-06 20:43:42.066461,,
56687cd4-2ead-4cf5-ba6a-d8a644029f36,completed,2023-03-06 20:43:42.066461,,
566b0ee9-d06b-472e-bb3d-f4096c61dc3d,completed,2023-03-06 20:43:42.066461,,
566b0f5e-76f9-4942-8b42-56e50fd1fa49,completed,2023-03-06 20:43:42.066461,,
566f607c-3834-4ee4-87f8-aede06736fb4,completed,2023-03-06 20:43:42.066461,,
56741f01-6f33-44ab-ad62-d6f2eb761c05,completed,2023-03-06 20:43:42.066461,,
567578ad-4025-48f0-93b8-b9f4647cc745,completed,2023-03-06 20:43:42.066461,,
5678ccf3-3b50-4e61-8ff6-a3139b88cbd4,completed,2023-03-06 20:43:42.066461,,
56851e64-f45e-4f8f-a328-bc3b9d8c2a05,completed,2023-03-06 20:43:42.066461,,
5687a63d-0a7c-45a8-9da9-8724d89dc0d3,completed,2023-03-06 20:43:42.066461,,
56908328-b4d6-407b-a02e-bb7b221c83d5,completed,2023-03-06 20:43:42.066461,,
56943f45-d2cd-455b-9f3a-7e3c3d73347c,completed,2023-03-06 20:43:42.066461,,
56b35fb5-989a-4b06-a97c-56665c016e92,completed,2023-03-06 20:43:42.066461,,
56c06769-e08a-48cd-b048-d0190c742d8a,completed,2023-03-06 20:43:42.066461,,
56c692b4-400b-41e3-9469-fde519a2450c,completed,2023-03-06 20:43:42.066461,,
56c6a480-3082-408e-8927-1f5927470885,completed,2023-03-06 20:43:42.066461,,
56cbdbb7-3fa0-4c95-b33f-bc538bea5857,completed,2023-03-06 20:43:42.066461,,
56db52f0-fbeb-4a0c-badd-3bef4c82efa4,completed,2023-03-06 20:43:42.066461,,
56dd716c-6c1a-4ff9-8e71-d6dd028980ab,completed,2023-03-06 20:43:42.066461,,X
56e4f606-f3dd-4c0c-a1c9-1db1cebc5094,completed,2023-03-06 20:43:42.066461,,
56ecbcb7-7c82-4114-82aa-35a4c729579d,completed,2023-03-06 20:43:42.066461,,
56f38870-11eb-4948-b358-60fcb0582ec8,completed,2023-03-06 20:43:42.066461,,
56f444ce-2e9e-4c48-b61c-382ae72a3b18,completed,2023-03-06 20:43:42.066461,,
56f63aeb-849f-4e40-9cbe-3cf98f655322,completed,2023-03-06 20:43:42.066461,,
571b9db7-0e13-4a4f-8874-144c15bc0631,completed,2023-03-06 20:43:42.066461,,
571c1539-aaf4-444c-b66d-0393569762b5,completed,2023-03-06 20:43:42.066461,,
571f67b7-ac82-443e-a1fb-e571db3104ec,completed,2023-03-06 20:43:42.066461,,
57203124-66df-483a-976b-efe5b781d243,completed,2023-03-06 20:43:42.066461,,
5727085a-0693-4e92-8b78-019f2b237ef4,completed,2023-03-06 20:43:42.066461,,
5733ca54-f821-42b9-9730-78fc2522c5f6,completed,2023-03-06 20:43:42.066461,,
5733fa36-f30f-405f-891f-3d02544cc6b6,completed,2023-03-06 20:43:42.066461,,
5735bb45-5dc0-46f0-a1f0-8e34d3340aaf,completed,2023-03-06 20:43:42.066461,,
5741d6a2-b6cc-47fd-a765-46715b7a6d1c,completed,2023-03-06 20:43:42.066461,,
57637db3-9040-4b81-bf76-1d0320ea588d,completed,2023-03-06 20:43:42.066461,,
5766a36e-10e6-44cb-9e58-3944d8598546,completed,2023-03-06 20:43:42.066461,X,
5770d562-86ab-4614-8946-081cc03b4d3a,completed,2023-03-06 20:43:42.066461,,
57718deb-3aa8-43f5-a733-1c1ecf59a51b,completed,2023-03-06 20:43:42.066461,,
57734948-8a70-4114-be77-6d7795f256eb,completed,2023-03-06 20:43:42.066461,,
57783ff1-8bf8-404b-a4e9-e44ab3f40a3d,completed,2023-03-06 20:43:42.066461,,
577b6781-7bd1-41d9-abfc-fb60dc07ba70,completed,2023-03-06 20:43:42.066461,,
57801942-6563-44f3-99d1-e7adfc7f3f29,completed,2023-03-06 20:43:42.066461,,
57849248-f58a-4d6d-b984-08139c1c7e10,completed,2023-03-06 20:43:42.066461,,
578ab4a2-ba4c-4c98-9c73-24c53f692cde,completed,2023-03-06 20:43:42.066461,,
579782fc-0693-4f34-8cb8-0dde2a659e73,completed,2023-03-06 20:43:42.066461,,
57a30360-8473-4092-a8e0-3a32847dc5a2,completed,2023-03-06 20:43:42.066461,,
57b086a0-7332-4256-9467-3158a0c873de,completed,2023-03-06 20:43:42.066461,,
57b42372-3982-4093-8461-2376cf03415c,completed,2023-03-06 20:43:42.066461,,
57b784ce-b1b7-49fc-9426-dce2c2d49761,completed,2023-03-06 20:43:42.066461,,
57bb8087-b3d9-4baf-be5e-66573b3615e7,completed,2023-03-06 20:43:42.066461,,
57c48f1d-7d24-45db-914a-260287af215e,completed,2023-03-06 20:43:42.066461,,
57c8d327-dbac-4b2f-96ca-bfbbfbf00783,completed,2023-03-06 20:43:42.066461,,
57c8f4c8-a177-4b58-8905-dd93abf585e5,completed,2023-03-06 20:43:42.066461,,
57c9619b-8639-4542-84e9-6a5221686a03,completed,2023-03-06 20:43:42.066461,,
57cfa655-0c6b-4331-b608-6a477572fc44,completed,2023-03-06 20:43:42.066461,,
57dcf560-bdfb-452f-8508-2f4cd68f9d7f,completed,2023-03-06 20:43:42.066461,,
57df1d1e-4002-4350-98b6-2eba569cfcf2,completed,2023-03-06 20:43:42.066461,,
57e0eef9-fd57-4a7e-9b1b-82a4d3989ae7,completed,2023-03-06 20:43:42.066461,,
57e45918-507f-4ca9-b8e7-0b3ccfb3fda8,completed,2023-03-06 20:43:42.066461,,
57e477ea-7b08-438b-adb7-eda73d4afaba,completed,2023-03-06 20:43:42.066461,,
57f52dad-0336-4196-85a1-426d02aa59b1,completed,2023-03-06 20:43:42.066461,,
57f6106d-f62c-4e2a-b265-190122858791,completed,2023-03-06 20:43:42.066461,,
57f9b83e-2db9-495d-bea3-f0477d16dc70,completed,2023-03-06 20:43:42.066461,,
5801bc47-e6b2-4137-a40d-805d990c3232,completed,2023-03-06 20:43:42.066461,,
58170502-80f4-48d6-9bed-1f237387db6c,completed,2023-03-06 20:43:42.066461,,
581c69e5-e28b-438a-8048-58776784950b,completed,2023-03-06 20:43:42.066461,,
5821bcb2-47cf-4892-a970-63ad81859db4,completed,2023-03-06 20:43:42.066461,,
5827ef96-0540-4616-957c-27e07530b9e4,completed,2023-03-06 20:43:42.066461,,
584075c3-5e9f-4b37-b461-7eafb30870c3,completed,2023-03-06 20:43:42.066461,,
586535ba-8f27-45a3-afa9-46fd18e7a406,completed,2023-03-06 20:43:42.066461,,
5865c3fc-e3f9-4f7b-bc41-aeb423322c2e,completed,2023-03-06 20:43:42.066461,,
58662771-6ef7-464d-a8e4-0834704fba0d,completed,2023-03-06 20:43:42.066461,,
58682bdd-d2f2-49ec-9f89-b71d101786ea,completed,2023-03-06 20:43:42.066461,,
586cacfc-50b6-4a4f-a4ee-1bcc5f35964d,completed,2023-03-06 20:43:42.066461,,
5876cb11-ac8d-4f14-8705-a19aa5afcb9f,completed,2023-03-06 20:43:42.066461,,
587a893e-73f6-43cb-982a-b9810d2684f0,completed,2023-03-06 20:43:42.066461,,
587f599a-5a0e-449a-bd66-759a34d7cf77,completed,2023-03-06 20:43:42.066461,,
587f8a98-00fb-44cf-ba72-f32b1e361fbc,completed,2023-03-06 20:43:42.066461,,
588d0f68-fab3-4407-ab94-fa57413c414e,completed,2023-03-06 20:43:42.066461,,
5896ff9a-57e9-468b-ab45-17f08dd18717,completed,2023-03-06 20:43:42.066461,,
589817c1-29cd-43e1-ba86-8f9d92644878,completed,2023-03-06 20:43:42.066461,,
5899f0f8-7cfe-404b-9bef-58d60f86ba9b,completed,2023-03-06 20:43:42.066461,,
589b6fa9-cb8f-4d96-a71f-4c1d71bd10e6,completed,2023-03-06 20:43:42.066461,,
589e71d0-b55f-445d-9daf-e4b9cb52bf48,completed,2023-03-06 20:43:42.066461,,
58a0b539-4fc1-4eca-a637-eb3a158fec76,completed,2023-03-06 20:43:42.066461,,
58a0ef38-f33f-493a-b885-661714edb12a,completed,2023-03-06 20:43:42.066461,,
58a2bb28-1d50-43c4-b0e0-d1bdc22650e8,completed,2023-03-06 20:43:42.066461,,
58a61741-b201-48dc-9b60-d5ba044e588b,completed,2023-03-06 20:43:42.066461,,
58a7f365-631e-4a19-bad3-379bfba4da8a,completed,2023-03-06 20:43:42.066461,,
58ab7056-6438-4bb9-b260-d4d848512047,completed,2023-03-06 20:43:42.066461,,
58b09677-5028-435c-91a4-e5702a95db94,completed,2023-03-06 20:43:42.066461,,
58b4eaab-3cd3-4d07-8065-aad2d126c6d0,completed,2023-03-06 20:43:42.066461,,
58b4ebfd-b4df-4dcd-ac3b-ee81e05a1530,completed,2023-03-06 20:43:42.066461,,
58b76a5d-024b-4ee8-874f-3dd5724b1383,completed,2023-03-06 20:43:42.066461,,
58b77eb8-9e87-4712-87d9-4db2acceaefc,completed,2023-03-06 20:43:42.066461,,
58bdf371-1acc-401d-a4d6-82a83604951e,completed,2023-03-06 20:43:42.066461,,
58c22f4a-a618-4868-9b19-437e76327eaf,completed,2023-03-06 20:43:42.066461,,
58c34d1e-5f6e-4455-a444-31b81f9b24af,completed,2023-03-06 20:43:42.066461,,
58cc6af6-23bf-4427-a2e8-5766e38da646,completed,2023-03-06 20:43:42.066461,,
58d053e9-9017-4e8a-936a-12d8d8553e7e,completed,2023-03-06 20:43:42.066461,,
58e29cb1-580d-4cb0-93ed-d59c064331df,completed,2023-03-06 20:43:42.066461,,
58e31558-d2a8-4361-817a-97e0d1231cf7,completed,2023-03-06 20:43:42.066461,,
58e37200-45a0-4401-91b0-6b925862cc50,completed,2023-03-06 20:43:42.066461,,
58e7d6c1-cb50-4bd7-a540-2b6515d38277,completed,2023-03-06 20:43:42.066461,,
58ee2b85-90b6-4319-aa38-89e5e2a17674,completed,2023-03-06 20:43:42.066461,,
58efffe5-deb2-4e09-a48d-0eedeaaebae1,completed,2023-03-06 20:43:42.066461,,
58f92930-d963-4425-a29c-3e2b1de72842,completed,2023-03-06 20:43:42.066461,,
58ff7f07-a6c3-4ef9-b36f-c1b99d5c3c99,completed,2023-03-06 20:43:42.066461,,
59091eed-4b55-487b-82dd-1a553526663f,completed,2023-03-06 20:43:42.066461,,
590b8c53-6679-42ac-950d-045f5e486812,completed,2023-03-06 20:43:42.066461,,
591aaa00-b2c5-43fc-932a-77a4ab15da13,completed,2023-03-06 20:43:42.066461,,
5928b1bc-2166-4c10-9450-e0a6c71b9572,completed,2023-03-06 20:43:42.066461,,
593f8554-dd1b-47f6-951e-7e5649c280ad,completed,2023-03-06 20:43:42.066461,,
5946d085-8b41-4cc4-90be-aecb65a3df2d,completed,2023-03-06 20:43:42.066461,,
59487dd7-df2c-41ed-b41f-9f92ef9a6ebc,completed,2023-03-06 20:43:42.066461,,
5949bde4-3c5f-41e7-9269-2826cfe540f9,completed,2023-03-06 20:43:42.066461,,
594c7c2d-f0e9-408e-8c37-aecefba56794,completed,2023-03-06 20:43:42.066461,,
5952afee-207a-4fd0-8b13-1087b41d2c66,completed,2023-03-06 20:43:42.066461,,
595abe57-404d-4bdc-badb-934cd43c2782,completed,2023-03-06 20:43:42.066461,,
5961abae-8fb4-4b18-b5df-d434ebad7e3e,completed,2023-03-06 20:43:42.066461,,
5961f746-ca9b-4ad6-a3b8-acb6b3fba885,completed,2023-03-06 20:43:42.066461,,
59626f42-59c3-4776-b322-fa0b7d615bac,completed,2023-03-06 20:43:42.066461,,
59636b2c-5eb9-455d-acb4-945b49c6dbfd,completed,2023-03-06 20:43:42.066461,,
59682e82-6166-474d-830d-68e1caba95b6,completed,2023-03-06 20:43:42.066461,,
596b6f6f-5047-4d8d-9b81-48fca759098c,completed,2023-03-06 20:43:42.066461,,
596bc3cb-9d93-400c-b39c-a4ff73c124c6,completed,2023-03-06 20:43:42.066461,,
59813da6-269c-48cd-8835-97daf2704fc3,completed,2023-03-06 20:43:42.066461,,
59987fde-4716-474c-95cf-6bb0e8910358,completed,2023-03-06 20:43:42.066461,,
599ea302-4159-4a8f-bb6d-7254b6977aee,completed,2023-03-06 20:43:42.066461,,
59a1af7f-a295-4b9e-a1ac-3e31359c07ed,completed,2023-03-06 20:43:42.066461,,
59a26992-a4e8-4f3b-969c-5f18071d7598,completed,2023-03-06 20:43:42.066461,,
59aece35-c035-44ea-9e22-7c97adea7ff7,completed,2023-03-06 20:43:42.066461,,
59b98ec7-9f4f-42d4-981e-b00df83c1ce1,completed,2023-03-06 20:43:42.066461,,
59b99ca8-db5e-4160-bc96-bec238da1cb3,completed,2023-03-06 20:43:42.066461,,
59bf93b5-ebeb-46e5-a135-66aec7bebd52,completed,2023-03-06 20:43:42.066461,,
59bfeef9-c0a1-4dca-b449-70d840ef3735,completed,2023-03-06 20:43:42.066461,,
59c1fda1-9310-4f11-a8eb-0e10c6c041e3,completed,2023-03-06 20:43:42.066461,,
59c8c05e-7c42-4158-aa4a-122bbaa5c732,completed,2023-03-06 20:43:42.066461,,
59d2db97-aff0-4b6a-bf3a-113dd3cb2789,completed,2023-03-06 20:43:42.066461,,
59d7268c-9fdc-41fe-b70a-4635a0c84ebf,completed,2023-03-06 20:43:42.066461,,
59d8136e-5dae-40f6-8349-ea58bc9eba1b,completed,2023-03-06 20:43:42.066461,,
59db3226-48fc-40ef-ae5b-f1392f547088,completed,2023-03-06 20:43:42.066461,,
59e4cdba-59c8-4b79-ac14-9bb32dfe59ec,completed,2023-03-06 20:43:42.066461,,
59e8d024-9715-4957-8d62-a1291b835fbc,completed,2023-03-06 20:43:42.066461,,
59f780f6-4796-4ded-8018-ff2f7158310a,completed,2023-03-06 20:43:42.066461,,
59fa1775-c5bf-45e6-81fd-75c2c35dd002,completed,2023-03-06 20:43:42.066461,,
59fc6bf5-6a3e-4a54-a48e-32342eecb00d,completed,2023-03-06 20:43:42.066461,,
5a0037f2-6bea-4ec7-b9bf-50c8451203d7,completed,2023-03-06 20:43:42.066461,,
5a046135-18f9-4f02-8ac3-1c8586fa11f2,completed,2023-03-06 20:43:42.066461,,
5a04e102-8a84-449c-b26f-b21e3d4f9442,completed,2023-03-06 20:43:42.066461,,
5a09e79b-69e8-4452-b1c4-cd61bab9d415,completed,2023-03-06 20:43:42.066461,,
5a0c7eef-a0e4-4f54-8107-0b298adde0cf,completed,2023-03-06 20:43:42.066461,,
5a11b877-ecc9-4f92-b7bc-8706c67a906b,completed,2023-03-06 20:43:42.066461,,
5a152f51-e13c-42f0-b6d7-451ae7de062d,completed,2023-03-06 20:43:42.066461,,
5a1dabdc-334d-4a03-bdda-0dd5ba840143,completed,2023-03-06 20:43:42.066461,,
5a1f8f70-a791-4ae9-a89b-f3f5619b1952,completed,2023-03-06 20:43:42.066461,,
5a268374-8779-46b5-99d4-623065b8a33f,completed,2023-03-06 20:43:42.066461,,
5a28f2b2-6f99-4f51-9416-a4eca470e33e,completed,2023-03-06 20:43:42.066461,,
5a398d84-dd23-4963-8757-1a1a742ebf3c,completed,2023-03-06 20:43:42.066461,,
5a3abe89-b298-4a9b-829f-7ff054631a2f,completed,2023-03-06 20:43:42.066461,,
5a3cf199-3494-42ce-818a-ec8b6581f943,completed,2023-03-06 20:43:42.066461,,
5a4dd3c3-d684-4445-b51f-3b77771c5327,completed,2023-03-06 20:43:42.066461,,
5a61326d-b811-49fa-bc17-693a6628794c,completed,2023-03-06 20:43:42.066461,,
5a614261-e383-4e93-b7fd-ea9cba671e4c,completed,2023-03-06 20:43:42.066461,,
5a64247b-3763-4419-9d41-788d5245826b,completed,2023-03-06 20:43:42.066461,,
5a65a508-8dd4-4e9c-892d-ca6ec94fd34c,completed,2023-03-06 20:43:42.066461,,
5a6c90d1-6d6e-41df-8a93-3f3da1971fa3,completed,2023-03-06 20:43:42.066461,,
5a7447ab-90a7-47ba-98b7-725be74a49ef,completed,2023-03-06 20:43:42.066461,,
5a81fa9e-2b29-456e-a240-5bc5d0e08298,completed,2023-03-06 20:43:42.066461,,
5a833986-4cdf-4184-a7cb-3eded2357c2b,completed,2023-03-06 20:43:42.066461,,
5a88ea72-4072-4d61-a7fa-60a8132d10bd,completed,2023-03-06 20:43:42.066461,,
5a8b250c-8bff-4b3a-9390-24e9e3c8738c,completed,2023-03-06 20:43:42.066461,,
5a985e65-e930-4a64-8587-a9c2221fbdac,completed,2023-03-06 20:43:42.066461,,
5a9f268f-d822-4441-8ca9-7a85b1d3354f,completed,2023-03-06 20:43:42.066461,,
5a9f988e-d18f-4551-8b0c-ba0ea02ef2c4,completed,2023-03-06 20:43:42.066461,,
5aaf6cb3-6e80-41f5-916c-3671ca7e0e98,completed,2023-03-06 20:43:42.066461,,
5ab5c679-f69f-48b6-9a7f-70dc075e8801,completed,2023-03-06 20:43:42.066461,,
5ab8f42f-f065-48f2-b397-a89a25699239,completed,2023-03-06 20:43:42.066461,,
5ab91679-e16d-407f-a9c9-9ef5490e09ef,completed,2023-03-06 20:43:42.066461,,
5abc9dff-842a-40c7-868a-c57984b6fd93,completed,2023-03-06 20:43:42.066461,X,
5abf3426-639e-4bb5-8973-09faa3e972eb,completed,2023-03-06 20:43:42.066461,,
5ad5bf54-8812-435f-ac18-91d99db6538c,completed,2023-03-06 20:43:42.066461,,
5adbb724-69bd-4d46-9b3d-f4117ece73aa,completed,2023-03-06 20:43:42.066461,,
5ae541b3-9441-40c9-a713-7aca5103a95b,completed,2023-03-06 20:43:42.066461,,
5ae82c53-6e9c-4abe-ac89-8fe692a21ea1,completed,2023-03-06 20:43:42.066461,,
5ae8b2fa-20ca-4ec4-aff0-7426f8c5e8dc,completed,2023-03-06 20:43:42.066461,,
5aec42e8-6982-419b-a93d-9c4a983ede0c,completed,2023-03-06 20:43:42.066461,,
5aee18e8-1889-4b76-9e7c-6e06ddffefec,completed,2023-03-06 20:43:42.066461,,
5af00307-5c3d-4807-a08a-3a1a9a6c86e1,completed,2023-03-06 20:43:42.066461,,
5af51c12-13ad-4174-9fe2-3ebbb54e4bfb,completed,2023-03-06 20:43:42.066461,,
5b013ad2-58e6-4803-82e5-bb29d1ddfed4,completed,2023-03-06 20:43:42.066461,,
5b0262d6-2a58-4e10-a1a8-3eae5951d62c,completed,2023-03-06 20:43:42.066461,,
5b02b6d3-d7ab-477b-b174-46951b83100c,completed,2023-03-06 20:43:42.066461,,
5b060593-c244-42a1-9a60-52e5cce714c9,completed,2023-03-06 20:43:42.066461,,
5b068c5e-63ed-4489-9217-f1bf4a2a0d1b,completed,2023-03-06 20:43:42.066461,,
5b1290ba-593a-45e3-87ca-570563bba373,completed,2023-03-06 20:43:42.066461,,
5b12bbce-e09d-48b7-9cec-df77686ee166,completed,2023-03-06 20:43:42.066461,,
5b19ff2b-600f-41a2-8c83-33b45d65602c,completed,2023-03-06 20:43:42.066461,,
5b1d2966-668e-4f2d-8887-c84ad8cc9e21,completed,2023-03-06 20:43:42.066461,,
5b1ed216-ce12-4a8b-a178-49ca5a491d2c,completed,2023-03-06 20:43:42.066461,,
5b24aeed-dbcc-4191-ae9e-d5f65a311019,completed,2023-03-06 20:43:42.066461,,
5b2dcb44-8257-42a9-a54f-7878b4d9c0ea,completed,2023-03-06 20:43:42.066461,,
5b2e377c-2133-4e44-8934-07c5d5dd7ed6,completed,2023-03-06 20:43:42.066461,,
5b302e76-ec93-4e61-9f0d-9e299b46e158,completed,2023-03-06 20:43:42.066461,,
5b383f9f-c94a-4ef3-970f-e87e8e69444b,completed,2023-03-06 20:43:42.066461,,
5b3dcfaf-a5f7-4b21-aa15-f29cd014d6f8,completed,2023-03-06 20:43:42.066461,,
5b41df95-76a6-4c85-b691-dd2a88f5ec71,completed,2023-03-06 20:43:42.066461,,
5b43f9fc-dd21-4436-b4b0-00a2848f1c1b,completed,2023-03-06 20:43:42.066461,,
5b46010e-ee15-4130-923e-0f14ba3a0148,completed,2023-03-06 20:43:42.066461,,
5b4c6c34-1c84-441c-a198-83f4b687d8a8,completed,2023-03-06 20:43:42.066461,,
5b4cb666-ae42-4c5b-a331-6c308d639d14,completed,2023-03-06 20:43:42.066461,,
5b4ea6fe-0467-4165-83d1-5d8fbc9de796,completed,2023-03-06 20:43:42.066461,,
5b5213ee-95d2-48fe-b414-a27ccf58f723,completed,2023-03-06 20:43:42.066461,,
5b6026b0-a3fb-4824-bb4f-9f5fb3916cb2,completed,2023-03-06 20:43:42.066461,,
5b61423c-1b4f-4047-bae8-85541fec222f,completed,2023-03-06 20:43:42.066461,,
5b6ba649-dc7f-49bf-9a86-39dd75cdee16,completed,2023-03-06 20:43:42.066461,,
5b74a76e-fc4d-40c9-a229-7dcfd01e93aa,completed,2023-03-06 20:43:42.066461,,
5b7580fd-5313-4b62-b86e-ac1cd0ea7e16,completed,2023-03-06 20:43:42.066461,,
5b758a78-38b3-4c58-b168-4b04f0d452a7,completed,2023-03-06 20:43:42.066461,,
5b7ee3a3-b216-4781-999a-4a8274770837,completed,2023-03-06 20:43:42.066461,,
5b80fe33-635c-42a7-9496-0ad18fd6b390,completed,2023-03-06 20:43:42.066461,,
5b83d11f-c0a4-4b8f-bf41-b347e64d1fe6,completed,2023-03-06 20:43:42.066461,,
5b8fb634-e7e8-414c-8726-5e1ac4b131ee,completed,2023-03-06 20:43:42.066461,,
5b8fe9ee-4476-402c-888a-2cefb9786e2c,completed,2023-03-06 20:43:42.066461,,
5b9393bc-163b-4fc4-8f33-039e2ee43245,completed,2023-03-06 20:43:42.066461,,
5b9c27bb-d47c-4584-ba86-b02a77359356,completed,2023-03-06 20:43:42.066461,,
5b9f2d02-c11d-4233-a7c2-deec47a1c196,completed,2023-03-06 20:43:42.066461,,
5bac217f-a8f1-4d9d-aab3-22596ce41581,completed,2023-03-06 20:43:42.066461,,
5bae038c-336f-4d6d-8086-de87209d9662,completed,2023-03-06 20:43:42.066461,,
5bb32efc-5ccc-4cf0-8fcf-38bdd5e4fd05,completed,2023-03-06 20:43:42.066461,,
5bbcda85-e93c-435c-8707-b2a4c2707d7a,completed,2023-03-06 20:43:42.066461,,
5bc4b965-4cb1-4ad6-ba81-e1deca0c5c58,completed,2023-03-06 20:43:42.066461,,
5bc68292-5b7f-4d22-99aa-3a1ebd4e492c,completed,2023-03-06 20:43:42.066461,,
5bd02dd7-b65d-4872-a3f7-6138172f7b68,completed,2023-03-06 20:43:42.066461,,
5bda877d-3c74-461f-820c-4bbb0f436a3e,completed,2023-03-06 20:43:42.066461,,
5bea80c7-e1d9-4d1f-94c8-053398ed302f,completed,2023-03-06 20:43:42.066461,,
5beee920-1458-4eca-8f0c-c9dcb7c4e0e0,completed,2023-03-06 20:43:42.066461,,
5bf1639e-d5bd-497e-a200-0c1aa7b9b9bf,completed,2023-03-06 20:43:42.066461,,
5bf60040-e98d-4a2d-86e9-8e6bed9b6be0,completed,2023-03-06 20:43:42.066461,,
5c0f4ef6-3b7c-40c8-bee6-dbf2c2658434,completed,2023-03-06 20:43:42.066461,,
5c2465f2-d3ce-4239-bd68-b9b114c267a4,completed,2023-03-06 20:43:42.066461,,
5c26c17c-0cfd-43a6-a1eb-088b5e731988,completed,2023-03-06 20:43:42.066461,,
5c29b28a-35cc-4c81-a7a8-462be27f8085,completed,2023-03-06 20:43:42.066461,,
5c4443f1-d0b8-480a-a524-b402656858d6,completed,2023-03-06 20:43:42.066461,,
5c44bbb5-279f-472e-8720-da9b64676a72,completed,2023-03-06 20:43:42.066461,,
5c4fb011-bc0a-4ca8-9fa7-e2d23278c9e9,completed,2023-03-06 20:43:42.066461,,
5c59371c-e435-438f-b966-1b17b0f3b770,completed,2023-03-06 20:43:42.066461,,
5c59e38d-6fb4-4048-b23c-c8f7e6dfc22f,completed,2023-03-06 20:43:42.066461,,
5c5a371f-8935-4272-8433-072763d58b0e,completed,2023-03-06 20:43:42.066461,,
5c681655-b874-4ebc-bcfc-c1d2b5645dc1,completed,2023-03-06 20:43:42.066461,,
5c7a4c6b-9fcc-4efc-9d3f-9f8e299d1436,completed,2023-03-06 20:43:42.066461,,
5c7db2a2-55cc-43b8-ba67-e72521a5db98,completed,2023-03-06 20:43:42.066461,,
5c863265-b49f-4d04-b5ba-e81f77c0e8d9,completed,2023-03-06 20:43:42.066461,,
5c958bc2-a5ce-42fa-a5b9-35d9e113dc60,completed,2023-03-06 20:43:42.066461,,
5c9cdcae-0420-4467-ad39-e911696f0763,completed,2023-03-06 20:43:42.066461,,
5ca5b8eb-18fe-46f0-b64d-e381bafd8001,completed,2023-03-06 20:43:42.066461,X,
5cb3a115-7456-42d7-9aab-d266e976ca36,completed,2023-03-06 20:43:42.066461,,
5cbd8fd1-d180-4007-9d07-7cffbc3655e1,completed,2023-03-06 20:43:42.066461,,
5cbe5aee-9795-4c49-8c04-d9f448d538e8,completed,2023-03-06 20:43:42.066461,,
5cbf8133-89a6-4c98-8ccc-9913ba38fd7d,completed,2023-03-06 20:43:42.066461,,
5cd7a5a8-45b8-4d8e-b99b-a3aa00248171,completed,2023-03-06 20:43:42.066461,,
5cd81803-8c94-446e-9f85-4852682a6204,completed,2023-03-06 20:43:42.066461,,
5cd85472-c749-4f66-943b-15dfb33a419a,completed,2023-03-06 20:43:42.066461,,
5cda9a35-c414-4d1a-b7a6-0e5e5f26ab6c,completed,2023-03-06 20:43:42.066461,,
5cded0dc-0e49-44e1-b85a-f46567f69343,completed,2023-03-06 20:43:42.066461,,
5ce01ca6-6290-4d35-a19d-9d660de25de5,completed,2023-03-06 20:43:42.066461,,
5ceeceb4-5166-4fa8-bf80-aa47be89a725,completed,2023-03-06 20:43:42.066461,,
5cf080cd-99d4-4839-9cd2-fd928228917d,completed,2023-03-06 20:43:42.066461,,
5cf36335-7051-44f5-a7b5-a0abeefc7b29,completed,2023-03-06 20:43:42.066461,,
5cf8bff1-0032-4c7e-86e1-9ec61cc00493,completed,2023-03-06 20:43:42.066461,,
5cfa74d6-daf3-4fd8-95e6-d825da093c8a,completed,2023-03-06 20:43:42.066461,,
5d036923-92a1-4908-b7ba-6df910cdb340,completed,2023-03-06 20:43:42.066461,,
5d05b9b2-1fa1-4b9b-8e5b-e68b254067f7,completed,2023-03-06 20:43:42.066461,,
5d1499c1-d2c2-457b-a81b-137ed4d3477c,completed,2023-03-06 20:43:42.066461,X,
5d171451-e4c3-45e6-82c5-7b9468b8c84b,completed,2023-03-06 20:43:42.066461,,
5d1b5fd8-9241-4721-a4f8-6cb1e61d033f,completed,2023-03-06 20:43:42.066461,,
5d1d0102-4b77-4860-a352-31b50a09a50e,completed,2023-03-06 20:43:42.066461,,
5d218a22-a64a-43ab-b7a8-c2995ab5f7b2,completed,2023-03-06 20:43:42.066461,,
5d3e0383-49b0-4d30-ae06-19ead8098bb2,completed,2023-03-06 20:43:42.066461,,
5d418dbd-2229-439e-a59e-ca06940ab4c4,completed,2023-03-06 20:43:42.066461,,
5d45bb16-1153-4aff-a845-d994cdca6aa7,completed,2023-03-06 20:43:42.066461,,
5d4629f5-a0ad-41f4-abf5-714951e71e3e,completed,2023-03-06 20:43:42.066461,,
5d505965-88c5-439a-9e1f-b52fd172696e,completed,2023-03-06 20:43:42.066461,,
5d53eabb-a8e7-45a3-af5c-7399c3538d2a,completed,2023-03-06 20:43:42.066461,,
5d5981a1-a8ec-4014-8911-819d5dd83ff5,completed,2023-03-06 20:43:42.066461,,
5d5a8b0d-7123-421e-876f-ab6c46f3bfee,completed,2023-03-06 20:43:42.066461,,
5d5b0f65-6443-4118-8504-4d7c83cce254,completed,2023-03-06 20:43:42.066461,,
5d5c98b4-2db4-4e63-8c35-533cb701fd20,completed,2023-03-06 20:43:42.066461,,
5d5ededc-aba7-49da-8a1b-99cb545c7e3b,completed,2023-03-06 20:43:42.066461,,
5d614fa8-ef49-4e76-806a-c9d17121c813,completed,2023-03-06 20:43:42.066461,,
5d63b7fa-8395-4720-b13f-05dcaca76bdb,completed,2023-03-06 20:43:42.066461,,
5d66682c-2aa4-4612-a6af-b0bc5d0e7b0f,completed,2023-03-06 20:43:42.066461,,
5d6f02bc-383c-4a43-b0b4-2361a6e3d7cd,completed,2023-03-06 20:43:42.066461,,
5d78fdbd-31bf-471a-97a4-fcc2a9dd9966,completed,2023-03-06 20:43:42.066461,,
5d7c8b56-1bbb-45ca-83fc-3784b2ef1404,completed,2023-03-06 20:43:42.066461,,
5d84c320-12ea-4396-90b4-f37f6943dc51,completed,2023-03-06 20:43:42.066461,,
5d84e542-2b32-491d-a8e8-357c008b6399,completed,2023-03-06 20:43:42.066461,,
5d8daf50-9c6e-485c-870b-d6e9722c70ee,completed,2023-03-06 20:43:42.066461,,
5d95cf33-7238-48a2-9381-3b5a757bc4af,completed,2023-03-06 20:43:42.066461,,
5d9b35a3-6161-4f4c-9497-988218826540,completed,2023-03-06 20:43:42.066461,,
5da2ee5e-b2fd-4919-acaf-5a0affd73372,completed,2023-03-06 20:43:42.066461,,
5da50d29-bdd5-4a42-8935-3b60d630feb4,completed,2023-03-06 20:43:42.066461,,
5daa5d5a-47b8-4abb-a2bb-fc9409cb3072,completed,2023-03-06 20:43:42.066461,,
5dab5c1b-9a58-4a92-acaa-55448e39da51,completed,2023-03-06 20:43:42.066461,,
5dadbe4d-4f53-4204-8d23-f2ca604b063f,completed,2023-03-06 20:43:42.066461,,
5dd6b405-b032-45c9-951d-03e0912e3132,completed,2023-03-06 20:43:42.066461,,
5dd8ccb0-d199-4658-8250-808e7a71546a,completed,2023-03-06 20:43:42.066461,,
5ddaff69-0dc6-40c4-8572-8f487046c752,completed,2023-03-06 20:43:42.066461,,
5df605d9-5f75-40f0-876d-37a49e5b17a3,completed,2023-03-06 20:43:42.066461,,
5e07afd1-99c6-4b1f-aaff-f43f298e73d3,completed,2023-03-06 20:43:42.066461,,
5e0c92e1-067f-469c-b888-e01acc42c676,completed,2023-03-06 20:43:42.066461,,
5e0e6457-46e6-4455-ac2f-81efd82dae6e,completed,2023-03-06 20:43:42.066461,,
5e134d20-f534-4f09-ac19-83c233752400,completed,2023-03-06 20:43:42.066461,,
5e15e17f-276b-40c1-81eb-81988a54e214,completed,2023-03-06 20:43:42.066461,,
5e1a9bde-adf4-4978-8386-c695ab45b442,completed,2023-03-06 20:43:42.066461,,
5e1ee7cd-8ef5-48dd-b2e5-bfefa4c9ae02,completed,2023-03-06 20:43:42.066461,,
5e23b877-cb86-4593-ba96-a2e1146271a1,completed,2023-03-06 20:43:42.066461,,
5e2d016d-44b0-4971-9e5e-018ebba24405,completed,2023-03-06 20:43:42.066461,,
5e3259af-276a-4378-90ba-42e399bf09e5,completed,2023-03-06 20:43:42.066461,,
5e337f82-9e2b-48ed-9270-57ac70f818fa,completed,2023-03-06 20:43:42.066461,,
5e338b63-0880-4944-83b8-35e03363efff,completed,2023-03-06 20:43:42.066461,,
5e3d9232-ffd8-4786-babc-496ac03f933b,completed,2023-03-06 20:43:42.066461,,
5e482e77-214b-4168-855c-8dd1263d141d,completed,2023-03-06 20:43:42.066461,,
5e4a731c-198a-4c59-add3-ee4a7eab7e4c,completed,2023-03-06 20:43:42.066461,,
5e4e87e9-9aca-4cb2-81ee-d5e3f8ec3c0c,completed,2023-03-06 20:43:42.066461,,
5e60d2e9-9d6c-4404-b7db-e3e59989d966,completed,2023-03-06 20:43:42.066461,,
5e623370-2f9a-4b09-9932-0a04c659d51f,completed,2023-03-06 20:43:42.066461,,
5e650a04-0f43-4068-9466-07ec50564fd2,completed,2023-03-06 20:43:42.066461,,
5e67c5e5-380c-4dbc-bc55-b5b15df3fefd,completed,2023-03-06 20:43:42.066461,,
5e6ba239-dbf2-4b8e-af45-b8f169d0e9e1,completed,2023-03-06 20:43:42.066461,,
5e6d8649-ef1e-486b-9e1b-b106315bc6f2,completed,2023-03-06 20:43:42.066461,,
5e6df957-a1cf-4546-b08c-61f48bdc2f89,completed,2023-03-06 20:43:42.066461,,
5e749d60-18f1-40a6-8761-90a23a4b9141,completed,2023-03-06 20:43:42.066461,,
5e832068-82d4-4766-b010-ccdc1a040cd6,completed,2023-03-06 20:43:42.066461,,
5e841878-3fa0-4c63-8008-b7542e05b868,completed,2023-03-06 20:43:42.066461,,
5e871618-bec9-46e3-9cd3-077957c138f3,completed,2023-03-06 20:43:42.066461,,
5e8786a7-0410-4612-91a3-8f4e046bd102,completed,2023-03-06 20:43:42.066461,,
5e95cd0a-1d37-4417-b1eb-1ddc8dc9a3f3,completed,2023-03-06 20:43:42.066461,,
5ea1b1c1-de4f-463c-b4a9-cc744ef657d4,completed,2023-03-06 20:43:42.066461,,
5ea21461-fbc9-4fc2-8f51-7e5095f8d23d,completed,2023-03-06 20:43:42.066461,,
5ea2ef71-8716-431b-8844-059612f4425b,completed,2023-03-06 20:43:42.066461,,
5ea701b2-1ffc-4e54-ba6d-6922249dc908,completed,2023-03-06 20:43:42.066461,,
5ea769ef-e0b7-409d-b42a-38b1c0baa54e,completed,2023-03-06 20:43:42.066461,,
5ea81f7e-c02b-45d8-997a-6c17cbdcf746,completed,2023-03-06 20:43:42.066461,,
5eba5a34-818f-4613-9ec6-e6ea3bdef387,completed,2023-03-06 20:43:42.066461,,
5ebca39c-a747-42c5-ba24-caf853b55021,completed,2023-03-06 20:43:42.066461,,
5ec52179-b4d8-4db4-a6eb-03a75d6e1d9f,completed,2023-03-06 20:43:42.066461,,
5ecc0598-b131-4d97-b2c6-cdeacc87211b,completed,2023-03-06 20:43:42.066461,,
5ed7894c-7ac7-4ea6-afc0-555e90bc1770,completed,2023-03-06 20:43:42.066461,,
5eddd991-b328-44bf-b6f2-d5e89deac8a6,completed,2023-03-06 20:43:42.066461,,
5ee549b0-4af7-4494-ad16-42bbbfa2c9c5,completed,2023-03-06 20:43:42.066461,,
5ee88997-f474-473c-b112-5158f49cc124,completed,2023-03-06 20:43:42.066461,,
5eeacd47-2cac-406c-be7f-2eb418b2e1a0,completed,2023-03-06 20:43:42.066461,,
5eedd755-e166-4623-aae3-51d0703d7c08,completed,2023-03-06 20:43:42.066461,,
5ef47f5c-11ef-4f86-935b-375cee28b1a1,completed,2023-03-06 20:43:42.066461,,
5effd3ce-f58b-44d7-a456-09ba972acb19,completed,2023-03-06 20:43:42.066461,,
5f03fcfe-4ff5-476e-9f31-67d3272dd9a4,completed,2023-03-06 20:43:42.066461,,
5f05a416-1d26-4887-9ee8-e3c85f78b266,completed,2023-03-06 20:43:42.066461,,
5f0af15e-b06c-488a-b8b1-069a1583b89e,completed,2023-03-06 20:43:42.066461,,
5f0b0162-fc58-4f12-bc5f-8dcd78f55303,completed,2023-03-06 20:43:42.066461,,
5f11a3ca-0357-42e4-8834-d05129fd404c,completed,2023-03-06 20:43:42.066461,,
5f13a336-ee63-4341-a75f-646caff97a16,completed,2023-03-06 20:43:42.066461,,
5f150f99-6655-45ef-8fdd-9b4092265401,completed,2023-03-06 20:43:42.066461,,
5f1a89e3-cf1a-4eff-8b0c-cc55b89f81ae,completed,2023-03-06 20:43:42.066461,,
5f1ed33c-c643-419e-b840-1e2b69afa3c6,completed,2023-03-06 20:43:42.066461,,
5f239fbd-58c8-4bc1-9069-ba0d76784e2c,completed,2023-03-06 20:43:42.066461,,
5f2c9168-3f8a-4307-b91c-7dfb18cd4575,completed,2023-03-06 20:43:42.066461,,
5f367449-644c-4e00-965c-a9483ac29e71,completed,2023-03-06 20:43:42.066461,,
5f3ad342-26a0-460e-a4b4-4fae7b123186,completed,2023-03-06 20:43:42.066461,,
5f3c66a3-9f1a-4114-b076-d9326e7c6ded,completed,2023-03-06 20:43:42.066461,,
5f3d0497-7a34-4ccf-bb2e-e736a8b6f764,completed,2023-03-06 20:43:42.066461,,
5f41efe1-2212-4274-8433-08051d87fb5f,completed,2023-03-06 20:43:42.066461,,
5f44856c-e543-496a-9ac0-8e9f38e287bf,completed,2023-03-06 20:43:42.066461,,
5f467356-ff50-4589-bb0a-28a45a63f71a,completed,2023-03-06 20:43:42.066461,,
5f467ef8-51c9-4de7-b51e-23fa61fd6061,completed,2023-03-06 20:43:42.066461,,
5f476c9f-564a-4d78-9c77-3029f83391f4,completed,2023-03-06 20:43:42.066461,,
5f4800c3-5044-485e-a722-ce586e4dd702,completed,2023-03-06 20:43:42.066461,,
5f500a71-ee9b-486b-b431-8714ab794a84,completed,2023-03-06 20:43:42.066461,,
5f563b14-3bfa-43de-b9fb-d58338640cf7,completed,2023-03-06 20:43:42.066461,,
5f5b72bf-9c0b-42a0-a1b3-16e045af9f49,completed,2023-03-06 20:43:42.066461,,
5f62cc6c-cd94-4da8-a517-f03e8bac325a,completed,2023-03-06 20:43:42.066461,X,
5f6ebf94-2a22-4b64-857d-15c2ff0d5b43,completed,2023-03-06 20:43:42.066461,,
5f708712-b469-47cb-acf5-9e9f8c8e95d0,completed,2023-03-06 20:43:42.066461,,
5f795ce1-c8f0-4cbb-8b82-313f01c295a6,completed,2023-03-06 20:43:42.066461,,
5f80c406-4ee0-4c43-baea-c85107bba5e9,completed,2023-03-06 20:43:42.066461,,
5f81a160-d460-40c1-a306-f455274480c5,completed,2023-03-06 20:43:42.066461,,
5f81bb57-7402-4fdd-b6e3-97e263e1a210,completed,2023-03-06 20:43:42.066461,,
5f8b02e5-ffd9-4b7f-bc4f-880606ae8b2f,completed,2023-03-06 20:43:42.066461,,
5f959282-9046-42d3-9b85-cdd16c7317b6,completed,2023-03-06 20:43:42.066461,,
5f9a52fb-f97c-41d8-a5fe-fde1baeaacf9,completed,2023-03-06 20:43:42.066461,,
5fa4291c-cd7a-494d-877f-f9daffc9b35a,completed,2023-03-06 20:43:42.066461,,
5fb03c1c-e8b3-42cf-abcb-51d62dc1b2bd,completed,2023-03-06 20:43:42.066461,,
5fb136c5-bc09-4201-97df-43cc687bce9d,completed,2023-03-06 20:43:42.066461,,
5fb15480-5927-4fd5-bd36-b834e77b5125,completed,2023-03-06 20:43:42.066461,,
5fc21964-b113-4ccf-82a3-febc2529bab3,completed,2023-03-06 20:43:42.066461,,
5fc8c419-097e-4a06-b3f0-9d57da4076f3,completed,2023-03-06 20:43:42.066461,,
5fcc3e75-f596-463a-ab00-11053da616d0,completed,2023-03-06 20:43:42.066461,,
5fcd391b-ac5b-4223-97a6-b36d88ffaeac,completed,2023-03-06 20:43:42.066461,,
5fd88cfc-f742-47f3-82d0-3bbe6d5ea04a,completed,2023-03-06 20:43:42.066461,,
5fd97022-fd5a-438f-8301-fce8b4a8ae89,completed,2023-03-06 20:43:42.066461,,
5fe4e66c-c285-4547-8b44-0149f865d49d,completed,2023-03-06 20:43:42.066461,,
5ff47f10-2f8a-433d-91c4-d32675c19441,completed,2023-03-06 20:43:42.066461,,
5ffcf9d6-3188-49c1-8025-862f65e561dd,completed,2023-03-06 20:43:42.066461,,
5ffe4a10-43d5-47c4-896e-f415b8c26c28,completed,2023-03-06 20:43:42.066461,,
600472b8-dd16-40a9-84e1-923774c7a3ff,completed,2023-03-06 20:43:42.066461,,
6009ffe1-dfa6-4da5-a04f-ce64ffc74b3b,completed,2023-03-06 20:43:42.066461,,
600a45e0-86cc-40b0-9065-8605a5034943,completed,2023-03-06 20:43:42.066461,,
600c7932-108a-4469-94ec-37e474f8eeda,completed,2023-03-06 20:43:42.066461,,
6013b196-d128-4a67-8a1c-158964998e6b,completed,2023-03-06 20:43:42.066461,,
601612a7-2fa1-4441-a585-683831a83e76,completed,2023-03-06 20:43:42.066461,,
6024b6a8-1ce9-4a56-831b-eac9fba8bcbd,completed,2023-03-06 20:43:42.066461,,
602f48ce-e4f6-4d1b-920e-9107cb66ea36,completed,2023-03-06 20:43:42.066461,,
6032e006-eaba-421b-9e83-1016de13f0dc,completed,2023-03-06 20:43:42.066461,,
603ff8f0-4955-4d03-810c-5c0219a55bb8,completed,2023-03-06 20:43:42.066461,,
604bd8f5-53d7-4f10-890f-84012be4d0f2,completed,2023-03-06 20:43:42.066461,,
604f8333-8d3e-41b6-b045-e00ba8b0c51b,completed,2023-03-06 20:43:42.066461,,
60509a38-24f9-4770-84b9-25806f831922,completed,2023-03-06 20:43:42.066461,,
605230a7-8e71-489b-a57b-f3d3411b1c06,completed,2023-03-06 20:43:42.066461,,
6056aa81-36b1-4a8a-b136-bb91a1a3fccf,completed,2023-03-06 20:43:42.066461,,
60579f8c-ff57-49b2-8adc-11c00e9f800a,completed,2023-03-06 20:43:42.066461,,
605a8d97-eb96-46ff-845e-e498a76cb318,completed,2023-03-06 20:43:42.066461,,
605ee387-c314-4721-88e9-8d4659ac6280,completed,2023-03-06 20:43:42.066461,,
605fe293-218b-414d-bccb-7217f4e8e8b9,completed,2023-03-06 20:43:42.066461,,
606013db-a9f2-4c0f-a7ce-915017105917,completed,2023-03-06 20:43:42.066461,,
60694247-599b-4b36-bdd2-f143484c858d,completed,2023-03-06 20:43:42.066461,,
606e01cf-8ccf-463f-a447-67c7ce3828f5,completed,2023-03-06 20:43:42.066461,,
6070fc67-dad7-4797-9449-5e538ecdf6b3,completed,2023-03-06 20:43:42.066461,,
6074d15f-87cc-4491-9db7-6b6f5673bd41,completed,2023-03-06 20:43:42.066461,,
607ea591-9a23-4d36-80d7-2d310b3f64f1,completed,2023-03-06 20:43:42.066461,,
6087a463-6feb-4a56-a03e-b7d2e1538a8c,completed,2023-03-06 20:43:42.066461,,
609136af-dce8-4542-8cf6-e107ba8f727f,completed,2023-03-06 20:43:42.066461,,
6094f6c1-864c-4843-a57b-6a9b192c0b7f,completed,2023-03-06 20:43:42.066461,,
60971322-e932-4e51-956d-b80aef9a04a5,completed,2023-03-06 20:43:42.066461,,
60998e88-ebd4-4887-860c-c1fb619d825c,completed,2023-03-06 20:43:42.066461,,
60a1240b-dd45-441b-9f81-551c72c26c11,completed,2023-03-06 20:43:42.066461,,
60b46ce6-d43e-4bbc-9924-077e0a137b99,completed,2023-03-06 20:43:42.066461,,
60b53001-0cd3-4f20-974b-0b9c2265254b,completed,2023-03-06 20:43:42.066461,,
60b63d81-dc3b-44a0-ace9-29866e1f872d,completed,2023-03-06 20:43:42.066461,,
60c357fb-8113-4530-b089-9984c8be76bc,completed,2023-03-06 20:43:42.066461,,
60d12ef4-38ac-47aa-870d-736ba413badf,completed,2023-03-06 20:43:42.066461,,
60d88d56-d115-4ff9-894b-e95f881079da,completed,2023-03-06 20:43:42.066461,,
60deea52-31e2-4342-98ed-4faa759d8a32,completed,2023-03-06 20:43:42.066461,,
60e8b7cd-fa4f-4d84-8c25-b95f2986cc65,completed,2023-03-06 20:43:42.066461,,
60ed26ab-ade8-476f-b8a7-186917948dc6,completed,2023-03-06 20:43:42.066461,,
60fc7381-6543-4e33-aecb-daee80967bcc,completed,2023-03-06 20:43:42.066461,,
6104a632-61f8-48b9-af1e-afd06c0b005e,completed,2023-03-06 20:43:42.066461,,
6104e5f4-c66c-4542-b725-25b7ee43d932,completed,2023-03-06 20:43:42.066461,,
610bb7a1-a0a8-4182-b150-c4c1f15bc4d9,completed,2023-03-06 20:43:42.066461,,
6112e95a-79b0-4f6a-bcd5-55723ae05e27,completed,2023-03-06 20:43:42.066461,,
611754fd-f1cf-4505-8c3a-3f3627a010a2,completed,2023-03-06 20:43:42.066461,,
61249442-5483-437c-821c-b1a7f13f2ad3,completed,2023-03-06 20:43:42.066461,,
612cd2a3-4e95-4b36-bd4f-c5aea63afc25,completed,2023-03-06 20:43:42.066461,,
612cfc3e-a3a3-4bea-87f7-12e165e39e10,completed,2023-03-06 20:43:42.066461,,
613c37d7-57cc-4b66-8855-a8d0fa590de5,completed,2023-03-06 20:43:42.066461,,
6147b95b-3c11-4e20-9dde-a36b30a1a06a,completed,2023-03-06 20:43:42.066461,,
614f0957-a388-4539-a0e7-6cf50a1c2ee5,completed,2023-03-06 20:43:42.066461,,
61540d40-0932-4c4a-888d-96a122d41438,completed,2023-03-06 20:43:42.066461,,
615aeb53-fcde-4aad-9552-140896f266a8,completed,2023-03-06 20:43:42.066461,,
615eed02-ea98-4a83-bc3a-567c7b2a5a1b,completed,2023-03-06 20:43:42.066461,,
616a0053-17c5-46b2-9710-083b89d7a19e,completed,2023-03-06 20:43:42.066461,,
616ae54c-3c1e-4252-a8c7-e8ec2e8cd2aa,completed,2023-03-06 20:43:42.066461,,
617de156-06fc-42bc-bdfa-8d24317a2a14,completed,2023-03-06 20:43:42.066461,,
6180b482-93c8-451f-a9a0-a63c6d210aa3,completed,2023-03-06 20:43:42.066461,,
618db58d-222a-4789-8fd9-bd2906ae28f4,completed,2023-03-06 20:43:42.066461,,
619d04b4-475d-4f65-a5db-408e7dbee026,completed,2023-03-06 20:43:42.066461,,
619fd04d-b178-4ead-be9e-db954fa61496,completed,2023-03-06 20:43:42.066461,,
61a0b446-5451-4a94-bffb-7cb174a3c593,completed,2023-03-06 20:43:42.066461,,
61a68037-4b3e-4945-8c95-e16d2038370f,completed,2023-03-06 20:43:42.066461,,
61b5e201-7e1b-4b2f-823b-0ea92ed2a9bd,completed,2023-03-06 20:43:42.066461,,
61bb1bcc-9427-4e67-9b54-a63cc4bafaf9,completed,2023-03-06 20:43:42.066461,,
61c9930f-b443-4a3e-ae3f-40a00b16b004,completed,2023-03-06 20:43:42.066461,,
61cc609f-6f99-4e8a-b3cd-881f84ec5558,completed,2023-03-06 20:43:42.066461,,
61d15b16-03b1-4520-bcc6-cb4e26fc39f2,completed,2023-03-06 20:43:42.066461,,
61e2665b-e00c-4b2d-8a9c-1c536fb952f0,completed,2023-03-06 20:43:42.066461,,
61f2bd00-e98e-4e5c-b45e-6c06bbda1c12,completed,2023-03-06 20:43:42.066461,,
61f2f2a0-ea78-4c4d-b395-8b5e1a741701,completed,2023-03-06 20:43:42.066461,,
62191ebd-969a-4a0e-b71a-2b465a61b6e3,completed,2023-03-06 20:43:42.066461,,
621948e1-a3d8-4eff-ba7f-765bc0b49402,completed,2023-03-06 20:43:42.066461,,
62259056-bec9-4165-98cc-e544ca33eaa5,completed,2023-03-06 20:43:42.066461,,
622cd88e-c22d-48fc-adc0-dac688d60ebf,completed,2023-03-06 20:43:42.066461,,
622f2e19-0f1a-47b6-8f91-477322c09734,completed,2023-03-06 20:43:42.066461,,
62454f9c-6ba7-4889-8d9f-18ec5ce3ccb9,completed,2023-03-06 20:43:42.066461,X,
6246ebfd-714b-4d1f-a393-54a8973e67db,completed,2023-03-06 20:43:42.066461,,
62539440-4dee-4d2c-a34b-479e47d1139a,completed,2023-03-06 20:43:42.066461,,
6259f926-1ac3-4d9d-9d29-a59af2ead1af,completed,2023-03-06 20:43:42.066461,,
626505af-167f-4773-9d26-496f5b58a857,completed,2023-03-06 20:43:42.066461,,
6265ea85-027e-4c91-8ab1-c0c9617cf15a,completed,2023-03-06 20:43:42.066461,,
626626b7-c944-448f-9ec3-983fb0ed205f,completed,2023-03-06 20:43:42.066461,,
6269a437-0d22-406b-8cd9-b47e70f00157,completed,2023-03-06 20:43:42.066461,,
626a62c9-15ad-4d82-b054-22d0c5c503ed,completed,2023-03-06 20:43:42.066461,,
626c17b0-0f9e-4f16-b316-ee3a0603825e,completed,2023-03-06 20:43:42.066461,,
626d0b71-2f46-4b1e-a291-68b7b1db2a53,completed,2023-03-06 20:43:42.066461,,
626f2913-2f1c-4e86-a431-50bb5d0af072,completed,2023-03-06 20:43:42.066461,,
6283e10e-0b92-40a9-8d2d-a1602cf48178,completed,2023-03-06 20:43:42.066461,,
6286ca27-78cd-4195-afd2-e8e3d80644e1,completed,2023-03-06 20:43:42.066461,,
629764d7-52cf-4625-a73b-c43146f6da56,completed,2023-03-06 20:43:42.066461,,
62aae1a9-3ec7-4bde-bae3-ce38f1ba6975,completed,2023-03-06 20:43:42.066461,,
62afdfae-6949-4797-b653-3939a59eedad,completed,2023-03-06 20:43:42.066461,,
62b9ec8c-4220-422e-8e15-deee7ae7a1c3,completed,2023-03-06 20:43:42.066461,,
62c5a68b-414d-436b-9a05-a965505b2c4a,completed,2023-03-06 20:43:42.066461,,
62c681fe-0b22-499a-a67a-967cd10e6bbf,completed,2023-03-06 20:43:42.066461,,
62c70dd7-586a-48f7-928c-1be5249b5b30,completed,2023-03-06 20:43:42.066461,,
62c9006b-d63c-46a2-875b-b28d286b18cb,completed,2023-03-06 20:43:42.066461,,
62dee388-e9fc-43d3-adb5-c202a7313f46,completed,2023-03-06 20:43:42.066461,,
62e1dd8e-a606-4c55-ab06-0fdecbd65d48,completed,2023-03-06 20:43:42.066461,,
62e33c68-7d47-493d-af0a-932748e8f64e,completed,2023-03-06 20:43:42.066461,,
62e34428-949b-4260-9fcd-91349eba4170,completed,2023-03-06 20:43:42.066461,,
62e92f17-c5b2-4efd-b056-ce120d66cdd6,completed,2023-03-06 20:43:42.066461,,
62edd20b-82ae-4c8c-92d9-8b42bcf773c8,completed,2023-03-06 20:43:42.066461,,
62ef90e5-8747-4d71-9398-c1f10f20bd69,completed,2023-03-06 20:43:42.066461,,
62f93280-5098-4242-b06c-08a5acff8c35,completed,2023-03-06 20:43:42.066461,,
63026949-54df-4a27-9056-b604e7dd0174,completed,2023-03-06 20:43:42.066461,,
6307c219-fb8e-4e1b-b194-9e827ea93ced,completed,2023-03-06 20:43:42.066461,,
63188739-75ee-4fb0-8dbd-9abfba3f7b87,completed,2023-03-06 20:43:42.066461,,
631d33f3-c594-401f-be9e-2a564f7b86c3,completed,2023-03-06 20:43:42.066461,,
633245b2-4d86-4d22-99b2-b5371a696de6,completed,2023-03-06 20:43:42.066461,,
6335e3c4-1b89-4094-a183-98992d7f8cac,completed,2023-03-06 20:43:42.066461,,
63395bbd-ce8e-47b5-b1e4-a09997daba34,completed,2023-03-06 20:43:42.066461,,
634f766a-2cf5-478a-a3c5-dfaac347941c,completed,2023-03-06 20:43:42.066461,,
63604e1a-4f8a-44a3-8a81-49f27969af73,completed,2023-03-06 20:43:42.066461,,
63624ce6-b0ce-41ab-a61f-eae8cd5a0c63,completed,2023-03-06 20:43:42.066461,,
637843f4-0cfe-4a41-88b6-93a1c63a8e49,completed,2023-03-06 20:43:42.066461,,
63871c60-0d46-4228-a579-ff53254271e4,completed,2023-03-06 20:43:42.066461,,
638add12-3b80-4076-b018-abbe7a925031,completed,2023-03-06 20:43:42.066461,,
639d112d-0897-41f8-8d6e-4e6e395ea73f,completed,2023-03-06 20:43:42.066461,,
63ae5e84-04da-4665-a1e7-67d944d07389,completed,2023-03-06 20:43:42.066461,,
63aeab26-b514-4769-9e37-6989687ed96b,completed,2023-03-06 20:43:42.066461,,
63b099ac-ea27-4a3d-aa78-2921c6e7068f,completed,2023-03-06 20:43:42.066461,,
63b7cf74-44cb-494e-a9d4-422ccec27e7a,completed,2023-03-06 20:43:42.066461,,
63c1b5c3-1089-4bd5-8eaf-74cd425661ce,completed,2023-03-06 20:43:42.066461,,
63c9dd7d-c623-422d-84f9-1066bc477c76,completed,2023-03-06 20:43:42.066461,,
63ce5901-bf4d-474e-9cbd-25b4af55f641,completed,2023-03-06 20:43:42.066461,,
63d3c2ec-3db9-4f39-a2c5-af1859bb2fc6,completed,2023-03-06 20:43:42.066461,,
63d5d29d-0868-444d-836d-04fa13e873ce,completed,2023-03-06 20:43:42.066461,,
63dc2868-db9a-41a0-bdb4-f5b95c805d76,completed,2023-03-06 20:43:42.066461,,
63dcb86a-b797-443e-97f8-2e60aa7c78e5,completed,2023-03-06 20:43:42.066461,,
63dd4a76-2c9a-49ff-a590-26919d523ff9,completed,2023-03-06 20:43:42.066461,,
63e57a8c-2c44-4964-9d8e-263fff9b48e0,completed,2023-03-06 20:43:42.066461,,
63eb4456-b97e-4fd0-bb70-043d377e322e,completed,2023-03-06 20:43:42.066461,,
63f3a17e-f310-48f2-89de-6c958d83c717,completed,2023-03-06 20:43:42.066461,,
63f6fc12-bff5-46d9-acde-d459c882dd99,completed,2023-03-06 20:43:42.066461,,
63fba334-f998-40a8-9920-9aa3d4d7dcb7,completed,2023-03-06 20:43:42.066461,,
63fd7433-884a-45e4-a902-951872571067,completed,2023-03-06 20:43:42.066461,,
63fea970-1052-460b-97b3-7fca52cffc6d,completed,2023-03-06 20:43:42.066461,,
640cbebe-70ed-4adb-b52e-43b6677ce962,completed,2023-03-06 20:43:42.066461,,
64148a35-dc46-4532-82c0-7af2acccfa81,completed,2023-03-06 20:43:42.066461,,
641b1da1-72a6-4df3-bfad-9614dc4d7c94,completed,2023-03-06 20:43:42.066461,,
641eb55c-0ee8-44a7-b5c8-1dd482718c7a,completed,2023-03-06 20:43:42.066461,,
64206d25-e156-4aa3-9eca-e5d30542edc3,completed,2023-03-06 20:43:42.066461,,
6425808f-a5a6-4874-8210-7f4fa2443752,completed,2023-03-06 20:43:42.066461,,
642b7231-acf1-4b44-8a7f-67208d658ede,completed,2023-03-06 20:43:42.066461,,
64308c56-c6f6-49ca-a71e-021ef5802300,completed,2023-03-06 20:43:42.066461,,
64364117-a2cc-4858-b4ab-81b818535745,completed,2023-03-06 20:43:42.066461,,
644327ea-9d78-479d-a6de-3bec738a947a,completed,2023-03-06 20:43:42.066461,,
64556fad-9593-49fe-b420-fb34983882c4,completed,2023-03-06 20:43:42.066461,,
6459318a-fc2a-46a2-91f2-93a3370350a7,completed,2023-03-06 20:43:42.066461,,
6468844e-2b2c-4d38-bc70-9cc5cbc90627,completed,2023-03-06 20:43:42.066461,,
64699740-da74-48c0-bc7b-75ed1542d318,completed,2023-03-06 20:43:42.066461,,
646bcdd6-7311-4d4e-8e26-757de13ffe07,completed,2023-03-06 20:43:42.066461,,
64764509-740a-4178-8b51-a4dadec5c954,completed,2023-03-06 20:43:42.066461,,
647d043f-bd8a-44f5-b90e-51f6dfea7414,completed,2023-03-06 20:43:42.066461,,
64871c39-ccd6-4805-a990-bf543ea402d8,completed,2023-03-06 20:43:42.066461,,
64938051-ee06-4b09-bba8-dc225621ce15,completed,2023-03-06 20:43:42.066461,,
64a09232-a109-41b3-a9fb-f247eba84e2f,completed,2023-03-06 20:43:42.066461,,
64a1cdd6-7815-474a-bb05-7cd4e75bcfe8,completed,2023-03-06 20:43:42.066461,X,
64a74f89-c366-48e0-82e7-e328143cc54a,completed,2023-03-06 20:43:42.066461,,
64a92a9d-836c-4488-b088-ceff9bfb1920,completed,2023-03-06 20:43:42.066461,,
64b0448a-6680-4e23-b71c-aebd6c25e423,completed,2023-03-06 20:43:42.066461,,
64b271d9-aae5-46bf-9b8e-b0b5f53e7ab4,completed,2023-03-06 20:43:42.066461,,
64b30029-7f8b-4ab3-bbd6-f2b5083841be,completed,2023-03-06 20:43:42.066461,,
64b31897-7d14-44ec-be42-1e2dc2647205,completed,2023-03-06 20:43:42.066461,,
64b3c9a0-5826-4d2d-bb21-7500cfe3ab60,completed,2023-03-06 20:43:42.066461,,
64bd9aba-c0c4-4e40-96e9-3eccb02fcbec,completed,2023-03-06 20:43:42.066461,,
64d082f1-e13a-4c86-8f37-8f2d914aa16d,completed,2023-03-06 20:43:42.066461,,
64d20d98-0d82-41ef-be02-2274e3611bb2,completed,2023-03-06 20:43:42.066461,,
64d29469-c191-42e7-80cb-89d3bda7304f,completed,2023-03-06 20:43:42.066461,,
64d2af80-7c55-4c80-b016-1f8dbdbbfdc0,completed,2023-03-06 20:43:42.066461,,
64dd99bf-a055-453a-993b-b2b8a1fd322c,completed,2023-03-06 20:43:42.066461,,
64e47917-aee2-4de1-91c6-b906aab00a6c,completed,2023-03-06 20:43:42.066461,,
64f8732f-fdbc-456c-968f-3a6a6685b54e,completed,2023-03-06 20:43:42.066461,,
64fd8383-06d8-4ef4-8fd7-049e85cd7e80,completed,2023-03-06 20:43:42.066461,,
6503aef2-5abb-4d9c-b02c-c9051b904fa3,completed,2023-03-06 20:43:42.066461,,
6518925c-98dc-4b3a-bc64-66eebfaf5fd9,completed,2023-03-06 20:43:42.066461,,
652118d0-0b38-4836-874f-fb9261394794,completed,2023-03-06 20:43:42.066461,,
6525147a-5978-4096-b500-2e22257dc631,completed,2023-03-06 20:43:42.066461,,
6525d3bb-1f52-4c74-a8b1-60af220a2942,completed,2023-03-06 20:43:42.066461,,
652736c4-357f-4a95-9355-fe5a3de4af22,completed,2023-03-06 20:43:42.066461,,
652c0656-8473-4d62-8515-e9d4f3e20bed,completed,2023-03-06 20:43:42.066461,,
652c2c18-254b-4cd7-9b33-fb5fcd548c53,completed,2023-03-06 20:43:42.066461,,
652df208-4ad9-4363-b765-f9e2ff449deb,completed,2023-03-06 20:43:42.066461,,
652e4ee4-bef0-4016-acde-7a5d452e8423,completed,2023-03-06 20:43:42.066461,,
653541dd-cc3a-429d-9cf3-2de0b904d0f4,completed,2023-03-06 20:43:42.066461,,
653f7233-d3a6-4ea2-83a0-21548c6f0253,completed,2023-03-06 20:43:42.066461,,
654927b5-aab7-4ee4-b24c-289098fcaf1d,completed,2023-03-06 20:43:42.066461,,
654937ad-1201-4812-86ad-0a05d9b671f7,completed,2023-03-06 20:43:42.066461,,
654ea9b3-5281-4a20-8180-4bd568b3d21f,completed,2023-03-06 20:43:42.066461,,
65524cc2-30ab-497a-b673-e475317bde31,completed,2023-03-06 20:43:42.066461,,
6554501f-eafc-4fcd-8382-23d831c423b3,completed,2023-03-06 20:43:42.066461,,
655d87f7-9ba1-4628-9b13-7341d7d827ee,completed,2023-03-06 20:43:42.066461,,
656a687d-7a8b-4bed-937e-1d3e80d2ced8,completed,2023-03-06 20:43:42.066461,,
65702ee7-3a34-4690-a491-70fcf2e5430b,completed,2023-03-06 20:43:42.066461,,
6571e7db-de31-48c3-a5cd-007b26b1c735,completed,2023-03-06 20:43:42.066461,,
65769c94-99cb-4a87-801a-cc526d300aed,completed,2023-03-06 20:43:42.066461,,
65827c0e-be71-4563-bf3d-0807770b7caf,completed,2023-03-06 20:43:42.066461,,
65917f02-ba2a-4583-8494-9af20bfc1784,completed,2023-03-06 20:43:42.066461,,
6593f00e-4a96-476e-a789-dc7b61ed8e12,completed,2023-03-06 20:43:42.066461,,
6596cf85-0069-4550-a5d1-b0cd9df036b8,completed,2023-03-06 20:43:42.066461,,
659e12a3-a638-47ef-a39c-7832dedf9cc0,completed,2023-03-06 20:43:42.066461,,
65a054b6-ad9d-4783-aace-8976bf1a7a62,completed,2023-03-06 20:43:42.066461,,
65a1620a-eda0-476b-a944-1f2b70bb4d12,completed,2023-03-06 20:43:42.066461,,
65a9a8fd-0f83-4ecc-b57a-89947d43c715,completed,2023-03-06 20:43:42.066461,,
65ac75dc-0ebd-49e2-8fd3-99601ff6e2eb,completed,2023-03-06 20:43:42.066461,,
65b3ccd6-2ef2-43b7-807c-c04710dde502,completed,2023-03-06 20:43:42.066461,,
65b5e535-187f-4b42-832b-06e7a520093f,completed,2023-03-06 20:43:42.066461,,
65cbb43f-68ee-4705-8122-d2a2f4eca8c4,completed,2023-03-06 20:43:42.066461,,
65d2eb0e-5549-401a-a13b-ed63e7d308ea,completed,2023-03-06 20:43:42.066461,,
65d82528-a701-4aad-8839-c1c78b4791c2,completed,2023-03-06 20:43:42.066461,,
65dbc305-a352-491b-9711-50af3ad00cf1,completed,2023-03-06 20:43:42.066461,,
65e0ad31-b2f3-47e6-bed0-cd67f66c9040,completed,2023-03-06 20:43:42.066461,,
65e2c366-463b-43e3-908f-126d05eb5856,completed,2023-03-06 20:43:42.066461,,
65ef2542-0968-46f5-ba32-48567f96a29c,completed,2023-03-06 20:43:42.066461,,
660af10a-249e-4c9c-9e6b-c2eac3df9645,completed,2023-03-06 20:43:42.066461,,
660f33c3-b406-495e-a0c7-40fb9efaf49b,completed,2023-03-06 20:43:42.066461,,
66102ac6-37a3-45b7-97dd-56d02b6ac651,completed,2023-03-06 20:43:42.066461,,
6612083a-2867-45ad-a137-751620bf26bb,completed,2023-03-06 20:43:42.066461,,
661b0159-6aed-4856-b023-9dd5d815af2c,completed,2023-03-06 20:43:42.066461,,
6622efeb-312f-4926-9ce3-33df168e986e,completed,2023-03-06 20:43:42.066461,,
66341ef6-4122-4005-8f8b-9c42c79e8198,completed,2023-03-06 20:43:42.066461,,
6637e91c-e624-4cf3-aadc-560379b8662b,completed,2023-03-06 20:43:42.066461,,
66387652-8710-41dd-85bf-0c82edbf373f,completed,2023-03-06 20:43:42.066461,,
663a658c-90bf-4886-a528-ee1393836052,completed,2023-03-06 20:43:42.066461,,
663fcfbb-fabc-49eb-89de-62e52e3007f9,completed,2023-03-06 20:43:42.066461,,
664100fb-45b8-4065-86bc-9bae49f2a0ba,completed,2023-03-06 20:43:42.066461,,
664232b1-d0a0-41ab-870e-7abbec621666,completed,2023-03-06 20:43:42.066461,X,
665777d8-66a3-4c90-a4ce-c89a2a37e944,completed,2023-03-06 20:43:42.066461,,
6658cba0-568b-4210-88a1-f54e88d2d21c,completed,2023-03-06 20:43:42.066461,,
665bde8c-43f1-4b07-bb22-eed9d979a6b4,completed,2023-03-06 20:43:42.066461,,
665c74dc-5177-471f-8a99-81631cd9c7c9,completed,2023-03-06 20:43:42.066461,,
6666b9e8-7d33-45fd-a93d-eca09b01615f,completed,2023-03-06 20:43:42.066461,,
667a9e93-0611-4891-99ff-b4ebd6b75d00,completed,2023-03-06 20:43:42.066461,,
667ba844-5817-45ba-9f39-22b9756b078c,completed,2023-03-06 20:43:42.066461,,
667e6546-3814-4b85-8d44-1603d4d79aa4,completed,2023-03-06 20:43:42.066461,,
667fa0b7-971e-4c4d-9438-53fda2f6e201,completed,2023-03-06 20:43:42.066461,,
66880348-cc90-43cd-b378-446b2f6e0bdc,completed,2023-03-06 20:43:42.066461,,
669c4484-cdb8-43d4-b5c1-97f22f1c299a,completed,2023-03-06 20:43:42.066461,,
66b001b1-bdf8-44a1-9c0a-fd87f8b1fb6a,completed,2023-03-06 20:43:42.066461,,
66b53164-05eb-44b8-9c0c-e0e85af373dc,completed,2023-03-06 20:43:42.066461,,
66c1c664-c795-41ac-b527-02973a780abd,completed,2023-03-06 20:43:42.066461,,
66c352d1-ed7e-4f9f-96c5-0bca73eb4460,completed,2023-03-06 20:43:42.066461,,
66cb6fe1-9bbb-432c-bbbb-bf50db00eb0a,completed,2023-03-06 20:43:42.066461,,
66da6ba9-6d36-4086-a371-25fe796e1e16,completed,2023-03-06 20:43:42.066461,,
66db4c52-d483-466f-9e7b-858e3c31c36c,completed,2023-03-06 20:43:42.066461,,
66dbb1ba-0e88-407e-97c9-fd5fd16db394,completed,2023-03-06 20:43:42.066461,,
66e5567a-3b97-40ee-a6bf-1574b8495c4c,completed,2023-03-06 20:43:42.066461,,
66ea3759-000d-40bb-b51d-ded958c42209,completed,2023-03-06 20:43:42.066461,,
66eb71bf-6270-4ba5-bcb6-a05513f9ccd3,completed,2023-03-06 20:43:42.066461,,
66ec12e2-1689-46d3-86ee-99a27e0252d2,completed,2023-03-06 20:43:42.066461,,
67115fef-7199-4e46-96e3-681b2bd12f92,completed,2023-03-06 20:43:42.066461,,
6711ed0d-8f6e-4ddd-a96c-c236161389cc,completed,2023-03-06 20:43:42.066461,,
67213494-6715-4831-967e-fdd28846efe2,completed,2023-03-06 20:43:42.066461,,
67233d18-50c3-4ed2-8dec-e32a33f2d4a8,completed,2023-03-06 20:43:42.066461,,
6724f2ee-413d-4710-8619-8733f130b686,completed,2023-03-06 20:43:42.066461,,
6726a23b-0075-4e31-bd39-35a56146f89a,completed,2023-03-06 20:43:42.066461,,
672d9f6f-05e5-4c7e-9512-7908a8056c22,completed,2023-03-06 20:43:42.066461,,
6736e90d-4a9a-4dff-909b-db12bd894965,completed,2023-03-06 20:43:42.066461,,
6743a8bd-39aa-4600-b64f-93275b4642e0,completed,2023-03-06 20:43:42.066461,,
674591f1-d524-4a13-bcaa-94f8debc3b9a,completed,2023-03-06 20:43:42.066461,,
67477a79-b7c8-4e23-8e28-968213a86c90,completed,2023-03-06 20:43:42.066461,,
6748e511-ca95-4d42-abf3-8a0024631d5b,completed,2023-03-06 20:43:42.066461,,
67493cb9-1fed-4b08-9876-450dde984736,completed,2023-03-06 20:43:42.066461,X,
674d8a83-2bbe-496f-a831-b98ea1c83b26,completed,2023-03-06 20:43:42.066461,,
67506fc2-2d48-4dc9-a187-e17c7d1fb7c2,completed,2023-03-06 20:43:42.066461,,
67536e35-d835-4d04-941f-4cdf451284e2,completed,2023-03-06 20:43:42.066461,,
67685de3-5b7a-44ae-86d9-ca296daf339c,completed,2023-03-06 20:43:42.066461,,
676eacf3-72e8-4202-b391-5c55fd26ff4d,completed,2023-03-06 20:43:42.066461,,
67737af0-3f4a-440a-8982-bd678d6e1990,completed,2023-03-06 20:43:42.066461,,
677391a7-1bff-4bc7-89a3-cc3c6e6056fa,completed,2023-03-06 20:43:42.066461,,
6780085f-0cea-45b7-8339-dd6a0069df50,completed,2023-03-06 20:43:42.066461,,
6796db0e-57c5-4c43-bfb0-dc55d49afe13,completed,2023-03-06 20:43:42.066461,,
679ad0a9-7018-430f-9a44-78db32c9ab6f,completed,2023-03-06 20:43:42.066461,,
67a2a9fd-8e87-477a-9977-75280ffcdfb0,completed,2023-03-06 20:43:42.066461,,
67a5d462-2149-4f95-9c00-7d4d59c4c35b,completed,2023-03-06 20:43:42.066461,,
67aa3f75-9738-4172-ab53-a4afd330dcce,completed,2023-03-06 20:43:42.066461,,
67b63ae9-c00a-4369-9fbc-7c697e3a89f6,completed,2023-03-06 20:43:42.066461,,
67d4bfe2-38e1-4672-844f-0d7d1792f00c,completed,2023-03-06 20:43:42.066461,,
67d4d919-998a-4404-97e0-7ca96413f247,completed,2023-03-06 20:43:42.066461,,
67de1f7c-e410-4f04-af1d-fa235a31c35b,completed,2023-03-06 20:43:42.066461,,
67e031e0-4b8a-448c-9073-0910bf1698e1,completed,2023-03-06 20:43:42.066461,,
67e3631e-0f64-41c1-b288-ff1ca5692476,completed,2023-03-06 20:43:42.066461,,
67e6a189-104f-473c-a539-5b1a64cce055,completed,2023-03-06 20:43:42.066461,,
67f0bdfa-30fe-428c-a208-de64f2f706b4,completed,2023-03-06 20:43:42.066461,,
67f3b646-266f-4115-9aa8-9d0ea0831a1a,completed,2023-03-06 20:43:42.066461,,
67f683ce-878d-4647-8a15-c261da4e56ed,completed,2023-03-06 20:43:42.066461,,
680829e8-60f8-483b-ae8f-c6b2f7b71cba,completed,2023-03-06 20:43:42.066461,,
6810ea9e-c27a-4349-8cea-1154d912c10f,completed,2023-03-06 20:43:42.066461,,
6811701e-1917-4819-8e01-a5d4b80d6996,completed,2023-03-06 20:43:42.066461,,
68163247-61b8-4f02-be1c-26a03e3999fd,completed,2023-03-06 20:43:42.066461,,
6821a023-a249-4ee0-9c9f-7c55398724dd,completed,2023-03-06 20:43:42.066461,,
68293be9-f8dd-4baf-95d2-b9bbd45f4cb5,completed,2023-03-06 20:43:42.066461,,
68361bb6-fe06-4655-9b4d-fa740e3c8341,completed,2023-03-06 20:43:42.066461,,
68472f71-c891-4afe-b76b-a268604a19fa,completed,2023-03-06 20:43:42.066461,,
684963a1-0bcb-47ee-8fff-9631d1d7511e,completed,2023-03-06 20:43:42.066461,,
684aa466-c353-4105-96c2-1518814fcc41,completed,2023-03-06 20:43:42.066461,,
684b2ea5-cddd-409f-9769-7e5ce5f02c41,completed,2023-03-06 20:43:42.066461,,
684f413e-f8e8-4e05-967c-6f2a5a6f2554,completed,2023-03-06 20:43:42.066461,X,
685100ea-41b3-44e5-879a-224368ce2b73,completed,2023-03-06 20:43:42.066461,,
68590737-123e-4878-a164-8647eb6990d1,completed,2023-03-06 20:43:42.066461,,
68590fea-3262-4bcd-8d6e-5a70aba4f14a,completed,2023-03-06 20:43:42.066461,,
6859807f-4800-4cf1-b558-cb6abddcace9,completed,2023-03-06 20:43:42.066461,,
685a9e5a-825b-4e63-97a2-85093fdd1222,completed,2023-03-06 20:43:42.066461,,
685e6037-75a2-4a4f-8bb4-65b5b0e4f52c,completed,2023-03-06 20:43:42.066461,,
6865ad1d-1cad-4c09-8079-aa9e1132028a,completed,2023-03-06 20:43:42.066461,,
6867d9b1-f39c-4416-b50a-af8b9aa9524c,completed,2023-03-06 20:43:42.066461,,
6873dd89-6394-4cd2-a468-8d78758a3659,completed,2023-03-06 20:43:42.066461,,
687987fb-30d1-47f6-b630-378a7e917a05,completed,2023-03-06 20:43:42.066461,,
687a0722-33ed-4404-b21d-e216a09fc6e8,completed,2023-03-06 20:43:42.066461,,
68804df7-d0a3-40b2-afb8-4c14a9caf7b6,completed,2023-03-06 20:43:42.066461,,
6884ae80-dc96-4259-bf0c-2af86ee1a91d,completed,2023-03-06 20:43:42.066461,,
68974fee-43a0-4a20-a60e-499a448d9e12,completed,2023-03-06 20:43:42.066461,,
68b1e75a-9553-4bee-a8cc-81f414c46f8f,completed,2023-03-06 20:43:42.066461,,
68c976c7-5c08-4cbe-887f-31f174e36d5a,completed,2023-03-06 20:43:42.066461,,
68ccea63-a04b-48e6-9f1e-493a6ff63a7b,completed,2023-03-06 20:43:42.066461,,
68cd7b46-404c-4529-b78d-216e9a15b079,completed,2023-03-06 20:43:42.066461,,
68d2d158-ce9d-4471-8baa-78818a5b78a5,completed,2023-03-06 20:43:42.066461,,
68e56b0d-bd24-4532-809e-4d3c357a94f1,completed,2023-03-06 20:43:42.066461,,
68edf8fa-c205-461a-b33a-88534f3dbb63,completed,2023-03-06 20:43:42.066461,,
68f451ab-6907-42a8-b2bc-fce327c9749c,completed,2023-03-06 20:43:42.066461,,
68f5176d-4c12-4f88-a7dc-971096f3956f,completed,2023-03-06 20:43:42.066461,,
68f6a996-22c6-491c-86db-c42ffa58f5d3,completed,2023-03-06 20:43:42.066461,,
68fcfa90-5b81-472a-9218-27642ecb62c2,completed,2023-03-06 20:43:42.066461,,
69084082-455c-4a8e-b0a2-f7782b1ec2c8,completed,2023-03-06 20:43:42.066461,X,
69107ad5-59ee-48e4-89e9-2dce63054ce8,completed,2023-03-06 20:43:42.066461,,
6915e3c8-a695-41d9-a18e-1bb56ad2fa8a,completed,2023-03-06 20:43:42.066461,,
691a7b28-73b8-406c-96dc-10d9678ec184,completed,2023-03-06 20:43:42.066461,,
691fb2bd-cbaf-451b-b0c2-7efa68958de8,completed,2023-03-06 20:43:42.066461,,X
6934035b-a2d3-4c11-9bfc-d3163ecdbb6e,completed,2023-03-06 20:43:42.066461,,
6936666f-6945-4e7e-a642-5ecff5e1fd93,completed,2023-03-06 20:43:42.066461,,
6936ad93-3d63-40d2-8591-abd1b45f0b82,completed,2023-03-06 20:43:42.066461,,
694262fe-275f-4051-933b-edd9cd8e6a1b,completed,2023-03-06 20:43:42.066461,,
6942ae6e-46f4-4517-aff1-d6689a6671bc,completed,2023-03-06 20:43:42.066461,,
6945d686-00fd-424d-9025-3bd28a7300a3,completed,2023-03-06 20:43:42.066461,,
69554269-6dcc-4db5-a162-61949a7c6f05,completed,2023-03-06 20:43:42.066461,,
6958738a-15f8-44ff-823e-bf3060c02b42,completed,2023-03-06 20:43:42.066461,,
695abeaa-1207-4568-82fa-81e16c4a9012,completed,2023-03-06 20:43:42.066461,,
695c35a4-9a01-4c81-9334-257b07bc7eb6,completed,2023-03-06 20:43:42.066461,,
69639fe3-e87a-4e5d-8f47-d50259e35370,completed,2023-03-06 20:43:42.066461,,
696b14a0-bd97-4574-b7b3-13b5ccab8782,completed,2023-03-06 20:43:42.066461,,
696b53cb-f4c0-4469-aeee-d59273956741,completed,2023-03-06 20:43:42.066461,,
6970679b-f0bb-4dfd-8702-71df00902796,completed,2023-03-06 20:43:42.066461,,
6972e73e-8bfd-460e-9fe0-b38e171a3c02,completed,2023-03-06 20:43:42.066461,,
697dc2e0-b2f5-461f-910b-6b03c72a5055,completed,2023-03-06 20:43:42.066461,,
6991482a-5c4a-4476-b9e2-c649752d0d68,completed,2023-03-06 20:43:42.066461,,
69a5ed33-df57-4982-9d7e-963e5eb61300,completed,2023-03-06 20:43:42.066461,,
69a88fa1-3cd0-4dfb-a95f-7f5c661be6ff,completed,2023-03-06 20:43:42.066461,,
69ad73e6-43f9-49c7-91d1-c6fd852e6ab2,completed,2023-03-06 20:43:42.066461,,
69ad8d04-2d1b-4c0d-b9d2-09680e341c85,completed,2023-03-06 20:43:42.066461,,
69af026a-dcde-4573-bde0-0b6e77eb7cb5,completed,2023-03-06 20:43:42.066461,,
69b9410f-9285-4311-b63c-f79e75ff2f87,completed,2023-03-06 20:43:42.066461,,
69b956ad-9c05-4bc8-9477-adf462439e02,completed,2023-03-06 20:43:42.066461,,
69b9589f-102d-4797-bd60-9e516978352f,completed,2023-03-06 20:43:42.066461,,
69c0c269-a4d1-426f-9f2f-c4d70f181a29,completed,2023-03-06 20:43:42.066461,,
69c209a2-10d9-4385-95ef-78e962724c77,completed,2023-03-06 20:43:42.066461,,
69c330f9-3d64-4e16-9a61-1de9109714e3,completed,2023-03-06 20:43:42.066461,,
69c3eade-8c79-4cfd-a5a5-5b787e018384,completed,2023-03-06 20:43:42.066461,,
69c72096-6f36-41cc-90ec-ee9521923628,completed,2023-03-06 20:43:42.066461,,
69d7cfd2-0c51-4cb9-9602-acf09c00c822,completed,2023-03-06 20:43:42.066461,,
69efc8f7-a59b-44bb-8a35-836a25854357,completed,2023-03-06 20:43:42.066461,,
69f06ec1-14f9-4e8f-99d0-26eaf349ac28,completed,2023-03-06 20:43:42.066461,X,
69f5306c-8f25-4d7f-96bf-a76a1fd3b23e,completed,2023-03-06 20:43:42.066461,,
6a091104-2ce0-4991-bb70-d042e09156b3,completed,2023-03-06 20:43:42.066461,,
6a0e53bc-6a12-48b4-aa37-ce3f4ec2fdf0,completed,2023-03-06 20:43:42.066461,,
6a17e39f-7c60-4e0c-8d89-ed1c0eb837dd,completed,2023-03-06 20:43:42.066461,,
6a1a3c8c-8478-40dd-b45d-6dc38b2106dc,completed,2023-03-06 20:43:42.066461,,
6a1ee0a6-1d12-4913-88c7-81cedd8a6b34,completed,2023-03-06 20:43:42.066461,,
6a200008-a541-4790-8133-8f29c45b9f9a,completed,2023-03-06 20:43:42.066461,,
6a2f84ab-0b6d-4edb-a161-0d6e84dca9da,completed,2023-03-06 20:43:42.066461,,
6a45b433-838d-490d-b12c-a23af0d8fbea,completed,2023-03-06 20:43:42.066461,,
6a47eb1a-6539-49a3-b444-5641e33bc0f8,completed,2023-03-06 20:43:42.066461,,
6a4bf718-2ca5-4dc5-88d3-79a2996baacc,completed,2023-03-06 20:43:42.066461,,
6a503281-534d-4457-ac49-e6c02abca2a8,completed,2023-03-06 20:43:42.066461,,
6a5f68bb-404c-4efa-915b-06beba62aef5,completed,2023-03-06 20:43:42.066461,,
6a60e33d-2566-431a-8bd2-bdd699b21b7a,completed,2023-03-06 20:43:42.066461,,
6a66b235-4876-4ea3-bfb6-2c5124d708b5,completed,2023-03-06 20:43:42.066461,,
6a68aa83-72b3-4a9b-9e74-a3baa4854d89,completed,2023-03-06 20:43:42.066461,,
6a7726c8-f873-4242-92e4-10e09cf69b00,completed,2023-03-06 20:43:42.066461,,
6a78516d-f7f1-453c-a016-c3d8fcf6e2a4,completed,2023-03-06 20:43:42.066461,,
6a7cd1fb-f0c4-4891-b949-2e8c5c6e9ac9,completed,2023-03-06 20:43:42.066461,,
6a8239a4-c0ca-4703-ab9d-c7bb495b509d,completed,2023-03-06 20:43:42.066461,,
6a827ec0-fbb7-4ac2-948e-ba2b1371322b,completed,2023-03-06 20:43:42.066461,,
6a8589ed-c186-4320-bfe8-a992cfdca02b,completed,2023-03-06 20:43:42.066461,,
6a86d251-5b0e-422e-b02c-ab3c253fdb2f,completed,2023-03-06 20:43:42.066461,,
6a92fe52-79df-44ad-9ac3-fb554027ac43,completed,2023-03-06 20:43:42.066461,,
6a9bbfc7-d212-44c8-bc96-3d9254927cef,completed,2023-03-06 20:43:42.066461,,
6a9dc705-675f-4f2c-a7e0-e4d285280c6d,completed,2023-03-06 20:43:42.066461,,
6a9e60f2-ed9a-4617-9faa-30565c74972d,completed,2023-03-06 20:43:42.066461,,
6aa0e9cd-1676-493c-a87d-ef23038b9643,completed,2023-03-06 20:43:42.066461,,
6aa35434-606f-4d07-bdfa-1186eed88c94,completed,2023-03-06 20:43:42.066461,,
6aa42b61-68b9-4a93-81e4-589aea919a25,completed,2023-03-06 20:43:42.066461,,
6aa50201-59a3-4681-ab31-12490182b38f,completed,2023-03-06 20:43:42.066461,,
6aaa7b7f-e097-4886-94e6-8012fbf63953,completed,2023-03-06 20:43:42.066461,,
6ab197e6-9a94-48bb-a2e7-229f581a7722,completed,2023-03-06 20:43:42.066461,,
6ac77066-32a6-48cf-ae4b-df04e3e5dbf6,completed,2023-03-06 20:43:42.066461,,
6aca4a1d-09eb-4f22-8789-ad25f76af75a,completed,2023-03-06 20:43:42.066461,,
6ad1b88f-dea0-49c6-91de-dae7d9d703a5,completed,2023-03-06 20:43:42.066461,,
6ad247df-17e6-4590-8354-4570ec8aa178,completed,2023-03-06 20:43:42.066461,,
6ad8de2a-63e1-4393-9e06-233bd66adb02,completed,2023-03-06 20:43:42.066461,,
6adb550d-90dc-4de6-a54a-303369f057d3,completed,2023-03-06 20:43:42.066461,,
6adf678e-d850-4235-819b-63528a4e18c2,completed,2023-03-06 20:43:42.066461,,
6aed69c4-471b-4298-9a7c-7cefb14ca5d2,completed,2023-03-06 20:43:42.066461,,
6aef5316-425d-4151-bda2-29f1f6cfa2e2,completed,2023-03-06 20:43:42.066461,,
6af2b7e6-e3d1-42c4-8195-dba7c7c220d5,completed,2023-03-06 20:43:42.066461,,
6af96cb0-2250-46d4-9295-bf7fe8eafec4,completed,2023-03-06 20:43:42.066461,,
6b031872-73fa-4939-a6c6-1ac12d5a4671,completed,2023-03-06 20:43:42.066461,,
6b0a1891-678b-471c-aec5-d5d556321f46,completed,2023-03-06 20:43:42.066461,,
6b258223-d5b1-4bde-ac1c-6100b745845d,completed,2023-03-06 20:43:42.066461,,
6b269802-2615-42c0-a1d5-c2384bbff44c,completed,2023-03-06 20:43:42.066461,,
6b29e388-fb72-4d5d-9b32-212f60a57261,completed,2023-03-06 20:43:42.066461,,
6b2b5371-2c1a-4b9b-9102-99c9105c2576,completed,2023-03-06 20:43:42.066461,,
6b2c0861-2165-46eb-9cce-ed6d20ea8c35,completed,2023-03-06 20:43:42.066461,,
6b3331d1-8fae-487e-ab02-5bf3ff02029b,completed,2023-03-06 20:43:42.066461,,
6b378b31-bb0a-4468-a6e6-6246167be892,completed,2023-03-06 20:43:42.066461,,
6b37b627-677f-4d66-b224-8e9c470b029e,completed,2023-03-06 20:43:42.066461,,
6b3c58c0-11f0-4720-83db-7e51e6356dca,completed,2023-03-06 20:43:42.066461,,
6b3e3e67-8c7c-4ed6-8f69-581363c8433c,completed,2023-03-06 20:43:42.066461,,
6b412808-662a-42cb-9afa-f0ce12c44205,completed,2023-03-06 20:43:42.066461,,
6b419201-7574-40a2-bf72-a2e223998062,completed,2023-03-06 20:43:42.066461,,
6b465194-c72a-4e28-8c12-4657c04ffa45,completed,2023-03-06 20:43:42.066461,,
6b4afdbf-92b1-4fa2-a575-949152c95505,completed,2023-03-06 20:43:42.066461,,
6b549358-e541-49bb-9c3f-e325518b175d,completed,2023-03-06 20:43:42.066461,,
6b5c26d1-797e-4d3e-b99d-a8cb7fb8a9cf,completed,2023-03-06 20:43:42.066461,,
6b64e18a-e0dc-4c23-9706-1a0eb3d65b85,completed,2023-03-06 20:43:42.066461,,
6b675eec-b8b1-4529-a745-c7c13688468e,completed,2023-03-06 20:43:42.066461,,
6b683247-8e06-40b5-b51b-37abdc9048c4,completed,2023-03-06 20:43:42.066461,,
6b761197-e9e0-4967-8408-0fb9c3ceb735,completed,2023-03-06 20:43:42.066461,,
6b7ad83d-d2f4-4278-80e6-456d6ff5571d,completed,2023-03-06 20:43:42.066461,,
6b7bb029-7c49-43e7-906a-ca918e27b933,completed,2023-03-06 20:43:42.066461,,
6b7f2041-0c62-4a45-9667-6f547ec9e8a9,completed,2023-03-06 20:43:42.066461,,
6b8369b6-5ed5-4dfa-abed-45431ed2861b,completed,2023-03-06 20:43:42.066461,,
6b893551-5cd6-42ca-bcfb-f37862124967,completed,2023-03-06 20:43:42.066461,,
6b8dd307-f6fb-4e43-bb35-7712f568a063,completed,2023-03-06 20:43:42.066461,,
6b8e387d-4e69-4d0c-b511-f78216e55b22,completed,2023-03-06 20:43:42.066461,,
6ba8da8d-1381-40c2-b5ae-0b6ae21167f9,completed,2023-03-06 20:43:42.066461,,
6baa0a72-42e8-4d0e-91ec-34b1995a62aa,completed,2023-03-06 20:43:42.066461,,
6baae2b8-25ea-4fc6-ba25-3132a31936d9,completed,2023-03-06 20:43:42.066461,,
6bb6dfb4-0f01-4d82-a082-c2ebf5da985f,completed,2023-03-06 20:43:42.066461,,
6bbae822-9cf9-4969-b2e1-3bd250e16db9,completed,2023-03-06 20:43:42.066461,,
6bbc679c-e61d-4e11-aa87-90e45cc93842,completed,2023-03-06 20:43:42.066461,,
6bc36835-e982-4f45-91b0-a8330f1c41aa,completed,2023-03-06 20:43:42.066461,,
6bc62146-4493-4627-ad8e-e2af6809fe64,completed,2023-03-06 20:43:42.066461,,
6bd1eb9e-dc71-4af7-86c2-cd064074743b,completed,2023-03-06 20:43:42.066461,,
6bd376ba-4b57-4193-975d-81d65c670d89,completed,2023-03-06 20:43:42.066461,,
6bd4b159-e208-4715-a5f9-50245088ba09,completed,2023-03-06 20:43:42.066461,,
6bdba883-a485-4562-bcd2-2dfeedbe6433,completed,2023-03-06 20:43:42.066461,,
6beacaab-04ba-4120-8c6c-9932e43eccf1,completed,2023-03-06 20:43:42.066461,,
6bef97c2-599c-4b3e-b490-31ef7fedd520,completed,2023-03-06 20:43:42.066461,,
6bf587d9-48d7-4dc4-b60a-af2f1841e4c5,completed,2023-03-06 20:43:42.066461,,
6bff6c01-2bf7-4dd9-9799-5d6c04828e9b,completed,2023-03-06 20:43:42.066461,,
6c035153-3efe-4f2e-8fe1-84f72133637a,completed,2023-03-06 20:43:42.066461,,
6c18f0fb-9d66-4c32-a88a-5e7bffa40169,completed,2023-03-06 20:43:42.066461,,
6c1c3c27-261b-48ad-a914-004f7201c164,completed,2023-03-06 20:43:42.066461,,
6c1cd6ce-4981-4f7d-aaf9-8ccea0c6cd73,completed,2023-03-06 20:43:42.066461,,
6c25718d-f156-4d23-a43c-eb0d6315f76f,completed,2023-03-06 20:43:42.066461,,
6c29a97a-fe64-49c4-9f81-fc3e70961731,completed,2023-03-06 20:43:42.066461,,
6c2b1e49-5fc9-41b5-bb91-18c7b7a710c0,completed,2023-03-06 20:43:42.066461,,
6c2c2fbd-9bd1-4612-8681-36f2a7052cc8,completed,2023-03-06 20:43:42.066461,,
6c2d97ad-f2d2-46ae-931d-aa9864ecbf5f,completed,2023-03-06 20:43:42.066461,,
6c2ead9d-e9fe-454a-aca8-ae2494b33cb9,completed,2023-03-06 20:43:42.066461,,
6c336802-2c1a-45a6-b4d3-9868661b9de1,completed,2023-03-06 20:43:42.066461,,
6c3d588b-2c95-4a05-954a-f1e8be16393f,completed,2023-03-06 20:43:42.066461,,
6c42adc3-1bc2-45a6-bf31-3f9bd58a1250,completed,2023-03-06 20:43:42.066461,,
6c45ec4c-8a45-426d-a729-81e56b544be4,completed,2023-03-06 20:43:42.066461,,
6c5cb17f-00f4-4fe5-bf17-94bff202340e,completed,2023-03-06 20:43:42.066461,,
6c5e8f2d-001f-4a29-9e46-bc2030d736a5,completed,2023-03-06 20:43:42.066461,,
6c608361-c190-4d0e-924f-cebc3317aad0,completed,2023-03-06 20:43:42.066461,,
6c62d0c6-d0df-478f-8187-50f54fc2acdf,completed,2023-03-06 20:43:42.066461,,
6c69c6d3-1d06-43bf-8f03-2b69c05fcf36,completed,2023-03-06 20:43:42.066461,X,
6c6f048f-1c1f-4d7e-b6ad-3a4a08017947,completed,2023-03-06 20:43:42.066461,,
6c7a377a-a2c8-498d-9b31-ed7b38ad8a57,completed,2023-03-06 20:43:42.066461,,
6c814683-7b53-44ae-85fb-8f1fc0925830,completed,2023-03-06 20:43:42.066461,,
6c8aa979-65d7-45a3-9c0c-6e82661e8e7d,completed,2023-03-06 20:43:42.066461,,
6c8c2c06-5d16-4df3-a518-f58169caa646,completed,2023-03-06 20:43:42.066461,,
6c9da6c0-0df5-4131-a342-09469f3081e9,completed,2023-03-06 20:43:42.066461,,
6ca17f67-c14b-4720-a847-61118535793d,completed,2023-03-06 20:43:42.066461,,
6ca2d202-7679-40ef-825b-1a838b2c3b33,completed,2023-03-06 20:43:42.066461,,
6ca44079-b8e6-452a-a686-7f164354838a,completed,2023-03-06 20:43:42.066461,,
6ca4abee-29e9-4aa4-8589-3b241ce26f67,completed,2023-03-06 20:43:42.066461,,
6cac303e-b71e-4256-98c0-b5845f0427a8,completed,2023-03-06 20:43:42.066461,,
6caff16f-9e3d-43d7-8848-95e27ffc6cb6,completed,2023-03-06 20:43:42.066461,,
6cbd3293-2c88-4333-b68f-0c5e4627eae7,completed,2023-03-06 20:43:42.066461,,
6cbfe734-f59f-453e-898f-bdec148acea9,completed,2023-03-06 20:43:42.066461,,
6cc2ca3c-ae5b-407d-9b46-94e5717bb291,completed,2023-03-06 20:43:42.066461,,
6ccc2ef1-5487-4047-8efc-c86df0e94571,completed,2023-03-06 20:43:42.066461,,
6cd03a41-64b3-4188-b3b1-42363ff602a5,completed,2023-03-06 20:43:42.066461,,
6cd97cb4-982b-46c6-adc3-20ec29b8a7bb,completed,2023-03-06 20:43:42.066461,,
6cdd3139-6a0b-4cd4-8f11-3fec863ffa93,completed,2023-03-06 20:43:42.066461,,
6cddbbfb-fb62-433c-9af7-9ab736b13fd8,completed,2023-03-06 20:43:42.066461,,
6cea4ac9-4ddc-46bf-858a-430b621a04b4,completed,2023-03-06 20:43:42.066461,,
6cf647be-3994-4c53-85b3-91a4d8bff049,completed,2023-03-06 20:43:42.066461,,
6cf678ba-cd96-4894-bd5d-3ad03d04ebca,completed,2023-03-06 20:43:42.066461,,
6cfa154b-3427-4dbf-865e-828e1128702c,completed,2023-03-06 20:43:42.066461,,
6d06b432-aa33-4066-aac5-c1d7ff0ec650,completed,2023-03-06 20:43:42.066461,,
6d106d03-26de-4f9f-b1f1-3af2fa57677e,completed,2023-03-06 20:43:42.066461,,
6d22693c-8805-4eed-a03f-330aa6912676,completed,2023-03-06 20:43:42.066461,,
6d262506-5597-405c-bdb6-96c30d3a91f1,completed,2023-03-06 20:43:42.066461,,
6d299f49-c5f7-4553-ab3e-6492345a0ec9,completed,2023-03-06 20:43:42.066461,,
6d2f0a83-5aa9-43b8-95bc-af4530d24e6d,completed,2023-03-06 20:43:42.066461,,
6d2f75f4-0f1e-4178-b0ee-626cd08ae6d7,completed,2023-03-06 20:43:42.066461,,
6d4088eb-c5e3-4d5c-bd01-2f49a706d367,completed,2023-03-06 20:43:42.066461,,
6d456b59-386f-450b-8103-7bb7a1b97c96,completed,2023-03-06 20:43:42.066461,,
6d5160c7-6b41-4089-b604-feb00ef92666,completed,2023-03-06 20:43:42.066461,,
6d52b183-887d-4997-97d8-fa8f40216a74,completed,2023-03-06 20:43:42.066461,,
6d563070-cd98-4c1b-8641-fded2f98f756,completed,2023-03-06 20:43:42.066461,,
6d60c20b-8880-4631-beb8-f70169609ce1,completed,2023-03-06 20:43:42.066461,,
6d63b075-c944-4ad3-acd4-f28054b608ad,completed,2023-03-06 20:43:42.066461,,
6d663385-44c9-49b8-8322-f64757dd5382,completed,2023-03-06 20:43:42.066461,,
6d680212-1f1b-40c6-87d0-a786053e61b4,completed,2023-03-06 20:43:42.066461,,
6d6e0e56-6295-47a5-8245-d0e1c301d7ff,completed,2023-03-06 20:43:42.066461,,
6d77a6b1-447f-48af-876f-2a19310208fe,completed,2023-03-06 20:43:42.066461,,
6d85db17-9996-4de1-be47-3a8489208172,completed,2023-03-06 20:43:42.066461,,
6d877723-bf9f-4bda-9d16-e56e373a34eb,completed,2023-03-06 20:43:42.066461,,
6d93b0f9-d260-4272-b06d-9a2a663da52e,completed,2023-03-06 20:43:42.066461,,
6d999b3d-f23f-48cf-b526-f1551e8ab6d9,completed,2023-03-06 20:43:42.066461,,
6d9ae941-1399-41e5-a542-2dcaf7c8a2fa,completed,2023-03-06 20:43:42.066461,,
6da62960-f6d0-48f2-bd66-d2a31111ad95,completed,2023-03-06 20:43:42.066461,,
6db4c69c-b24b-4a5d-a134-44ba3bce3711,completed,2023-03-06 20:43:42.066461,,
6dbcf643-3b8e-4100-8a94-fe69e170757e,completed,2023-03-06 20:43:42.066461,,
6dbe1d38-115d-4b46-8f19-1d650eb6afed,completed,2023-03-06 20:43:42.066461,,
6dc07b37-0a2a-4818-95c6-24f59c31df72,completed,2023-03-06 20:43:42.066461,,
6dcf40b2-a225-4eb4-b4e7-9114b8cdc353,completed,2023-03-06 20:43:42.066461,,
6dda24bb-6a0f-4fa4-9d77-c558c0501490,completed,2023-03-06 20:43:42.066461,,
6ddc3059-e098-4f95-8ca7-204c30dd2fab,completed,2023-03-06 20:43:42.066461,,
6de30894-1849-4371-b1a9-eba8832e6eb8,completed,2023-03-06 20:43:42.066461,,
6de7bc5b-2310-4307-9e84-8bef440ede21,completed,2023-03-06 20:43:42.066461,,
6deaa39f-1a07-4024-a0e9-96f32bb6db61,completed,2023-03-06 20:43:42.066461,,
6debfdc0-c382-425e-b494-b4dc4ad7b7bc,completed,2023-03-06 20:43:42.066461,,
6deff493-adaa-4825-adf2-9f0a4dc5a917,completed,2023-03-06 20:43:42.066461,,
6df09b92-b74b-4418-89e5-d0e9e4eb1969,completed,2023-03-06 20:43:42.066461,,
6df600b5-a2b4-4931-9e70-932b552f6c36,completed,2023-03-06 20:43:42.066461,,
6df88558-48fc-495b-bb27-10f481c073c9,completed,2023-03-06 20:43:42.066461,,
6e05bb33-7def-4cf8-bb6b-01479df4f20b,completed,2023-03-06 20:43:42.066461,,
6e09a6d1-c192-483f-a8ff-353c1786318f,completed,2023-03-06 20:43:42.066461,,
6e124208-05ab-46cd-b840-0c0905f3df82,completed,2023-03-06 20:43:42.066461,,
6e18afd4-5ae4-4873-a15a-f5762985ac14,completed,2023-03-06 20:43:42.066461,,
6e1a85d7-c716-4cc6-a598-69d10232dff0,completed,2023-03-06 20:43:42.066461,,
6e2ab56d-d5e6-45c3-8793-5792c61e137c,completed,2023-03-06 20:43:42.066461,,
6e331164-a7ff-4328-8046-65c07051e8b3,completed,2023-03-06 20:43:42.066461,,
6e3786f5-a9ca-4d43-b425-37f597ae5a74,completed,2023-03-06 20:43:42.066461,,
6e3b5c82-0f5d-42d4-ac8b-a3d60f01a664,completed,2023-03-06 20:43:42.066461,,
6e510fc2-507f-4c01-bbc8-eafa1f76bd7d,completed,2023-03-06 20:43:42.066461,,
6e5d8aca-6d45-4c3e-b910-5e263c18d014,completed,2023-03-06 20:43:42.066461,,
6e617be1-b43e-4760-81d2-abe662a10cf5,completed,2023-03-06 20:43:42.066461,,
6e69178e-3009-4e0b-9e67-9ce657d3b4ce,completed,2023-03-06 20:43:42.066461,,
6e6d2682-ea7c-4462-b57b-a6a23b05bc00,completed,2023-03-06 20:43:42.066461,,
6e6fa9cd-d4da-4d1b-8d5e-4d1ad52997f3,completed,2023-03-06 20:43:42.066461,,
6e795f4a-6afe-414b-95d9-17f596365378,completed,2023-03-06 20:43:42.066461,,
6e83d67a-1825-4313-9f19-62742bd7a5aa,completed,2023-03-06 20:43:42.066461,,
6e8955a4-551e-4558-b212-9f3d8c4e4f15,completed,2023-03-06 20:43:42.066461,,
6e9214a5-62a6-4d00-9f52-febbb1d4cb81,completed,2023-03-06 20:43:42.066461,,
6e9ee94a-fbf3-4ea7-bd8a-b5e858799510,completed,2023-03-06 20:43:42.066461,,
6eaa7cf8-b5cd-48a5-944c-2fb96ab9a555,completed,2023-03-06 20:43:42.066461,,
6ead069e-49f6-4c18-8dc1-32050292038a,completed,2023-03-06 20:43:42.066461,,
6eae36ed-7154-4790-9c42-96e55bdf401d,completed,2023-03-06 20:43:42.066461,,
6eb61b34-9800-476b-8c08-410842a6f5b2,completed,2023-03-06 20:43:42.066461,,
6eb763a1-cc7a-49df-b78d-2e757d2a3e93,completed,2023-03-06 20:43:42.066461,,
6eba6787-401e-410f-bf2c-722a9de16efa,completed,2023-03-06 20:43:42.066461,,
6ebb3f7a-f532-4c46-b55e-cb600929c8d0,completed,2023-03-06 20:43:42.066461,,
6ec2cda6-9d84-41e6-a41d-219a1e509254,completed,2023-03-06 20:43:42.066461,,
6eca7553-7ac2-457b-a132-956d7c1ca96c,completed,2023-03-06 20:43:42.066461,,
6ecba52a-4fe6-4f5e-9a68-343192dfc3cf,completed,2023-03-06 20:43:42.066461,,
6edba6ee-df0a-4257-a564-6fb0f5c99783,completed,2023-03-06 20:43:42.066461,,
6ee251b0-5df8-4ef4-b8b0-5088a0214a81,completed,2023-03-06 20:43:42.066461,,
6ef26471-4f69-4770-ab64-db0cfefbd9de,completed,2023-03-06 20:43:42.066461,,
6ef2e630-5d5e-49b3-9f74-c46b7c32f5d7,completed,2023-03-06 20:43:42.066461,,
6ef58091-9ce0-46f5-8860-38bafa738930,completed,2023-03-06 20:43:42.066461,,
6ef62278-c963-471a-b886-b8e40ea7ae15,completed,2023-03-06 20:43:42.066461,,
6efebdd1-87d1-4d9e-b5fb-b7028185e2ac,completed,2023-03-06 20:43:42.066461,,
6f06c0bc-4879-4783-b7b9-2c62cb1bfc80,completed,2023-03-06 20:43:42.066461,,
6f08930f-4005-4811-8b99-c9e5c9862d56,completed,2023-03-06 20:43:42.066461,,
6f092b41-538b-44fb-a6d1-330da4a94e89,completed,2023-03-06 20:43:42.066461,X,
6f106e3d-c878-4096-890d-73d963666749,completed,2023-03-06 20:43:42.066461,,
6f2599f8-8cb2-4a21-954d-3bed1a9534c8,completed,2023-03-06 20:43:42.066461,,
6f2e4e20-2bc7-4cab-b022-36a3eab59c4e,completed,2023-03-06 20:43:42.066461,,
6f3340a0-ae5d-42fc-bc49-be456ac2a450,completed,2023-03-06 20:43:42.066461,,
6f4adeeb-cc7d-4e4a-a1b3-29d00e7694de,completed,2023-03-06 20:43:42.066461,,
6f5391be-f0b0-4ac6-8cb6-3c658c611514,completed,2023-03-06 20:43:42.066461,,
6f554274-9608-4157-98a3-54ddcf49e245,completed,2023-03-06 20:43:42.066461,,
6f5af241-500f-4dd8-a7ea-a84ec412d842,completed,2023-03-06 20:43:42.066461,,
6f64e4d8-0ca7-44ec-acdf-f937e3a10e03,completed,2023-03-06 20:43:42.066461,,
6f6c0bee-8130-419a-9fdc-1effabeeef02,completed,2023-03-06 20:43:42.066461,,
6f713092-1d83-46b9-9d61-2f2cd5af44de,completed,2023-03-06 20:43:42.066461,,
6f746982-df2b-49bc-9e22-30008bdf43a1,completed,2023-03-06 20:43:42.066461,,
6f80112c-99c9-4ae0-94b2-6cb3811540ba,completed,2023-03-06 20:43:42.066461,,
6f84ff51-ea29-4d7b-83ea-051d47877f51,completed,2023-03-06 20:43:42.066461,,
6f867b52-0aac-44a5-b41a-7f8d73eb1bbf,completed,2023-03-06 20:43:42.066461,,
6f872cc5-59c2-4db0-b240-98c7a95031bf,completed,2023-03-06 20:43:42.066461,,
6f878a19-d499-4655-a435-31642401454b,completed,2023-03-06 20:43:42.066461,,
6f9a01a3-b906-442d-9710-93636aa77e61,completed,2023-03-06 20:43:42.066461,,
6f9db9b5-5483-4ec7-af44-2563a222b2ee,completed,2023-03-06 20:43:42.066461,,
6f9f8be8-b723-4536-932a-65dd9889ef29,completed,2023-03-06 20:43:42.066461,,X
6fa787ec-fc1a-42dd-84cd-b09cf130a020,completed,2023-03-06 20:43:42.066461,,
6fb37ca3-44b6-46ed-abbb-005cf5ce0f8b,completed,2023-03-06 20:43:42.066461,,
6fb63b31-7714-4da4-a00a-32ac10d2a46d,completed,2023-03-06 20:43:42.066461,,
6fbee451-88a0-498d-9300-547d1af0e06b,completed,2023-03-06 20:43:42.066461,,
6fcf04b9-67cb-4f0f-897c-fe3537e7ef76,completed,2023-03-06 20:43:42.066461,,
6fcfa7a5-ed63-4e1d-a208-e40b3fefa106,completed,2023-03-06 20:43:42.066461,,
6fd5d5c2-de6c-45cc-a3c1-9a6800d2bf33,completed,2023-03-06 20:43:42.066461,,
6fd985af-3053-4b73-99c6-cdd3e6ab2242,completed,2023-03-06 20:43:42.066461,,
6fdec8db-161b-4805-b9e2-f22f0b3012c7,completed,2023-03-06 20:43:42.066461,,
6fe04c36-fa3b-42c9-bdcf-572a5af6037d,completed,2023-03-06 20:43:42.066461,X,
6fe0965f-142c-48ff-b554-3bd6cbc207f9,completed,2023-03-06 20:43:42.066461,,
6fe4bc7a-4898-4268-af54-3e9bcf028c7f,completed,2023-03-06 20:43:42.066461,,
6fece836-1daa-4813-a779-69838747f47c,completed,2023-03-06 20:43:42.066461,,
6ff68221-b260-441a-b98a-de3b9340096c,completed,2023-03-06 20:43:42.066461,,
6ff8a52e-ee54-4cf1-823b-0a4200361a6d,completed,2023-03-06 20:43:42.066461,,
70024906-f0be-4e4e-81df-5ce516fddb40,completed,2023-03-06 20:43:42.066461,,
702bd5fd-b1ea-430a-9660-9ac453e5f8d8,completed,2023-03-06 20:43:42.066461,,
702bf6d2-bbd7-4ca9-bd59-151f3bd8141e,completed,2023-03-06 20:43:42.066461,,
702cd127-de2c-4bc6-af98-404b4a175078,completed,2023-03-06 20:43:42.066461,,
702e828e-0b53-4ef6-ad4b-0a3f5e6e325e,completed,2023-03-06 20:43:42.066461,,
70328f1a-2cbc-4f56-859c-70e3c84e71e7,completed,2023-03-06 20:43:42.066461,,
7033bb2c-875e-46df-9018-05ab398f3dd2,completed,2023-03-06 20:43:42.066461,,
7038e8b5-20d2-4f96-a350-434c937f665e,completed,2023-03-06 20:43:42.066461,X,
703c460d-ea17-4ffe-beca-2c6f7942400e,completed,2023-03-06 20:43:42.066461,,
70433c8b-59ec-4bf7-9457-56b85f95a515,completed,2023-03-06 20:43:42.066461,,
704bf5aa-f1c5-4e18-a894-dec192d89958,completed,2023-03-06 20:43:42.066461,,
704fdd91-094e-4524-919a-8b4335f156ec,completed,2023-03-06 20:43:42.066461,,
70502b7b-3bc3-4b83-9e7e-711158a85a68,completed,2023-03-06 20:43:42.066461,,
705e752a-20d0-4387-829d-7faaf7601f7c,completed,2023-03-06 20:43:42.066461,,
705f5962-41a1-4a29-aedd-d5b9ad245af9,completed,2023-03-06 20:43:42.066461,,
70656480-6109-474e-8543-4812e0607972,completed,2023-03-06 20:43:42.066461,,
706bcca8-bf33-47cf-9952-f2d5e882f9f8,completed,2023-03-06 20:43:42.066461,,
706f8ea6-d571-4a7d-aa48-453e5f7e451b,completed,2023-03-06 20:43:42.066461,,
707fd785-6b0d-4dbe-8392-55bb636ee091,completed,2023-03-06 20:43:42.066461,,
70816ffa-6d3d-453e-8bc4-a3705c30c4ee,completed,2023-03-06 20:43:42.066461,,
708d282c-607d-4989-a3b7-eb539e6f8857,completed,2023-03-06 20:43:42.066461,,
708e7885-d2f0-4832-a61c-8e0419a4f602,completed,2023-03-06 20:43:42.066461,,
708fe218-a927-4333-babe-e7877121ab76,completed,2023-03-06 20:43:42.066461,,
70944bcb-fa69-4815-8d2a-1fdc82a19190,completed,2023-03-06 20:43:42.066461,,
70949392-3ce0-49f6-9bab-0349219878a3,completed,2023-03-06 20:43:42.066461,,
70a747dd-5af8-44bb-82f6-f9adf9021e52,completed,2023-03-06 20:43:42.066461,,
70aa1e8a-6ba6-486a-8a92-7a006b7a719e,completed,2023-03-06 20:43:42.066461,,
70b6dfa2-1753-43f9-a51d-dc63bf79fa6b,completed,2023-03-06 20:43:42.066461,,
70b8b67a-208f-4be2-a1e8-717028ac38cb,completed,2023-03-06 20:43:42.066461,,
70ba6d37-483b-4e8e-be9e-051dccae025b,completed,2023-03-06 20:43:42.066461,,
70bd1fd2-0fc9-411d-b0c9-55fc9a6e7fee,completed,2023-03-06 20:43:42.066461,X,
70c1eae6-5ea6-4828-b7e9-e1412e7dbd18,completed,2023-03-06 20:43:42.066461,,
70c55ab8-cb24-4b47-8d8a-9d8a1a6ba57b,completed,2023-03-06 20:43:42.066461,,
70ce23fd-2336-4b2e-97b0-45d3e34472e6,completed,2023-03-06 20:43:42.066461,,
70cf1e3b-af71-4c99-86fb-101ff8c11a7e,completed,2023-03-06 20:43:42.066461,,X
70d1d482-a2b6-40c2-a858-fd47b985f7d6,completed,2023-03-06 20:43:42.066461,,
70e35642-5bc3-4ed6-9a64-da22c4ebcb95,completed,2023-03-06 20:43:42.066461,,
70e9f313-3dde-4c95-b0dd-de854f1156db,completed,2023-03-06 20:43:42.066461,,
70edc6bb-7a1e-42d5-887f-bfc8d17491d8,completed,2023-03-06 20:43:42.066461,,
70ee8c08-49c1-4123-81d3-91abdd61b9ff,completed,2023-03-06 20:43:42.066461,,
70f93704-29ec-46a4-bf60-888b3e0dfc09,completed,2023-03-06 20:43:42.066461,,
7104fafb-e6f4-42a9-8a66-e80d0519585a,completed,2023-03-06 20:43:42.066461,,
7107ec3b-5850-4cea-8c7f-87293c01cb71,completed,2023-03-06 20:43:42.066461,,
710d0b9b-fb82-4f72-894f-6c6cf9dba7d5,completed,2023-03-06 20:43:42.066461,,
71174988-dbbe-441c-9adf-72b8d124b4af,completed,2023-03-06 20:43:42.066461,,
7119f1ab-98bb-4b48-b682-b08403c98b22,completed,2023-03-06 20:43:42.066461,,
712374ad-cf94-4f31-8dad-cc28fb08ab77,completed,2023-03-06 20:43:42.066461,X,
713401b8-cbc0-4b3f-b4dd-05c810a783f5,completed,2023-03-06 20:43:42.066461,,
71424bdb-d1de-4ef3-9708-03086c535b5f,completed,2023-03-06 20:43:42.066461,,
71491a61-4e90-484e-911b-af3d168e6309,completed,2023-03-06 20:43:42.066461,,
714aef85-dc3b-4de8-ad9a-a7f4ca2e3a41,completed,2023-03-06 20:43:42.066461,,
71663294-c353-4a79-bc0f-0fef560f9c43,completed,2023-03-06 20:43:42.066461,,
716cc1b7-0d04-4ea0-840a-c6a26fe633fb,completed,2023-03-06 20:43:42.066461,,
717a573f-dde4-4f88-9206-55e0ecb7bc78,completed,2023-03-06 20:43:42.066461,,
718b47d2-3382-4a8a-9846-ce9ef8a395ef,completed,2023-03-06 20:43:42.066461,,
718f18b3-c3e1-462b-a486-c205b9702414,completed,2023-03-06 20:43:42.066461,,
719a33dd-e380-4b0f-a1fb-3ed8f67ab1ff,completed,2023-03-06 20:43:42.066461,,
71a0563b-0f54-4f38-91be-f237430b18c4,completed,2023-03-06 20:43:42.066461,X,
71a54d6b-cf43-459d-a56f-974e1965ca33,completed,2023-03-06 20:43:42.066461,,
71ad11d7-4a5e-477f-bb02-9aae43c7630b,completed,2023-03-06 20:43:42.066461,,
71b92e17-34c2-4916-938b-86c773b283e1,completed,2023-03-06 20:43:42.066461,,
71bdd3e1-1a38-407a-8b19-b0777d53c048,completed,2023-03-06 20:43:42.066461,,
71c053fe-ef3b-4515-afa6-62db44da4c78,completed,2023-03-06 20:43:42.066461,,
71c4da26-7590-45a7-aee6-824634f4a57a,completed,2023-03-06 20:43:42.066461,,
71c70a0d-43dc-4436-a4ce-55a6a6edf785,completed,2023-03-06 20:43:42.066461,,
71c7181f-25b4-4061-aec2-4d98d023b8b6,completed,2023-03-06 20:43:42.066461,,
71d1f2c2-a98a-4335-9dd9-2cda5e12a35e,completed,2023-03-06 20:43:42.066461,,
71d39609-e825-4970-a94e-561ab90b5615,completed,2023-03-06 20:43:42.066461,,
71e775e9-e87f-4c63-9591-82e13d32e6bb,completed,2023-03-06 20:43:42.066461,,
71eafbc5-79a1-4f9f-aaa5-74b10f0d4105,completed,2023-03-06 20:43:42.066461,,
71f1902a-8cb5-4cbf-8e9f-9ac9b0391a5b,completed,2023-03-06 20:43:42.066461,,
71f4d0fe-5aaa-414e-82a3-26f7f3eae4cf,completed,2023-03-06 20:43:42.066461,,
71fd7737-4b1b-423b-a1df-30fafaa54517,completed,2023-03-06 20:43:42.066461,,
71ff5742-98e2-4391-8762-f1847f963496,completed,2023-03-06 20:43:42.066461,,
71ff9200-f372-4980-9dfc-41c5552a90b0,completed,2023-03-06 20:43:42.066461,,
72009bbf-dd3a-402e-9619-6260a9d81b09,completed,2023-03-06 20:43:42.066461,,
7206e242-4f58-4585-a36a-4922a56f97d5,completed,2023-03-06 20:43:42.066461,,
72135d1b-6206-45c3-9d5d-efff9c2a6d76,completed,2023-03-06 20:43:42.066461,,
72198fb9-b4f4-48ee-b6ad-45015b8331db,completed,2023-03-06 20:43:42.066461,,
7219e074-6ad0-480e-8e73-49fc21039059,completed,2023-03-06 20:43:42.066461,,
721e7b94-c38f-494c-a520-6899e0536d61,completed,2023-03-06 20:43:42.066461,,
72254a7b-75b9-461c-b280-41aadd8899bd,completed,2023-03-06 20:43:42.066461,,
722b4f24-7a20-4589-9990-949526bd3dcc,completed,2023-03-06 20:43:42.066461,,
722f3153-37b2-4efc-bfdf-24468708c765,completed,2023-03-06 20:43:42.066461,,
7231e72c-683f-4cbe-b5d1-fd7f4b07dce8,completed,2023-03-06 20:43:42.066461,,
7236b782-99a8-4f3e-b955-80213a9361b8,completed,2023-03-06 20:43:42.066461,,
72410025-503a-46bb-8f7c-b12b08124ecc,completed,2023-03-06 20:43:42.066461,,
72426018-348d-47b0-a909-c729fe210c6d,completed,2023-03-06 20:43:42.066461,,
7242b928-bdfb-46e7-8c05-fe229e76fa7f,completed,2023-03-06 20:43:42.066461,,
724336ae-c65a-4acf-acb6-364354439222,completed,2023-03-06 20:43:42.066461,,
7243e4c1-c80c-438d-a2a4-62a7d5dab5e9,completed,2023-03-06 20:43:42.066461,,
72452e92-b336-44aa-b56d-1e9de191a02d,completed,2023-03-06 20:43:42.066461,,
724c8512-db3b-4399-abcc-7f4a9a1b2105,completed,2023-03-06 20:43:42.066461,,
724e9227-2b8e-409a-b08f-c5249efa679c,completed,2023-03-06 20:43:42.066461,,
72579196-98d2-4761-bf8a-f4caec66c367,completed,2023-03-06 20:43:42.066461,,
72584f0c-5e3a-46d4-91f2-b82f4da74cd6,completed,2023-03-06 20:43:42.066461,,
7258ad22-dcee-4317-bf2b-cf92eca6fe30,completed,2023-03-06 20:43:42.066461,,
725904ad-996b-4b9f-be56-0406e12f2624,completed,2023-03-06 20:43:42.066461,,
725a42fe-ff04-4ab0-9663-10c03a7fa822,completed,2023-03-06 20:43:42.066461,,
7277d8d1-db58-4431-873c-6c1721878bf7,completed,2023-03-06 20:43:42.066461,,
727ec716-8f59-4c51-be8c-22987abe929a,completed,2023-03-06 20:43:42.066461,,
72804f8c-8187-49dc-80fe-4126a74cfabc,completed,2023-03-06 20:43:42.066461,,
7281c850-b3ea-4506-9034-b0315276b93e,completed,2023-03-06 20:43:42.066461,,
72878722-ccda-4adb-8201-1fd7d5e0d555,completed,2023-03-06 20:43:42.066461,,
728ad394-8b80-458b-8d3b-993387c950f7,completed,2023-03-06 20:43:42.066461,,
72948633-f5d5-4973-9859-e48a9a8b01ac,completed,2023-03-06 20:43:42.066461,,
7297e8bc-b68b-4c5f-949d-93827cad5292,completed,2023-03-06 20:43:42.066461,,
729e88f5-5400-489d-b347-aecc0b1f13f0,completed,2023-03-06 20:43:42.066461,,
72a2f9b2-e5f1-4f05-aa5d-9415dec2f0f3,completed,2023-03-06 20:43:42.066461,,
72aa60d4-b833-4bec-978e-ea996e5e5e16,completed,2023-03-06 20:43:42.066461,,
72b1245b-8e1d-4269-9f6a-918f80f7e5f2,completed,2023-03-06 20:43:42.066461,,
72b541ef-6a06-4b8b-a1fd-f4ebe886cc68,completed,2023-03-06 20:43:42.066461,,
72c205d6-9317-42b3-9362-253e60263f13,completed,2023-03-06 20:43:42.066461,,
72c76dad-90d8-42df-a88c-263c44ce0407,completed,2023-03-06 20:43:42.066461,,
72cb861e-8f28-4b71-9bdc-012185c9883d,completed,2023-03-06 20:43:42.066461,,
72df69a1-d9b4-41db-a8dc-05592406b35f,completed,2023-03-06 20:43:42.066461,,
72e651b8-02f8-4732-ab39-6a08ae24c6b1,completed,2023-03-06 20:43:42.066461,,
72e7297a-6896-453b-ad15-6670a401ea75,completed,2023-03-06 20:43:42.066461,,
72e899b8-b667-45ae-9fac-c47ece49d034,completed,2023-03-06 20:43:42.066461,,
72e8fd2d-9f91-4a4b-8bc6-ca66499ceda2,completed,2023-03-06 20:43:42.066461,,
72f62fdc-daf0-4363-8d9a-ba7f43fa456a,completed,2023-03-06 20:43:42.066461,,
72f83069-d655-43d5-b10f-99acebd02185,completed,2023-03-06 20:43:42.066461,,
73094580-a630-4550-86ce-ced4668e914b,completed,2023-03-06 20:43:42.066461,,
730f9890-03e1-4c00-909b-154449a349f2,completed,2023-03-06 20:43:42.066461,,
7318a40b-d42e-4476-8b36-d7770504a203,completed,2023-03-06 20:43:42.066461,,
731b6e88-7e24-41fc-9157-5ff454606fd8,completed,2023-03-06 20:43:42.066461,,
731c8d19-23cb-4b81-bf12-a679b85d8a93,completed,2023-03-06 20:43:42.066461,,
732152cf-636f-4076-9580-2f531cf1bd3c,completed,2023-03-06 20:43:42.066461,,
73374703-8745-47d0-ba13-5adcc05be54c,completed,2023-03-06 20:43:42.066461,,
7339880d-e16c-4aa8-a3c5-4d90ef5cfb23,completed,2023-03-06 20:43:42.066461,,
733bcf43-44a4-4222-88bd-82f743aa2a55,completed,2023-03-06 20:43:42.066461,,
7340b3dd-9985-4ef2-95b3-e43326621af7,completed,2023-03-06 20:43:42.066461,,
7345b351-133b-4815-a06f-a5ea3a4d22c1,completed,2023-03-06 20:43:42.066461,,
734ade9b-70d4-44c4-ae43-6c36d84eb36a,completed,2023-03-06 20:43:42.066461,,
7353c93a-41e0-4301-882a-cb8183293e4d,completed,2023-03-06 20:43:42.066461,,
7356e146-9e8a-4d74-87db-c2b4e17ffdee,completed,2023-03-06 20:43:42.066461,,
736df293-1b23-4780-8a9d-658ccf3bb555,completed,2023-03-06 20:43:42.066461,,
73841550-a988-4bc0-ae0f-a26d18ffc674,completed,2023-03-06 20:43:42.066461,,
73868042-f40a-4e42-b211-ac5785ee3d87,completed,2023-03-06 20:43:42.066461,,
738b3d6e-36a4-4861-9012-bea2e6dc1e53,completed,2023-03-06 20:43:42.066461,,
738c97f5-6321-4427-b491-4df36b890e31,completed,2023-03-06 20:43:42.066461,,
738cf3a1-ecd7-4338-8d22-8443ec705ce0,completed,2023-03-06 20:43:42.066461,,
738f501a-e523-4ef4-9ad8-d329545bab63,completed,2023-03-06 20:43:42.066461,,
7392e220-cc98-49fa-ab19-f4665e69cf19,completed,2023-03-06 20:43:42.066461,,
73937621-85f3-4920-94d7-bdc0d0d5fd6d,completed,2023-03-06 20:43:42.066461,,
73975ed9-c0bd-4df1-9808-d582e29bd7f2,completed,2023-03-06 20:43:42.066461,,
739d4066-1f2b-4b54-8d17-7895417e6640,completed,2023-03-06 20:43:42.066461,,
73a25a31-b76e-4bfa-95d7-e0ff5dfdc280,completed,2023-03-06 20:43:42.066461,,
73a7cba8-308d-4e80-b039-33fb6244ab4e,completed,2023-03-06 20:43:42.066461,,
73aac7b7-ac06-4222-acd8-2bc1fcd78592,completed,2023-03-06 20:43:42.066461,,
73b54f0b-cf05-4ac9-bfb0-1a0a15877915,completed,2023-03-06 20:43:42.066461,,
73b62c5a-9910-480e-bdea-45b69a06b555,completed,2023-03-06 20:43:42.066461,,
73bab450-5797-4203-8b83-6c05092c3e15,completed,2023-03-06 20:43:42.066461,,
73c04952-8d89-44f8-b48d-ee26462e75c9,completed,2023-03-06 20:43:42.066461,,
73c50a07-05d1-4374-b5c8-fa625d2370b2,completed,2023-03-06 20:43:42.066461,,
73d23620-ae0c-4854-9045-6b6e0b64b1cc,completed,2023-03-06 20:43:42.066461,,
73db0d2f-e6d9-4b6e-8ca8-8f2a9159da6a,completed,2023-03-06 20:43:42.066461,,
73e057bc-2bde-4045-8502-dc011ce38629,completed,2023-03-06 20:43:42.066461,,
73e3b1a4-7b30-48a7-bc81-6ae37e032a2f,completed,2023-03-06 20:43:42.066461,,
73e44b81-fe17-4dcf-a250-397b5e1cd657,completed,2023-03-06 20:43:42.066461,,
73eefe98-8032-46d6-8cc5-e6384ada1d4d,completed,2023-03-06 20:43:42.066461,,
73f173e7-1cd3-4445-ac93-ac326feadaeb,completed,2023-03-06 20:43:42.066461,,
73faa608-e78b-43a9-83e5-408f8e81af4c,completed,2023-03-06 20:43:42.066461,,
740be94b-bfc2-4786-a18e-72ece28f2698,completed,2023-03-06 20:43:42.066461,,
74207298-dc1f-422e-bee1-957be54677a0,completed,2023-03-06 20:43:42.066461,,
744b2ebd-3b68-49a4-a51c-640b158fda3b,completed,2023-03-06 20:43:42.066461,,
744b9ea0-c2b5-4939-87af-8678c938b358,completed,2023-03-06 20:43:42.066461,,
7451d9b1-1a0d-4c4f-b837-f1b60274cad6,completed,2023-03-06 20:43:42.066461,,
745658d0-21b9-4243-bdd3-680c8b7fa94f,completed,2023-03-06 20:43:42.066461,,
7460b1f6-85c0-4ba4-bf0a-f9a2b80560d6,completed,2023-03-06 20:43:42.066461,,
7460c937-7c25-4608-9cb8-c92798941b48,completed,2023-03-06 20:43:42.066461,,
7468b53d-485c-4551-9a32-5d0c363e8ace,completed,2023-03-06 20:43:42.066461,,
746ddf00-483f-4143-9f8b-2962491be1c4,completed,2023-03-06 20:43:42.066461,,
74702b21-8044-41a7-8901-777bcedfd09d,completed,2023-03-06 20:43:42.066461,,
74737280-5555-4517-a4d9-20b6430db0d5,completed,2023-03-06 20:43:42.066461,,
747828ce-b1bf-4dc1-aa7f-f1029db0fc9b,completed,2023-03-06 20:43:42.066461,,
747a0b8c-0535-4ed2-a2c4-796f95a4d3e8,completed,2023-03-06 20:43:42.066461,,
7480ff1e-c43b-4dca-b052-b66e12fdc910,completed,2023-03-06 20:43:42.066461,,
7482c137-eb96-444c-bcfb-2a321c018281,completed,2023-03-06 20:43:42.066461,,X
7483c969-d619-41b8-a98c-3744762d4710,completed,2023-03-06 20:43:42.066461,,
74866787-aa7b-4d6f-af6c-f098f99c11c2,completed,2023-03-06 20:43:42.066461,,
748be523-5515-4f84-8400-d31934bc3b39,completed,2023-03-06 20:43:42.066461,,
748beae5-6c3a-4fb9-95d2-5954ce401b4c,completed,2023-03-06 20:43:42.066461,,
748fc17a-b968-4d1a-bd82-e0c202a517ac,completed,2023-03-06 20:43:42.066461,,
7490443d-8aa9-47a7-bb3b-9a1ccafa04d3,completed,2023-03-06 20:43:42.066461,,
74923946-85a0-4927-9a0b-2da30c50bd1a,completed,2023-03-06 20:43:42.066461,,
74b20514-db96-4567-8750-47c4419550cb,completed,2023-03-06 20:43:42.066461,,
74b31a0d-6496-4ed0-9131-e7eadb5d8b18,completed,2023-03-06 20:43:42.066461,,
74b7cbce-1d90-4f4d-bc2a-1aec7a14f9ca,completed,2023-03-06 20:43:42.066461,,
74bffa9b-7678-44b9-bcc4-4d9ca8d749e6,completed,2023-03-06 20:43:42.066461,,
74dfa5ce-ec43-4b4b-81b0-653b90b5ef96,completed,2023-03-06 20:43:42.066461,,
74ecf6a5-5211-4393-930d-d3ee284f41f9,completed,2023-03-06 20:43:42.066461,,
74ede735-402d-4df4-b656-b8645f4e07b4,completed,2023-03-06 20:43:42.066461,,
74f7d463-9026-42ac-aa9f-35ab5d76f552,completed,2023-03-06 20:43:42.066461,,
74fbd56d-b0de-49f5-bf08-f05cd24014ca,completed,2023-03-06 20:43:42.066461,,
751c90ab-ffe3-435b-af63-0eed013a374a,completed,2023-03-06 20:43:42.066461,,
75257f79-9b07-4315-88cb-0490a7e91a95,completed,2023-03-06 20:43:42.066461,,
75268c15-6d6f-417c-b16a-85c940b4e8de,completed,2023-03-06 20:43:42.066461,,
75276541-18b4-41a2-8559-f89e996900fe,completed,2023-03-06 20:43:42.066461,,
7528b17c-d996-4c69-a869-ea63c8f1a321,completed,2023-03-06 20:43:42.066461,,
75428076-22b3-466d-acdb-9ef6123e78c4,completed,2023-03-06 20:43:42.066461,,
7544a5a4-a49f-4e73-b4b6-ad6ac5263a92,completed,2023-03-06 20:43:42.066461,,
75465de0-1cd3-412d-95ff-128ea5214e1b,completed,2023-03-06 20:43:42.066461,,
754e17ec-5142-4951-aca7-786dec73e3f0,completed,2023-03-06 20:43:42.066461,,
75538218-e26c-4c53-8a32-647f61ca699b,completed,2023-03-06 20:43:42.066461,,
7553ed9a-cbc9-4672-a0fd-4010a9b4f7dc,completed,2023-03-06 20:43:42.066461,,
7555a04f-65f6-411d-bdb6-888c5048049b,completed,2023-03-06 20:43:42.066461,,
7563d8d8-0ea4-4fc8-b874-ba255d6b1c9a,completed,2023-03-06 20:43:42.066461,,
756c25bc-b153-49f5-a127-3758b7881c4e,completed,2023-03-06 20:43:42.066461,,
7579d06b-87ea-4bc2-b021-8890e1d5db17,completed,2023-03-06 20:43:42.066461,,
758289b9-5b87-4e49-89c8-8ad91f1a0602,completed,2023-03-06 20:43:42.066461,,
7583b101-e642-42d7-ab55-0d70d3954d6d,completed,2023-03-06 20:43:42.066461,,
758b7ba3-d77f-42dc-9951-7fbcb161697c,completed,2023-03-06 20:43:42.066461,X,
758d6896-1129-4d0e-b50a-1554e410ab28,completed,2023-03-06 20:43:42.066461,,
7593e3a3-d4a7-41bf-b210-7932228dee94,completed,2023-03-06 20:43:42.066461,,
759c4701-c978-4aee-92ec-af8e6e197e93,completed,2023-03-06 20:43:42.066461,,
759e6840-df12-47f8-8414-5adfac897c40,completed,2023-03-06 20:43:42.066461,,
75a0383e-b48e-4690-a466-4d54b2b4a0bf,completed,2023-03-06 20:43:42.066461,,
75a06b50-4c41-490a-81c8-7eff0aba7535,completed,2023-03-06 20:43:42.066461,,
75b8fce0-848c-46ac-bdd0-d32065f83ee8,completed,2023-03-06 20:43:42.066461,,
75bbb9e8-4235-40d7-a90e-956ce46c4b81,completed,2023-03-06 20:43:42.066461,,
75c0330a-2c0f-46d5-bc99-75fa20004672,completed,2023-03-06 20:43:42.066461,,
75c24b9b-e475-4c94-8ba8-28218d6ad37c,completed,2023-03-06 20:43:42.066461,,
75cfd096-3cef-418b-ae5d-1ba38f093153,completed,2023-03-06 20:43:42.066461,,
75d73ec6-0823-4250-912c-c5846c658f91,completed,2023-03-06 20:43:42.066461,,
75d93580-8521-4b67-b298-c175430fdf49,completed,2023-03-06 20:43:42.066461,,
75d99266-d3a1-4b7a-95ce-0876366a65fb,completed,2023-03-06 20:43:42.066461,X,
75e0b914-13a3-4446-a159-5ab6eacf2401,completed,2023-03-06 20:43:42.066461,,
75e9ee90-2f53-4572-a9d7-89b4a9fdfd56,completed,2023-03-06 20:43:42.066461,,
75f5b7ea-68a6-4762-b748-20a4d62470ff,completed,2023-03-06 20:43:42.066461,,
75fa229f-d20f-4efb-88cd-dd6c914144fd,completed,2023-03-06 20:43:42.066461,,
75fa8113-3e4d-4fcd-b91c-504260d996cb,completed,2023-03-06 20:43:42.066461,,
75fa8457-dca8-4654-9ca5-def8a2503172,completed,2023-03-06 20:43:42.066461,,
762234ff-88a4-4f48-aec8-9f102a1545e1,completed,2023-03-06 20:43:42.066461,,
762714d2-17b4-4150-9619-b8c3294d6d76,completed,2023-03-06 20:43:42.066461,,
7630eb1a-6b90-4111-b850-d86ea494e76c,completed,2023-03-06 20:43:42.066461,,
7632345d-8211-485b-9b04-d6961e043c9f,completed,2023-03-06 20:43:42.066461,,
7633a806-a289-42fd-abc1-41a81188ef7c,completed,2023-03-06 20:43:42.066461,,
7650a1a0-e255-49b2-abe4-4643952cb921,completed,2023-03-06 20:43:42.066461,,
76518bbe-80b8-40a4-80c8-8e3c2d8f7872,completed,2023-03-06 20:43:42.066461,,
76526bf6-5b2b-4fc1-b94d-66aa92834d1a,completed,2023-03-06 20:43:42.066461,,
765d4f41-7ae9-4b86-a105-440a717be01d,completed,2023-03-06 20:43:42.066461,,
765fdc5d-3fba-4cbb-9768-fd4e8f0d111d,completed,2023-03-06 20:43:42.066461,,
76628ac2-8f34-4a5e-8a68-4b8c5f99ebb4,completed,2023-03-06 20:43:42.066461,,
766be7c3-7825-4ad2-8505-c9eb6a6ecd9b,completed,2023-03-06 20:43:42.066461,,
766edccc-c850-4f25-a228-a48fe7b96d20,completed,2023-03-06 20:43:42.066461,,
7671784f-28a6-4ac4-846d-16808c81ebb4,completed,2023-03-06 20:43:42.066461,,
7674b33e-b2bc-4f97-b5ce-d8084b2a82d5,completed,2023-03-06 20:43:42.066461,,
767a1af6-63a1-45a4-b4f8-874d797e0916,completed,2023-03-06 20:43:42.066461,,
76806bcb-79ec-49be-b1c0-d5c853d3a4e8,completed,2023-03-06 20:43:42.066461,,
768555ed-4ce3-43c7-aee3-25418f0a7ade,completed,2023-03-06 20:43:42.066461,,
768d99cc-dca3-4644-8c7b-1c4a4fe34976,completed,2023-03-06 20:43:42.066461,,
768dee24-b370-488e-8da7-8778552be52a,completed,2023-03-06 20:43:42.066461,,
7699d7b6-6ecd-4478-aa0c-4e8dafcdd28c,completed,2023-03-06 20:43:42.066461,,
769a5664-9009-41f0-9d74-df908acf45fe,completed,2023-03-06 20:43:42.066461,,
76a53e5d-513d-40c0-bb55-bff8a64faae4,completed,2023-03-06 20:43:42.066461,,
76a8e348-2980-4eb7-a72f-f23774a884fe,completed,2023-03-06 20:43:42.066461,,
76acfdd4-4085-4677-93c7-2765c7853013,completed,2023-03-06 20:43:42.066461,,
76b9a317-8925-4f48-bafa-540555235da7,completed,2023-03-06 20:43:42.066461,,
76bc36d1-7499-4189-a315-b01dfedd92a7,completed,2023-03-06 20:43:42.066461,,
76bdebd3-43f5-4d7e-899a-2b229d165ba4,completed,2023-03-06 20:43:42.066461,,
76c0ebc9-80a8-44b9-85af-ede5abca7a25,completed,2023-03-06 20:43:42.066461,,
76c5f3ea-b3d2-4b39-be2b-1112664d054b,completed,2023-03-06 20:43:42.066461,,
76ca3772-d95a-49f8-b6ae-f6b57bf7ad2d,completed,2023-03-06 20:43:42.066461,,
76cedd1e-ce9e-4362-b734-eeae5f7ed14f,completed,2023-03-06 20:43:42.066461,,
76d06ddb-d770-449c-ae0e-914f188ad856,completed,2023-03-06 20:43:42.066461,,
76da5194-997a-47a6-a16f-c691002f44dd,completed,2023-03-06 20:43:42.066461,,
76dfa852-4a97-438c-b8be-e39d872cec06,completed,2023-03-06 20:43:42.066461,,
76e53255-7d72-42d3-906c-7873e9e4f9c8,completed,2023-03-06 20:43:42.066461,,
76e5924f-a879-4be1-9294-0b1b7677d6c3,completed,2023-03-06 20:43:42.066461,,
76e6fd63-cfb4-40c0-9f83-1e5ec4a6422b,completed,2023-03-06 20:43:42.066461,,
76e73e3a-e5aa-4653-8ae5-a9e0c485f8bd,completed,2023-03-06 20:43:42.066461,,
76f19fd1-53ea-4fb5-a388-9bc894fde137,completed,2023-03-06 20:43:42.066461,,
76f9108f-d936-4191-b52b-e35687e41d57,completed,2023-03-06 20:43:42.066461,,
76fb4002-0bab-4e34-a764-06f328b5871d,completed,2023-03-06 20:43:42.066461,,
76fcca73-728e-4af4-909c-67395981974d,completed,2023-03-06 20:43:42.066461,,
76fee455-cfc8-43b0-8127-cec4bc439fb9,completed,2023-03-06 20:43:42.066461,,
77014eda-6808-464e-8c8f-0b962ca1d44d,completed,2023-03-06 20:43:42.066461,,
770f9636-45e5-46b9-b6fb-b2fcf748e75d,completed,2023-03-06 20:43:42.066461,,
77304925-b74d-4816-a52f-0480bb58187a,completed,2023-03-06 20:43:42.066461,,
77363fd9-9708-4824-88e6-b0f9de9d7f73,completed,2023-03-06 20:43:42.066461,,
77402d77-e32a-434c-99d1-4ae0be62a9cc,completed,2023-03-06 20:43:42.066461,,
7746b7b8-6968-4d7b-a6f3-f9b45040e95e,completed,2023-03-06 20:43:42.066461,,
77472932-86ec-4482-a0d5-38df9badfbc7,completed,2023-03-06 20:43:42.066461,,
774a9436-a9be-4cbb-afff-f6792404ca85,completed,2023-03-06 20:43:42.066461,,
77601ac1-4784-4c3e-951f-a7180de1e316,completed,2023-03-06 20:43:42.066461,,
7760f2bd-b61b-4407-9850-355fbfb1e83f,completed,2023-03-06 20:43:42.066461,,
7761b2b6-7d19-40f8-898c-eeae39c41eb8,completed,2023-03-06 20:43:42.066461,X,
77679866-5e37-4950-9053-6cf7cfde87de,completed,2023-03-06 20:43:42.066461,,
776809b5-9cda-4612-8112-c6d44b8e0910,completed,2023-03-06 20:43:42.066461,,
776a15bc-1ba1-438a-b938-2bc22ddb1d9d,completed,2023-03-06 20:43:42.066461,,
776acfb8-8e32-40af-8ffb-7f7956f1d326,completed,2023-03-06 20:43:42.066461,,
776d0503-47ab-4ac3-b55a-34d661798ae5,completed,2023-03-06 20:43:42.066461,,
776ee2ea-a407-459c-901f-e567bb8ab161,completed,2023-03-06 20:43:42.066461,,
776f028d-ad5f-485d-b13c-8eb1f0d255b6,completed,2023-03-06 20:43:42.066461,,
7774b84d-3be1-4c3a-992e-dfdb0eb992bb,completed,2023-03-06 20:43:42.066461,,
7790e921-ce73-4963-abf2-cbb1edee59f0,completed,2023-03-06 20:43:42.066461,,
77928740-20f2-4c09-abfc-ba2536d445f1,completed,2023-03-06 20:43:42.066461,,
7797be08-107d-49b6-9f4a-67da4158e7d7,completed,2023-03-06 20:43:42.066461,,
779a88a3-4ecb-4521-86c6-e3034ad4f06d,completed,2023-03-06 20:43:42.066461,,
77a499d4-bf4f-454c-b27a-4aa3c14429f9,completed,2023-03-06 20:43:42.066461,,
77a55309-ab8a-4af5-9d21-426456533e65,completed,2023-03-06 20:43:42.066461,,
77a5d9c5-c102-4203-97e7-eb972ab6d99a,completed,2023-03-06 20:43:42.066461,,
77ad60cb-2d2b-4e97-9288-f5dea28c767a,completed,2023-03-06 20:43:42.066461,,
77b51ec3-44d3-4e28-ae26-a0bd4e375d17,completed,2023-03-06 20:43:42.066461,,
77c29604-1176-41bd-addc-a738860bf1f4,completed,2023-03-06 20:43:42.066461,,
77c2963b-675f-41d5-9b87-60217f17c64e,completed,2023-03-06 20:43:42.066461,,
77c9f67e-a965-4893-a816-382f8851832f,completed,2023-03-06 20:43:42.066461,,
77cf2189-6932-4876-a36c-a9a85f0af27a,completed,2023-03-06 20:43:42.066461,,
77d2302e-4798-4e78-8977-aea0fb597aa3,completed,2023-03-06 20:43:42.066461,,
77d2abd6-61f4-42e0-86ee-7e53b3bcc461,completed,2023-03-06 20:43:42.066461,,
77d5da84-c8e7-4c60-a946-df35a17987df,completed,2023-03-06 20:43:42.066461,,
77d6068e-7991-4fa9-9ec0-825bca8f9562,completed,2023-03-06 20:43:42.066461,,
77e5420a-4c6e-4364-b84f-bfbdee8fc8f8,completed,2023-03-06 20:43:42.066461,,
77e7fdc0-ff5e-4e33-98b0-546a3c4ceeb1,completed,2023-03-06 20:43:42.066461,,
77eb449f-b0db-40f0-939d-1b3e322fc41c,completed,2023-03-06 20:43:42.066461,,
77fde5b2-053c-4d9e-bfac-57383e18990d,completed,2023-03-06 20:43:42.066461,,
77ff322d-cb08-4bc5-b2ca-0cf2d5df5624,completed,2023-03-06 20:43:42.066461,,
78050c29-f160-4140-a82a-33a068f36423,completed,2023-03-06 20:43:42.066461,,
7808f02b-0dd5-433d-8f74-97de94f7e84d,completed,2023-03-06 20:43:42.066461,,
78177682-d98b-4b20-a711-387a3821a184,completed,2023-03-06 20:43:42.066461,,
7819ee4e-92ae-4d15-af87-9d3506f1b5ca,completed,2023-03-06 20:43:42.066461,,
781f3277-5524-41c9-9ee4-31717872e2d3,completed,2023-03-06 20:43:42.066461,,
7820322f-cf0e-4a0e-9fa6-260f7ef1af44,completed,2023-03-06 20:43:42.066461,,
78291744-bc10-4e81-98e3-a1aaefc07234,completed,2023-03-06 20:43:42.066461,,
782c2d05-e35e-415c-bebd-23ce7026b1ff,completed,2023-03-06 20:43:42.066461,,
782d3d34-300b-4123-b140-cba0158fd0ea,completed,2023-03-06 20:43:42.066461,,
7834eed4-e87a-4187-af17-f4d5e625c96c,completed,2023-03-06 20:43:42.066461,,
783dd065-b2d9-4e46-8e32-6a2e1d4a0c20,completed,2023-03-06 20:43:42.066461,,
783f20d6-2566-4e8c-9eb1-211a4db4d572,completed,2023-03-06 20:43:42.066461,,
784d73dc-3915-42aa-9d00-9b88edce4209,completed,2023-03-06 20:43:42.066461,,
78519b79-e99d-416b-b570-8e786fcb62f1,completed,2023-03-06 20:43:42.066461,,
785532c0-8ce5-4156-a609-94468333a663,completed,2023-03-06 20:43:42.066461,,
785b8ace-84b0-4552-b07d-00c4aa31dffa,completed,2023-03-06 20:43:42.066461,,
785e14d9-b48c-492c-a18c-50b3a9a1731d,completed,2023-03-06 20:43:42.066461,,
7863821e-45f3-43c9-b672-a1a739bbd409,completed,2023-03-06 20:43:42.066461,,
78641a66-c58e-486a-8afa-fcce6c0ef31d,completed,2023-03-06 20:43:42.066461,,
78653ed3-fa04-4d52-936e-d01361ee5fa5,completed,2023-03-06 20:43:42.066461,,
786e34d0-931f-4d3d-b641-d4fadbfe249e,completed,2023-03-06 20:43:42.066461,,
78708be8-b63c-414b-99a5-54fe4615bd5a,completed,2023-03-06 20:43:42.066461,,
7873dbe6-5d5d-4875-b261-4f2d502f9595,completed,2023-03-06 20:43:42.066461,,
7876fcd8-774e-4650-866f-4020af4e0672,completed,2023-03-06 20:43:42.066461,,
78800730-ae33-426d-a87f-b159b53cd974,completed,2023-03-06 20:43:42.066461,,
788afde8-beae-42c2-916a-e7e8638d4716,completed,2023-03-06 20:43:42.066461,,
7891f331-1ba7-4f9f-a805-59be6dc45590,completed,2023-03-06 20:43:42.066461,,
78ab1c15-9d1d-430e-9e47-7addd3bc3213,completed,2023-03-06 20:43:42.066461,,
78ae999b-4640-4cbe-ae11-639c3594ebb5,completed,2023-03-06 20:43:42.066461,,
78b00474-ec8c-407e-90cf-d71248abca45,completed,2023-03-06 20:43:42.066461,,
78b0ced1-a106-49aa-a4e5-c2b2c39ea8ac,completed,2023-03-06 20:43:42.066461,,
78b6be9b-5dad-4f92-aba3-028efda43c06,completed,2023-03-06 20:43:42.066461,,
78c9411f-0c44-40fb-a642-dd3aa2968dec,completed,2023-03-06 20:43:42.066461,,
78cfa8c3-51d5-4361-abca-1aeb563284b0,completed,2023-03-06 20:43:42.066461,,
78d35744-b70e-444b-aef8-9993f591ccd6,completed,2023-03-06 20:43:42.066461,,
78daedb9-09dc-4c3a-a5ff-fa39a06d91cf,completed,2023-03-06 20:43:42.066461,,
78db897e-b0d0-4044-981a-5026e8199b89,completed,2023-03-06 20:43:42.066461,,
78dd9211-76ff-405b-b857-3dd26fbaa1b1,completed,2023-03-06 20:43:42.066461,,
78df6d58-eeb1-4ac2-9a32-dc40aaf315ad,completed,2023-03-06 20:43:42.066461,,
78ee3d93-de52-466e-bbe7-7554a752fb34,completed,2023-03-06 20:43:42.066461,,
78f02afb-174b-4bba-83cb-a526adee9cd3,completed,2023-03-06 20:43:42.066461,,
78f4f11d-60fc-446f-ab45-012cb5a02e28,completed,2023-03-06 20:43:42.066461,,
78f8bc58-1152-493b-924a-9b8b7bc1c816,completed,2023-03-06 20:43:42.066461,,
7902b998-aac7-495c-a1dd-7688f6618bb2,completed,2023-03-06 20:43:42.066461,,
790cef7e-59e7-409c-8659-196129007622,completed,2023-03-06 20:43:42.066461,,
791b6e4d-b292-4fff-acf9-89d70fed588e,completed,2023-03-06 20:43:42.066461,,
79204248-58b5-47cc-b8d0-6f11179f57be,completed,2023-03-06 20:43:42.066461,,
7922eaeb-37cc-4694-962e-5e8d3a7c57ce,completed,2023-03-06 20:43:42.066461,,
79324bb2-7b05-4600-8a00-c62689f96a31,completed,2023-03-06 20:43:42.066461,,
7933cf59-0483-4013-b7b9-5ceadae09cdf,completed,2023-03-06 20:43:42.066461,,
79357939-e30b-497b-ba83-fc6adcef6102,completed,2023-03-06 20:43:42.066461,,
7936c6c4-65c9-4af7-8e7a-3bb901670169,completed,2023-03-06 20:43:42.066461,,
793961d0-9f0b-48d5-8a9a-318a0eececbe,completed,2023-03-06 20:43:42.066461,,
79399e67-d936-4168-88bc-19570dcba1f4,completed,2023-03-06 20:43:42.066461,,
793a1292-1016-4540-961b-60f1ea9f1fb0,completed,2023-03-06 20:43:42.066461,,
79439e3d-6d9a-4a19-9f75-a386d5cd3e65,completed,2023-03-06 20:43:42.066461,,
794ae365-90fd-45ec-9ca0-58e68f720676,completed,2023-03-06 20:43:42.066461,,
794d18bd-6f62-46ac-aa76-1034c18cc72d,completed,2023-03-06 20:43:42.066461,,
794d9109-e1b8-4fd0-865c-d8537a2e6542,completed,2023-03-06 20:43:42.066461,,
795413b3-1475-4a91-8c5a-f0fb4c69db0e,completed,2023-03-06 20:43:42.066461,,
7957bf60-0321-44c4-b5e9-2ab20988f927,completed,2023-03-06 20:43:42.066461,,
795fd97b-63ec-486f-ace8-67ec707c8511,completed,2023-03-06 20:43:42.066461,,
796715d2-afc2-419d-bf3b-53af2201531a,completed,2023-03-06 20:43:42.066461,,
796f5238-13b4-499b-a76f-d214ce953c5b,completed,2023-03-06 20:43:42.066461,,
79869316-fb99-4db0-991f-1172be599f9c,completed,2023-03-06 20:43:42.066461,,
798a4559-c273-4c67-b86a-333dd9fbdfdc,completed,2023-03-06 20:43:42.066461,,
798a8e36-25e0-41c1-85bf-f0e4dcff86e8,completed,2023-03-06 20:43:42.066461,,
798b2b0c-3a07-4693-a64b-e7d4f07a53ab,completed,2023-03-06 20:43:42.066461,,
79914183-907e-40a5-bbe2-49d4b8089b63,completed,2023-03-06 20:43:42.066461,,
7993d738-c1f1-44b2-bbe8-824c6391f3b7,completed,2023-03-06 20:43:42.066461,,
79987b88-c17f-4e28-ab21-4224821e35aa,completed,2023-03-06 20:43:42.066461,,
799e2626-86a4-4f11-9842-822818763c4b,completed,2023-03-06 20:43:42.066461,,
79a4dd2a-fec9-4bf2-aa2d-7a58d482ff38,completed,2023-03-06 20:43:42.066461,,
79a70832-35a1-4477-aef0-468278be3f7a,completed,2023-03-06 20:43:42.066461,,
79abbf37-0f20-4247-bf9f-a4ea8cec3b8b,completed,2023-03-06 20:43:42.066461,,
79b41d91-e8bb-4dc7-9516-587ef19dc06e,completed,2023-03-06 20:43:42.066461,,
79b7a082-850e-4b1d-a80c-3680b926a013,completed,2023-03-06 20:43:42.066461,,
79bbfa7e-08e5-4e3a-812f-1049492c69fb,completed,2023-03-06 20:43:42.066461,,
79bc487d-cd5a-46e4-9f3e-f586843b12d9,completed,2023-03-06 20:43:42.066461,,
79bf2350-4b42-4b7e-ad52-6b8108372e5e,completed,2023-03-06 20:43:42.066461,,
79c4561a-112e-48df-a95a-d0952e8a419b,completed,2023-03-06 20:43:42.066461,,
79c7b52d-6b21-4496-b89d-d28a28a39c95,completed,2023-03-06 20:43:42.066461,,
79cebc4a-550f-4989-b4ae-dba1365e7928,completed,2023-03-06 20:43:42.066461,,
79d4cf2f-9253-4270-878b-a1dc9b2cf3a7,completed,2023-03-06 20:43:42.066461,,
79d760fa-94c0-460b-aaa0-f4779aeaa5b8,completed,2023-03-06 20:43:42.066461,,
79dd1d1a-8419-4e29-ae3d-9a092802245b,completed,2023-03-06 20:43:42.066461,,
79df458a-4b3b-479a-b262-e4b0b62e09a3,completed,2023-03-06 20:43:42.066461,,
79e66aaa-0d25-48c9-8bfa-bea589276248,completed,2023-03-06 20:43:42.066461,,
79eb755d-4498-438d-91a5-03c2ab26acb5,completed,2023-03-06 20:43:42.066461,,
79ed7d27-af66-422a-9946-c037964dab8b,completed,2023-03-06 20:43:42.066461,,
79f4eb8f-afab-470e-87aa-edfa76aea96d,completed,2023-03-06 20:43:42.066461,,
79f4f6f1-8ee7-422a-90c0-350e60640e2d,completed,2023-03-06 20:43:42.066461,,
79f88ded-40cb-4208-a573-af7ca6bd2e95,completed,2023-03-06 20:43:42.066461,,
7a00559a-a6d1-440a-a721-3ac59324217e,completed,2023-03-06 20:43:42.066461,,
7a01a2ef-2ccd-4500-add4-1f79bffb14ec,completed,2023-03-06 20:43:42.066461,,
7a06b590-e7cc-4a85-a818-1959d81508ee,completed,2023-03-06 20:43:42.066461,,
7a0f8a99-2614-447a-bd49-2bdea750063d,completed,2023-03-06 20:43:42.066461,,
7a160b82-6329-41cc-a91f-ae9348573c9d,completed,2023-03-06 20:43:42.066461,,
7a1939f9-cbb7-476d-b5bb-6d446e150333,completed,2023-03-06 20:43:42.066461,,
7a1ee134-e714-47d3-b1c4-5e8b9e1a5482,completed,2023-03-06 20:43:42.066461,,
7a28aef8-9d04-4ae7-ad0b-9b349dbc8617,completed,2023-03-06 20:43:42.066461,,
7a355d27-7156-4c02-852d-794bab9d5eee,completed,2023-03-06 20:43:42.066461,,
7a356ea6-d791-47a0-90b7-dca59435562d,completed,2023-03-06 20:43:42.066461,,
7a3b515e-26a6-42a1-8fab-f4d9970077ad,completed,2023-03-06 20:43:42.066461,,
7a3fd7fb-b3d5-4048-a903-b2aa4b8ca8a9,completed,2023-03-06 20:43:42.066461,,
7a3fddfe-e200-4cc0-aeb2-b59559f56f01,completed,2023-03-06 20:43:42.066461,,
7a4571da-5252-4af7-ac98-edb0e17cb34e,completed,2023-03-06 20:43:42.066461,,
7a5279a9-d21a-474b-b604-66ad379efdcc,completed,2023-03-06 20:43:42.066461,,
7a61bb4a-1898-411c-84ea-9c2d4d6b30af,completed,2023-03-06 20:43:42.066461,,
7a6b5523-7398-4218-804c-ebef566bd727,completed,2023-03-06 20:43:42.066461,,
7a73b039-ebdc-4516-bd11-55a9c5ba26f2,completed,2023-03-06 20:43:42.066461,,
7a82b0dc-b0a4-41aa-b701-cb8042db1613,completed,2023-03-06 20:43:42.066461,,
7a8d57a3-ca39-4178-8ed5-4358937023f5,completed,2023-03-06 20:43:42.066461,,
7a908e99-3287-4a2e-ac84-45277736cd35,completed,2023-03-06 20:43:42.066461,,
7a94a93d-eea7-46d3-9ceb-4e0b5f5baace,completed,2023-03-06 20:43:42.066461,,
7a9ce58e-aaf9-486d-9499-be09bd3841da,completed,2023-03-06 20:43:42.066461,,
7aa61431-3976-4baa-8411-55b82f1a3dbe,completed,2023-03-06 20:43:42.066461,,
7aa8b1cc-8014-4bd7-b84b-2e564c913024,completed,2023-03-06 20:43:42.066461,,
7aab5678-49d7-4d3a-a72b-a6bf6b42bc2c,completed,2023-03-06 20:43:42.066461,,
7ab1178a-2675-412f-8f35-e05b7d3d1458,completed,2023-03-06 20:43:42.066461,,
7ab35e5f-4d6f-4ca0-a660-23b506135506,completed,2023-03-06 20:43:42.066461,,
7ab65b72-c75e-42ff-97a3-115d16943a11,completed,2023-03-06 20:43:42.066461,,
7ab94475-8f9d-4e46-9d9f-51bc9eb494cf,completed,2023-03-06 20:43:42.066461,,
7ac3038a-9dc9-45dd-ad9e-4a58ca163445,completed,2023-03-06 20:43:42.066461,,
7ac5477f-65cb-4862-bc8e-351c9ae8386e,completed,2023-03-06 20:43:42.066461,,
7ac8b179-d841-4eb6-ac14-da989ec63c12,completed,2023-03-06 20:43:42.066461,,
7acacb34-fb0a-4f78-a3b3-b530bf1235ba,completed,2023-03-06 20:43:42.066461,,
7ace447b-f488-4a8f-932b-f6fea909f4ba,completed,2023-03-06 20:43:42.066461,,
7acf6ca7-ba0e-4ac5-b80a-56f82c8eacf7,completed,2023-03-06 20:43:42.066461,,
7ad38b40-5c04-4ae9-9e12-1f2335e8122c,completed,2023-03-06 20:43:42.066461,,
7add2c41-8558-4136-b347-16dbe0672255,completed,2023-03-06 20:43:42.066461,,
7ae128f9-8097-4144-b65d-6df2de7a59b6,completed,2023-03-06 20:43:42.066461,,
7ae59665-5908-4fd5-b940-d4a2c75d96b2,completed,2023-03-06 20:43:42.066461,,
7ae91182-80f9-425b-8890-8c8e79a2f019,completed,2023-03-06 20:43:42.066461,,
7ae954a7-4f31-49c8-aa9e-70b37238065b,completed,2023-03-06 20:43:42.066461,,
7ae97817-c1b7-4c3d-8114-53f80703aa73,completed,2023-03-06 20:43:42.066461,X,
7b04cf9c-4124-4095-b081-1cd2e1bcacee,completed,2023-03-06 20:43:42.066461,,
7b080cd5-ac4e-4f3c-9080-8e0295f71bfe,completed,2023-03-06 20:43:42.066461,,
7b0b2ea7-f1c6-4c95-95fe-a275e12b6bd2,completed,2023-03-06 20:43:42.066461,,
7b0ca137-b9f2-4f2c-8202-585534af48e5,completed,2023-03-06 20:43:42.066461,,
7b141daa-ccaf-4106-96fa-d1440fe56010,completed,2023-03-06 20:43:42.066461,,
7b1871c7-588b-441e-badb-ad1fbaa2df9c,completed,2023-03-06 20:43:42.066461,,
7b23d952-5a3e-46b2-a761-6fe4084fe1ba,completed,2023-03-06 20:43:42.066461,,
7b2da3db-5537-4f1a-8349-4de1d672787b,completed,2023-03-06 20:43:42.066461,,
7b3577bb-a56e-466d-a5f8-6b3110bd8390,completed,2023-03-06 20:43:42.066461,,
7b403ce8-1ddd-44e2-9875-ece445afb986,completed,2023-03-06 20:43:42.066461,,
7b56d812-ad69-4e39-b248-fd8317fd9208,completed,2023-03-06 20:43:42.066461,,
7b58c94e-f864-4e0a-926e-81ff98711fca,completed,2023-03-06 20:43:42.066461,,
7b5d0c2c-4917-4833-bbaa-69067464a6b3,completed,2023-03-06 20:43:42.066461,,
7b6b422b-8167-4189-a269-aa175f0ba28b,completed,2023-03-06 20:43:42.066461,,
7b708c78-40da-47f8-9a0a-fb9999536524,completed,2023-03-06 20:43:42.066461,,
7b70b584-0813-42fb-af17-bc10201dce84,completed,2023-03-06 20:43:42.066461,,
7b756d7b-bae0-4439-a210-2e8ec4436b28,completed,2023-03-06 20:43:42.066461,,
7b7c68d6-cc67-49e3-9b95-46d55affbfb8,completed,2023-03-06 20:43:42.066461,,
7b855693-ac78-4499-b2dd-3c8ce1ec5fbd,completed,2023-03-06 20:43:42.066461,,
7b88fe11-7ae5-4b67-84d4-e79afee65492,completed,2023-03-06 20:43:42.066461,,
7b8d45dd-8d9f-43b0-bba6-3c280e7fc8bd,completed,2023-03-06 20:43:42.066461,,
7b935fc8-e52e-4bab-9cd7-6d3433bde64e,completed,2023-03-06 20:43:42.066461,,
7b9ceda8-c4ca-49c1-8dca-b64ed0265a77,completed,2023-03-06 20:43:42.066461,,
7b9f5fa6-0524-4b11-bbb7-3fde2990ce34,completed,2023-03-06 20:43:42.066461,,
7bb41dde-bb8c-4b9e-b593-de4606d3ee0a,completed,2023-03-06 20:43:42.066461,,
7bb56e85-a2ca-432d-9af0-8ce46e14e5ce,completed,2023-03-06 20:43:42.066461,,
7bb75660-eb4b-4629-bdb3-2ac2380ca144,completed,2023-03-06 20:43:42.066461,,
7bbb81ef-7726-4a71-89bb-d3a958fec5cc,completed,2023-03-06 20:43:42.066461,X,
7bc20f78-45df-416d-ab41-30938679f781,completed,2023-03-06 20:43:42.066461,,
7bc292bd-e88c-454b-8d41-4a0ad6b14876,completed,2023-03-06 20:43:42.066461,,
7bc3bfdf-80f8-4696-9ce6-ea4238df895d,completed,2023-03-06 20:43:42.066461,,
7bcc873f-f522-4977-9afd-0f4fcee724fe,completed,2023-03-06 20:43:42.066461,,
7bd2094d-bd60-40db-a830-c54c07cb61aa,completed,2023-03-06 20:43:42.066461,,
7bd445cc-a70d-4790-bab6-0674ccd72188,completed,2023-03-06 20:43:42.066461,,
7be66a46-2e5d-4e40-b9dd-863bf12160b5,completed,2023-03-06 20:43:42.066461,,
7be73032-db50-4c95-b089-fe7e7fa3ca69,completed,2023-03-06 20:43:42.066461,,
7bfc4dcb-6944-4e89-aee5-429ef30a4e73,completed,2023-03-06 20:43:42.066461,,
7c06c08a-802f-4f42-87ea-cc22a65da36e,completed,2023-03-06 20:43:42.066461,,
7c25b2e5-f459-4d38-95c9-9f4c6f22d321,completed,2023-03-06 20:43:42.066461,,
7c267f48-42e5-482d-878c-fec4aecef249,completed,2023-03-06 20:43:42.066461,,
7c3351ac-75dc-4f88-b4f6-07682e0bfaa0,completed,2023-03-06 20:43:42.066461,,
7c371b00-7e73-457d-8150-1199743e548e,completed,2023-03-06 20:43:42.066461,,X
7c39b3f2-b3b0-40e6-a437-56e6c163c313,completed,2023-03-06 20:43:42.066461,,
7c3d3860-7315-490f-886d-842ad758fe3c,completed,2023-03-06 20:43:42.066461,,
7c433599-f24c-4848-9c89-2e7c78c42e9a,completed,2023-03-06 20:43:42.066461,,
7c4a9b3e-ec88-409d-b07a-85ad9995934c,completed,2023-03-06 20:43:42.066461,,
7c4f7a07-73ac-4a47-9f74-53391ef1e6a0,completed,2023-03-06 20:43:42.066461,,
7c551fce-222d-46ad-b84b-f15cd345be4a,completed,2023-03-06 20:43:42.066461,,X
7c5f40eb-1204-4d9d-8e19-e5f965c4ad1f,completed,2023-03-06 20:43:42.066461,,
7c620c1e-1e12-4e78-9386-79ac57259caa,completed,2023-03-06 20:43:42.066461,,
7c643a3e-7320-4b34-bf68-5998f78de783,completed,2023-03-06 20:43:42.066461,,
7c64a4e0-418d-4e69-9a8b-fa5874d4d8d9,completed,2023-03-06 20:43:42.066461,,
7c67fb5d-a269-42d4-ae74-0a2e2e73ddbd,completed,2023-03-06 20:43:42.066461,,
7c708ef6-3f01-48c3-a48f-07498e0d933f,completed,2023-03-06 20:43:42.066461,,
7c77ba8f-c4c0-4608-89cc-be2ce7c85579,completed,2023-03-06 20:43:42.066461,,
7c7a6b5f-3c8d-4ca4-b4c3-1d2a75ea5e68,completed,2023-03-06 20:43:42.066461,,
7c82fb5c-265a-413a-927f-c9f9cc11ae7a,completed,2023-03-06 20:43:42.066461,,
7c872376-8ca1-443c-bf2e-80cece4d089f,completed,2023-03-06 20:43:42.066461,,
7c8a14b2-aac7-4f4a-9eb1-d20d61e1a765,completed,2023-03-06 20:43:42.066461,,
7c9679e6-448c-4031-9834-dd3cbfcdd5ed,completed,2023-03-06 20:43:42.066461,,
7ca07a9c-44c6-45b9-ad94-53a15d4e8fea,completed,2023-03-06 20:43:42.066461,,
7cb96252-a3ea-4e7a-ae58-c4b22116c0a6,completed,2023-03-06 20:43:42.066461,,
7cbb17c0-0e78-4fd1-8b1b-3eff0cadbdd0,completed,2023-03-06 20:43:42.066461,,
7cbf3984-6891-4217-93ca-2fbf9a7ed435,completed,2023-03-06 20:43:42.066461,,
7cc6c31a-72a4-4d8d-9b2f-369198242396,completed,2023-03-06 20:43:42.066461,,
7ccb99cc-9b2b-470e-aa23-1ceae6f2017f,completed,2023-03-06 20:43:42.066461,,
7cd03de5-aea1-432f-85d1-9abb01c88acc,completed,2023-03-06 20:43:42.066461,,
7cd3080a-9faf-4cab-b76b-71121eb1a45e,completed,2023-03-06 20:43:42.066461,,
7cd4f77c-ffbe-4e4f-b8f3-55f690e49a8e,completed,2023-03-06 20:43:42.066461,,
7cd58a5e-7154-41c0-922e-11e67783d9d0,completed,2023-03-06 20:43:42.066461,,
7cda77e4-2277-4ae5-9737-90dd78d8f9e2,completed,2023-03-06 20:43:42.066461,,
7ce7ef28-7939-4eab-ae93-6e49f53f99e9,completed,2023-03-06 20:43:42.066461,,
7ceb9a43-e8e1-4e3c-8d42-b67622d8c2f2,completed,2023-03-06 20:43:42.066461,,
7cec032d-38e3-48a7-9f61-fe0a3633bc16,completed,2023-03-06 20:43:42.066461,,
7cfb1f4d-d044-49d4-8441-bb377a86d586,completed,2023-03-06 20:43:42.066461,,
7d08c1ee-00a0-424f-a4ad-fde8f2b6b8ac,completed,2023-03-06 20:43:42.066461,,
7d0a3112-7ba4-4f15-8cda-be964e422449,completed,2023-03-06 20:43:42.066461,,
7d0b29f8-a04f-44d3-80cc-527dcbf53222,completed,2023-03-06 20:43:42.066461,,
7d0ee28d-8fc1-4ff2-88ac-ed0aa1607858,completed,2023-03-06 20:43:42.066461,,
7d15734b-fcd9-4ab3-9af0-38cd691407de,completed,2023-03-06 20:43:42.066461,,
7d168b4b-bf80-43d1-bf8c-8bef7d202ad1,completed,2023-03-06 20:43:42.066461,,
7d182ad7-7bf2-4d30-973e-3e026cc9370d,completed,2023-03-06 20:43:42.066461,,
7d18ed10-3cc7-48f4-9dd1-3e24747f5e9a,completed,2023-03-06 20:43:42.066461,,
7d204976-541e-4c5a-81d8-3963e80e146d,completed,2023-03-06 20:43:42.066461,,
7d3b5d9f-6644-4ace-ae14-04c7cb5f3353,completed,2023-03-06 20:43:42.066461,,
7d3ef603-a8a3-4652-9ca4-4b8ef93186a4,completed,2023-03-06 20:43:42.066461,,
7d44f432-ef18-4362-98bc-c0ea224e97d4,completed,2023-03-06 20:43:42.066461,,
7d4b9e0d-1b00-4711-b732-eaf8992f2931,completed,2023-03-06 20:43:42.066461,,
7d4f9df4-bfd0-49bb-b4ca-385499dd883a,completed,2023-03-06 20:43:42.066461,X,
7d530951-aa14-496e-9e6f-ab97b2cc9125,completed,2023-03-06 20:43:42.066461,,
7d61dd4f-74bd-479c-8ed6-f78b160dd9ea,completed,2023-03-06 20:43:42.066461,,
7d691cb0-2e29-4b3b-8420-c19ece1034e6,completed,2023-03-06 20:43:42.066461,,
7d69672e-ac3e-4d5c-9041-20313ac37d3c,completed,2023-03-06 20:43:42.066461,,
7d6f29f3-0068-4196-bc66-cf68535e9ca8,completed,2023-03-06 20:43:42.066461,,
7d7097e7-acc0-45a2-bd7c-935c67de7040,completed,2023-03-06 20:43:42.066461,,
7d7a4014-434d-4d82-8ed7-dfdc2cb59b85,completed,2023-03-06 20:43:42.066461,,
7d8b4977-c0e8-4181-9ad9-19c985b5c018,completed,2023-03-06 20:43:42.066461,,
7d8c2fa9-0353-486a-8c05-282565aa00ff,completed,2023-03-06 20:43:42.066461,,
7d91edbf-aaec-4c2f-8c22-cd33437d7886,completed,2023-03-06 20:43:42.066461,,
7d978ce3-7f6c-45e6-ad33-11a3085a899e,completed,2023-03-06 20:43:42.066461,,
7d998af5-7a8a-4ae2-93dd-92f50ab30356,completed,2023-03-06 20:43:42.066461,,
7d998d29-5649-45e4-8d8f-8f659da1d2ba,completed,2023-03-06 20:43:42.066461,,
7d9f9356-4202-4bdf-9892-2c1fbea108d1,completed,2023-03-06 20:43:42.066461,,
7da0200b-7d59-41bf-9ad0-f475c1105f7b,completed,2023-03-06 20:43:42.066461,,
7da3dd83-09d4-49ba-abbe-fa18cc22d86c,completed,2023-03-06 20:43:42.066461,,
7da7b5b8-ff60-4738-b2a5-7b4e4686b2ff,completed,2023-03-06 20:43:42.066461,,
7dab72d2-6168-422a-b01d-e49bc198061b,completed,2023-03-06 20:43:42.066461,,
7dad3641-c067-4672-a6f7-dcb700a3cbe5,completed,2023-03-06 20:43:42.066461,,
7db35bd5-0f2c-43ac-8477-293526d1f4ab,completed,2023-03-06 20:43:42.066461,X,
7dbd7cdc-839f-4f95-9333-755b200c5a02,completed,2023-03-06 20:43:42.066461,,
7dcc5dff-5ad5-47e7-9cb6-39c92d940f4e,completed,2023-03-06 20:43:42.066461,,
7dd3b4ad-4df4-48bd-a271-531ebd808f03,completed,2023-03-06 20:43:42.066461,,
7dd544da-f472-42d3-a869-b149886e8804,completed,2023-03-06 20:43:42.066461,,
7e0101e4-0873-47fc-93da-af4a5e40d663,completed,2023-03-06 20:43:42.066461,,
7e05ea77-df30-426c-8e77-83ad60814e76,completed,2023-03-06 20:43:42.066461,,
7e0772e9-2bab-417d-97c7-1806304e7aa4,completed,2023-03-06 20:43:42.066461,,
7e0a10a4-79b1-4719-aa35-b059c35db122,completed,2023-03-06 20:43:42.066461,,
7e0e42bf-53c1-4487-915b-67d3ba95d0c4,completed,2023-03-06 20:43:42.066461,,
7e0f5a22-c14b-4800-8bfb-6d71bf56c73f,completed,2023-03-06 20:43:42.066461,,
7e1de90b-060b-4920-abe5-da56358db43f,completed,2023-03-06 20:43:42.066461,,
7e2cb9cd-75fc-44a1-a22f-2c87f90af799,completed,2023-03-06 20:43:42.066461,,
7e319538-cb03-45cd-85d6-5ef80213508e,completed,2023-03-06 20:43:42.066461,,
7e38f7de-3628-4d35-8356-0d2cc6956c7f,completed,2023-03-06 20:43:42.066461,,
7e4d0ead-3372-47b6-9120-b2ca4ef6438a,completed,2023-03-06 20:43:42.066461,,
7e5ab6e4-fa9e-4af4-8e4b-db8e08cb6e99,completed,2023-03-06 20:43:42.066461,,
7e62484d-6a8a-47a0-bc97-b345e1a8a24f,completed,2023-03-06 20:43:42.066461,,
7e7717c2-453f-40d0-a912-467ae4109a8f,completed,2023-03-06 20:43:42.066461,,
7e77baf0-3d2a-4049-aca7-52a97c7c19ed,completed,2023-03-06 20:43:42.066461,,
7e822b33-7466-485f-b975-15ae8e211683,completed,2023-03-06 20:43:42.066461,,
7e831854-6876-458c-824e-5923bd70d87b,completed,2023-03-06 20:43:42.066461,,
7e834fca-5d9c-452d-be11-59336719427f,completed,2023-03-06 20:43:42.066461,,
7e85ea4a-4d6f-4fff-b5a9-f4b1bf1200d8,completed,2023-03-06 20:43:42.066461,,
7e88df6a-2549-41d2-ba6a-df84d4c3e9eb,completed,2023-03-06 20:43:42.066461,,
7e8a11be-e317-4c3a-a0e2-2b59fd75938f,completed,2023-03-06 20:43:42.066461,,
7e8bbf3f-39ef-469f-b465-f23d6fd53e2b,completed,2023-03-06 20:43:42.066461,,
7e910019-e225-461f-be7f-7069e9be21de,completed,2023-03-06 20:43:42.066461,,
7e978e57-be40-46aa-8f11-f55b7c64a108,completed,2023-03-06 20:43:42.066461,,
7e9b4f99-afe1-44cf-bf2f-1d8b503cf675,completed,2023-03-06 20:43:42.066461,,
7e9bca25-3f9d-4348-b867-6a4740ff8079,completed,2023-03-06 20:43:42.066461,,
7e9d5f0a-451e-47af-b731-a070cd14e6cd,completed,2023-03-06 20:43:42.066461,,
7e9f0f86-cfa9-4bca-a37b-3da589308ea7,completed,2023-03-06 20:43:42.066461,,
7eb1ca4a-59ac-4114-9c3c-4ff5b3c1a20f,completed,2023-03-06 20:43:42.066461,,
7eb7f6d8-9e19-42fc-9c3f-8a79c0a5f4b1,completed,2023-03-06 20:43:42.066461,,
7eb91986-59b0-4087-9f35-2f0728268fd2,completed,2023-03-06 20:43:42.066461,,
7ec1ea44-05d8-4160-9ea6-57317aa7f8d1,completed,2023-03-06 20:43:42.066461,,
7ece09d9-d6c7-4fe0-aef2-85b6702468c8,completed,2023-03-06 20:43:42.066461,,
7ed87855-737d-4c1c-9928-6d0a42a48700,completed,2023-03-06 20:43:42.066461,,
7eda52aa-f821-4015-971f-fa75dd709691,completed,2023-03-06 20:43:42.066461,,
7ee16361-9430-478f-a919-072fb0fe6d7b,completed,2023-03-06 20:43:42.066461,,
7ee4d740-41f0-42ed-beae-b1264ab91ac8,completed,2023-03-06 20:43:42.066461,,
7eed3edb-df64-4f73-9c0f-9307f4a6b295,completed,2023-03-06 20:43:42.066461,,
7eed8f0e-6ac2-4591-8587-11130118a548,completed,2023-03-06 20:43:42.066461,,
7eedfb34-b6bc-45cb-907d-d9626c19c1b0,completed,2023-03-06 20:43:42.066461,,
7ef178eb-61b9-4410-b44c-6b6aa69b1914,completed,2023-03-06 20:43:42.066461,,
7ef422d5-b7f8-4042-93be-b8101422cbf1,completed,2023-03-06 20:43:42.066461,,
7ef4419b-124b-4824-8598-0eb425a60dfd,completed,2023-03-06 20:43:42.066461,,
7ef4ad3c-99cd-42c9-a320-8d51d1eac1d6,completed,2023-03-06 20:43:42.066461,,
7f00b9a2-3433-4ebb-8ac8-17843b03e7ce,completed,2023-03-06 20:43:42.066461,,
7f125f72-d5e3-4155-a14a-dce48ab7f080,completed,2023-03-06 20:43:42.066461,,
7f13a98b-df50-4ee4-b535-b34bb6ae1ffb,completed,2023-03-06 20:43:42.066461,,
7f145cda-d588-4861-a9e2-29b3482d3dac,completed,2023-03-06 20:43:42.066461,,
7f1e4daa-068a-4191-9e74-d2c2fc82bac6,completed,2023-03-06 20:43:42.066461,,
7f24e372-cd58-447a-8883-2b9ed1d4b1de,completed,2023-03-06 20:43:42.066461,,
7f2f41e3-781e-40a7-9012-c50b5ce5d775,completed,2023-03-06 20:43:42.066461,,
7f32f7df-4d35-4370-8c5c-94304e4b9677,completed,2023-03-06 20:43:42.066461,,
7f3b0803-be8b-422a-968b-2dd5458b8c8d,completed,2023-03-06 20:43:42.066461,,
7f3fc82b-a0e2-4f72-8230-c9bebb482de2,completed,2023-03-06 20:43:42.066461,,
7f42fa84-a67b-42fb-9518-b6df5eb50345,completed,2023-03-06 20:43:42.066461,,
7f49e604-5a0c-4ca0-888b-946c228c22f7,completed,2023-03-06 20:43:42.066461,,
7f5a337c-e228-4118-b01d-8632cf82e3e1,completed,2023-03-06 20:43:42.066461,,
7f5cd11e-4073-419d-b5c8-a646325ad6cc,completed,2023-03-06 20:43:42.066461,,
7f685a71-c6bc-4dcf-af12-db57f4d8cb42,completed,2023-03-06 20:43:42.066461,,
7f69aebf-3d48-4d78-a688-21297909d571,completed,2023-03-06 20:43:42.066461,,
7f6d1e22-d11b-4707-9da2-01db9e733e76,completed,2023-03-06 20:43:42.066461,,
7f7f94ad-c67a-4290-9a9a-649711ed3a66,completed,2023-03-06 20:43:42.066461,,
7f834233-b88e-4289-bf9d-e6d7126c9d1b,completed,2023-03-06 20:43:42.066461,,
7f83d9ce-53b6-4bcc-b33f-7f2802f40810,completed,2023-03-06 20:43:42.066461,,
7f85b798-1a25-47c5-b22d-82fbfcf922cd,completed,2023-03-06 20:43:42.066461,,
7f861027-5e46-416d-ad68-d80fac4407f6,completed,2023-03-06 20:43:42.066461,,
7f87a3a1-44da-44f5-bb8c-215ea6492f86,completed,2023-03-06 20:43:42.066461,,
7f9b1af4-f1e7-403d-89f5-59e5a07c043b,completed,2023-03-06 20:43:42.066461,,
7f9eddb4-c9e6-439e-acab-978531c11e0d,completed,2023-03-06 20:43:42.066461,,
7f9ef7fa-24f8-4b0a-b30a-d5f973521d03,completed,2023-03-06 20:43:42.066461,,
7facead4-ab18-4d91-b699-1027d3de27f6,completed,2023-03-06 20:43:42.066461,,
7fb361e7-cde3-4b8c-b62b-65193e9d73d1,completed,2023-03-06 20:43:42.066461,,
7fb41d22-29c5-4d1e-942c-9245e71a97d9,completed,2023-03-06 20:43:42.066461,,
7fb85aa7-c93e-453b-8e54-e3b41a432ea4,completed,2023-03-06 20:43:42.066461,,
7fc3da59-b7c2-42c6-91f4-07c63706f5de,completed,2023-03-06 20:43:42.066461,,
7fc4371f-a5fb-4f23-a24e-beaf0fbab5af,completed,2023-03-06 20:43:42.066461,,
7fd7c5fe-3dd5-4334-a9dd-4d91dfcc978a,completed,2023-03-06 20:43:42.066461,,
7fda4876-b500-40d6-ae16-ab98e21b2bb5,completed,2023-03-06 20:43:42.066461,,
7fdbbc4d-c121-435f-9342-4c7d3184dd88,completed,2023-03-06 20:43:42.066461,,
7fe22012-71a1-41ee-8dd3-291b38213ecc,completed,2023-03-06 20:43:42.066461,,
7fedd475-877b-4cb5-8065-9d66e589bdbd,completed,2023-03-06 20:43:42.066461,,
7ff0ab48-da13-41bd-882f-545613c35d6e,completed,2023-03-06 20:43:42.066461,,
7ff786fa-a4de-416e-a1a4-7f61bfbae4fb,completed,2023-03-06 20:43:42.066461,,
80059981-46f4-437e-aaa7-ea8f78e442ec,completed,2023-03-06 20:43:42.066461,,
800dd7d2-53f0-4022-a662-cfe327db0045,completed,2023-03-06 20:43:42.066461,,
80242d7e-04b6-4397-9450-5aa90d8ca12e,completed,2023-03-06 20:43:42.066461,,
80331654-f080-4b49-bde9-355d4e9b2934,completed,2023-03-06 20:43:42.066461,,
80395801-0718-4b04-94f6-de8f90946dc0,completed,2023-03-06 20:43:42.066461,,
804a3f51-9da2-4301-84a8-cebf40b77a72,completed,2023-03-06 20:43:42.066461,,
804cc09e-e043-4d00-830f-05afd72976a9,completed,2023-03-06 20:43:42.066461,,
8053b942-2f09-4dc2-b7ba-e4b93c4bfe08,completed,2023-03-06 20:43:42.066461,,
805a8058-4754-436a-96c9-a356304576d8,completed,2023-03-06 20:43:42.066461,,
805b833a-2d81-4e1b-a713-8fb5ffc2c6a5,completed,2023-03-06 20:43:42.066461,,
80651f88-46c2-41d8-a5bd-bf0583621aae,completed,2023-03-06 20:43:42.066461,,
806538a9-e71c-4354-b035-d507589679f8,completed,2023-03-06 20:43:42.066461,,
80689f8e-aacb-4f59-ba59-be53cb31f0c8,completed,2023-03-06 20:43:42.066461,,
8069a2ef-f43a-431c-8b2c-8566e48f5280,completed,2023-03-06 20:43:42.066461,,
806de3b9-5853-423f-9141-5eb38b0fdcaa,completed,2023-03-06 20:43:42.066461,,
8079c8d9-4a89-4f9e-a8bd-dd9c655677e5,completed,2023-03-06 20:43:42.066461,,
807b9e27-0d31-4cd5-888b-35627f33f086,completed,2023-03-06 20:43:42.066461,,
8082a40d-4ae3-41ac-99ff-551b262a98ac,completed,2023-03-06 20:43:42.066461,,
808bb9f2-e7d5-433a-b44b-d4a149029050,completed,2023-03-06 20:43:42.066461,,
808fcb72-27cb-4879-b0fa-6fcc8296a12c,completed,2023-03-06 20:43:42.066461,,
80941562-bcbf-469a-ae9a-b11240db4244,completed,2023-03-06 20:43:42.066461,,
809519d9-a482-44a4-9a6b-79ec3900af44,completed,2023-03-06 20:43:42.066461,,
809ca05f-ff6b-44eb-9247-058954d13fbf,completed,2023-03-06 20:43:42.066461,,
80a0367b-9812-41bd-bda6-d71628a8a83f,completed,2023-03-06 20:43:42.066461,,
80a5cec2-20d1-49e5-9fe0-9ad776add5b2,completed,2023-03-06 20:43:42.066461,,
80a7d824-0c52-4210-ac77-6924d6996515,completed,2023-03-06 20:43:42.066461,,
80a844d9-aec0-433b-9660-fcf56a65d97a,completed,2023-03-06 20:43:42.066461,,
80b61708-bc08-4f62-b5bc-aa5d85491c21,completed,2023-03-06 20:43:42.066461,,
80bdf249-aa21-4c81-9d86-4e7ab224edef,completed,2023-03-06 20:43:42.066461,,
80be5dee-5408-4606-99cc-a98df372c357,completed,2023-03-06 20:43:42.066461,,
80c73a05-30bb-4c18-ba1f-681abaaedd33,completed,2023-03-06 20:43:42.066461,,
80d09a45-d4e5-40df-9172-da7ebdd270e4,completed,2023-03-06 20:43:42.066461,,
80d0d69c-96fd-4de5-bc82-98ac69c30530,completed,2023-03-06 20:43:42.066461,,
80d487e9-ec5e-4935-b96d-8a3d1243c4de,completed,2023-03-06 20:43:42.066461,,
80ed2967-4984-4114-9257-039ba04f5f10,completed,2023-03-06 20:43:42.066461,,
810e51a0-e354-4eb1-90bf-a5025ca03608,completed,2023-03-06 20:43:42.066461,,
811d6075-9e85-4ba4-bc10-08f46627a7b1,completed,2023-03-06 20:43:42.066461,,
81226a8c-d456-4bb9-827c-262fd6540d63,completed,2023-03-06 20:43:42.066461,,
81263a25-27f1-4169-a1bc-7dd5e9c3d417,completed,2023-03-06 20:43:42.066461,,
8128845c-667e-45c9-8bee-420d66e92ac3,completed,2023-03-06 20:43:42.066461,,
8128ac02-9623-4108-be6b-fabc69b9c376,completed,2023-03-06 20:43:42.066461,,
812b02e1-f2ee-4100-8f33-430e2089f67c,completed,2023-03-06 20:43:42.066461,,
8136f63a-dc7e-4fda-83fd-e3e773d3892a,completed,2023-03-06 20:43:42.066461,,
813ac0c0-e80e-4f64-88ad-ba4760c15972,completed,2023-03-06 20:43:42.066461,,
813ace0b-c259-40ee-b614-851b78cd9ef8,completed,2023-03-06 20:43:42.066461,,
8149d880-af07-4bc1-b961-cfd05ae2e7d7,completed,2023-03-06 20:43:42.066461,,
814bbaf4-068f-452d-9fa5-fd4208644b7c,completed,2023-03-06 20:43:42.066461,,
815465b9-9274-4bdd-9c6a-3957a606a41f,completed,2023-03-06 20:43:42.066461,,
815799fd-bc48-4190-b421-50825616afe9,completed,2023-03-06 20:43:42.066461,,
81642fa8-708d-478e-a3be-c7bff7733b31,completed,2023-03-06 20:43:42.066461,,
817220d2-9677-4fba-8139-a2ae1106d01d,completed,2023-03-06 20:43:42.066461,,
81782a16-7856-4c1e-b422-b45f39dffa2d,completed,2023-03-06 20:43:42.066461,,
8184bf04-4a42-47e7-83f7-2479e5c2f163,completed,2023-03-06 20:43:42.066461,,
8185fcaa-ca29-494d-800f-88ae3de174bb,completed,2023-03-06 20:43:42.066461,,
81939941-da3b-467d-abba-1d6722727b62,completed,2023-03-06 20:43:42.066461,,
8195eaa7-c1ad-4bbb-9511-d0af17c78dce,completed,2023-03-06 20:43:42.066461,,
8198ae59-e4da-4d5d-8095-a146b1614d45,completed,2023-03-06 20:43:42.066461,,
8199e881-aa41-43ab-bc77-c61393c1aea3,completed,2023-03-06 20:43:42.066461,,
819dfdf6-9b72-4a4e-933c-5f7d25e9e92d,completed,2023-03-06 20:43:42.066461,,
81a18ddd-c90c-4e07-9aca-c91c9d3bbfbb,completed,2023-03-06 20:43:42.066461,X,
81a33b9b-cef4-40e9-a99c-f6acdd9e637c,completed,2023-03-06 20:43:42.066461,,
81a34840-ef4b-49f9-80f6-d94e2b1c80da,completed,2023-03-06 20:43:42.066461,,
81add6c5-8cdd-4937-9dd4-94e5d1037c1b,completed,2023-03-06 20:43:42.066461,,
81b2b08f-eb53-4ea3-922b-b5884ed1d4d4,completed,2023-03-06 20:43:42.066461,,
81c656c4-d74c-4308-8f20-6f8b1ed01b8c,completed,2023-03-06 20:43:42.066461,,
81d14199-f997-4c51-8545-95c6c4450905,completed,2023-03-06 20:43:42.066461,,
81d7c7fb-a930-479d-886a-79e1cf8b1906,completed,2023-03-06 20:43:42.066461,,
81da9adb-3390-4f3f-ba28-db567f87fd94,completed,2023-03-06 20:43:42.066461,,
81ddda34-36f8-4b38-b389-2842e5756393,completed,2023-03-06 20:43:42.066461,,
81dea4ed-5571-4afd-8183-c529dae094c8,completed,2023-03-06 20:43:42.066461,,
81e2a314-28fe-4827-87d4-80922f0561db,completed,2023-03-06 20:43:42.066461,,
81e62cba-6ba6-4251-99c8-f63af55b2bde,completed,2023-03-06 20:43:42.066461,,
81ead364-40ca-4a17-9c48-bf7f484f3e4d,completed,2023-03-06 20:43:42.066461,,
81f087cc-329f-402f-9413-ac949270421d,completed,2023-03-06 20:43:42.066461,,
81f0fd8c-0f56-47a7-bc66-f9de66c4c1e7,completed,2023-03-06 20:43:42.066461,,
81f52712-4063-411f-b58b-6bcd03c983e1,completed,2023-03-06 20:43:42.066461,,
81f5367e-99fb-495b-a666-447b13f18498,completed,2023-03-06 20:43:42.066461,,
81fd331e-5ab3-4657-9cf9-91bbc69bee6f,completed,2023-03-06 20:43:42.066461,,
81fe2319-1521-49c9-9215-dc30a08e0d2f,completed,2023-03-06 20:43:42.066461,,
8206827f-7d01-4a05-8c21-1554beb37cc9,completed,2023-03-06 20:43:42.066461,,
820c01d5-1d76-4d0c-abd2-b112911e439e,completed,2023-03-06 20:43:42.066461,,
820f1fe1-69f1-48c4-b606-7a59b788f267,completed,2023-03-06 20:43:42.066461,,
8214dcf7-eb7f-468a-ba8f-b233659b1e19,completed,2023-03-06 20:43:42.066461,,
821a14bb-0b63-41dc-ac01-a3ee66050e5e,completed,2023-03-06 20:43:42.066461,,
821a8319-91c4-4160-a18a-71f662f36bbb,completed,2023-03-06 20:43:42.066461,,
821d9885-56ac-4b7e-8b8b-fae471617e5a,completed,2023-03-06 20:43:42.066461,,
82277da1-d08b-4394-bc51-54fc9550b19d,completed,2023-03-06 20:43:42.066461,,
822bba9c-4b94-4fdc-ae3c-a784ecd9fea5,completed,2023-03-06 20:43:42.066461,,
822c0da1-1d1d-4deb-8929-9e526b1ccbdb,completed,2023-03-06 20:43:42.066461,,
8238ca9f-f45f-4162-aa1c-fdee82b583e5,completed,2023-03-06 20:43:42.066461,,
8246c50f-5382-4b0a-b8a1-02537f1c761a,completed,2023-03-06 20:43:42.066461,,
8250209a-b918-4d3a-806e-49188853dd7d,completed,2023-03-06 20:43:42.066461,,
825a2630-35d0-4ecc-a8d5-8ed4c55d7dde,completed,2023-03-06 20:43:42.066461,,
825c6f7c-b3cb-4b88-912a-e78252bde4d0,completed,2023-03-06 20:43:42.066461,,
825d0092-e4e6-4552-bc7f-754d3a81fd70,completed,2023-03-06 20:43:42.066461,,
82600f65-7646-4899-80b2-98105e02b767,completed,2023-03-06 20:43:42.066461,,
826b3e1f-6e5c-4b53-a222-d46eb0e6a947,completed,2023-03-06 20:43:42.066461,,
826b5f6b-7987-4e23-8c14-ab2113adc7c4,completed,2023-03-06 20:43:42.066461,,
8274454d-0cb7-4e96-8eef-ab9f3ce0fe69,completed,2023-03-06 20:43:42.066461,,
82747078-a76f-4adc-8a51-b4481decb495,completed,2023-03-06 20:43:42.066461,,
8274b3fd-f7bd-4521-8078-052f40913929,completed,2023-03-06 20:43:42.066461,,
8276da3b-3e9a-451a-83be-0e8a224217a5,completed,2023-03-06 20:43:42.066461,,
828ca70d-7052-4f88-8200-aee223a18072,completed,2023-03-06 20:43:42.066461,,
828e5498-4f9d-40ee-801f-348210753d8c,completed,2023-03-06 20:43:42.066461,,
829a0622-d1d1-4583-8464-4bbb015e7a8b,completed,2023-03-06 20:43:42.066461,,
82ae895b-2efa-46a8-9614-8af0a312b9ed,completed,2023-03-06 20:43:42.066461,,
82b281d6-1420-4d4d-b525-ae219375cdc9,completed,2023-03-06 20:43:42.066461,,
82c7ef03-836a-4466-857c-2252cd4643de,completed,2023-03-06 20:43:42.066461,,
82cab024-ada2-4051-9a83-51b1b2cfcee6,completed,2023-03-06 20:43:42.066461,,
82ce938c-012f-40a8-afea-811b1a4fd2d9,completed,2023-03-06 20:43:42.066461,,
82d96a99-ceaf-4274-8985-4a60c7db3e5a,completed,2023-03-06 20:43:42.066461,,
82da24cd-d6dd-447c-aa51-c6665eb3f2f9,completed,2023-03-06 20:43:42.066461,,
82dcd174-ed61-48a1-88e6-d329b4f55a12,completed,2023-03-06 20:43:42.066461,,
82df5bc6-4c89-4258-8a5d-3e339c367fd0,completed,2023-03-06 20:43:42.066461,,
82dfe9b8-9293-40dc-86f2-175e671cdc69,completed,2023-03-06 20:43:42.066461,,
82e445af-1965-41ce-94a9-9895099b18be,completed,2023-03-06 20:43:42.066461,,
82e98423-bf94-4239-a917-a9868f8ae867,completed,2023-03-06 20:43:42.066461,,
82eccb13-1dd1-4345-b673-b4c6315c9b55,completed,2023-03-06 20:43:42.066461,,
82ed612c-5801-4d35-9fe5-873cbc1b91c9,completed,2023-03-06 20:43:42.066461,,
82f28ce9-c3aa-4c7a-9ace-730509128c1c,completed,2023-03-06 20:43:42.066461,,
82f35842-4ca7-49d9-850a-100de4aa170e,completed,2023-03-06 20:43:42.066461,,
82f83488-5d3e-474a-ade3-241c9e629d40,completed,2023-03-06 20:43:42.066461,,
82fd9f26-4cbd-437e-9f3b-eb2f311cebe8,completed,2023-03-06 20:43:42.066461,,
82fdaba6-dec6-4b9b-919a-7ce7ffdbd63f,completed,2023-03-06 20:43:42.066461,,
82ff95e6-5206-440a-bfd2-1f21d8eb37ff,completed,2023-03-06 20:43:42.066461,,
8303d282-7571-4c81-b16b-dcf5a2e00ae0,completed,2023-03-06 20:43:42.066461,,
8309d4f4-e121-4c6c-b71b-0accc2abde8e,completed,2023-03-06 20:43:42.066461,,
830b3c0b-9f52-477b-90e6-aca8e462b59e,completed,2023-03-06 20:43:42.066461,,
830e0fb3-55df-4c99-b371-2c5711988296,completed,2023-03-06 20:43:42.066461,,
8311b4b6-1e4d-4dfb-8d60-2d0a2c392248,completed,2023-03-06 20:43:42.066461,,
831297e6-a1bb-455a-a2f1-286e82ddcd9e,completed,2023-03-06 20:43:42.066461,,
8322851c-19be-46c6-9fbe-03e9ff0bdb15,completed,2023-03-06 20:43:42.066461,,
83294236-7aa1-4aa8-b86d-ec06932a7007,completed,2023-03-06 20:43:42.066461,,
8348bb35-106e-41de-b6d7-622e08a00546,completed,2023-03-06 20:43:42.066461,,
83496cfb-00ad-491c-8d74-a45548639fbe,completed,2023-03-06 20:43:42.066461,,
8356e175-99f1-4312-9c19-e06223c68234,completed,2023-03-06 20:43:42.066461,,
835d4038-e707-4e66-95fa-7e0b6400a175,completed,2023-03-06 20:43:42.066461,X,
836eabb2-6b7b-466c-b9b5-0c1bf6bc8b54,completed,2023-03-06 20:43:42.066461,,
83723c9b-a861-47c1-ab38-ea56041c5cd3,completed,2023-03-06 20:43:42.066461,,
8383c0a0-9efe-43e7-aae6-7285ffa89459,completed,2023-03-06 20:43:42.066461,,
8388e6ec-2bfb-4c33-bfb4-666778d3b554,completed,2023-03-06 20:43:42.066461,,
83943df9-0fd8-4db2-87fa-6253ae9bb3eb,completed,2023-03-06 20:43:42.066461,,
83959bdc-74bc-466c-b853-60289f2a85a1,completed,2023-03-06 20:43:42.066461,,
839a1f33-f4b1-470e-9e92-b20049af69e2,completed,2023-03-06 20:43:42.066461,,
83a6372d-ff65-4342-8988-7ea5be89b00f,completed,2023-03-06 20:43:42.066461,,
83b68fcc-aa13-4fb6-8f38-914903a6ac8b,completed,2023-03-06 20:43:42.066461,,
83b9b18f-8f78-4f83-aa59-4d4a33c4d4ed,completed,2023-03-06 20:43:42.066461,,
83c6cd77-6b43-46a2-acf1-e29f056e1a22,completed,2023-03-06 20:43:42.066461,,
83c7b885-6cb9-4384-8351-3191e4cb567f,completed,2023-03-06 20:43:42.066461,,
83cf23df-b53e-42ea-8654-46f58ba787f4,completed,2023-03-06 20:43:42.066461,,
83d0277e-73af-4776-b3d7-cd3726d323e9,completed,2023-03-06 20:43:42.066461,,
83d21b10-f9b3-49da-b542-14c64ab1b50d,completed,2023-03-06 20:43:42.066461,,
83d2cee6-7596-45fb-b398-420acb5b6fe2,completed,2023-03-06 20:43:42.066461,,
83e16de3-ae08-432e-9fcf-4355bd45cffb,completed,2023-03-06 20:43:42.066461,,
83e3f8bf-f189-44f0-9ec2-82d3184ffa85,completed,2023-03-06 20:43:42.066461,,
83e4b879-1b39-4d5e-b666-e93d7f3bf4a1,completed,2023-03-06 20:43:42.066461,,
83e5565a-4ef5-4945-af9d-ab971eac482a,completed,2023-03-06 20:43:42.066461,,
83e97239-52ac-46c4-97cb-3f4093c5d9a5,completed,2023-03-06 20:43:42.066461,,
83fa57e3-eadc-4097-82e4-f63c525444e6,completed,2023-03-06 20:43:42.066461,,
83fa92fd-0001-4c7e-9c86-1a33b5cf8ff7,completed,2023-03-06 20:43:42.066461,,
83fac6c2-9fd8-44b0-8953-db9bf760bd29,completed,2023-03-06 20:43:42.066461,,
840042b4-359f-425d-820c-239df4fc882f,completed,2023-03-06 20:43:42.066461,,
8405d81a-baae-400a-adeb-188d5c55ced0,completed,2023-03-06 20:43:42.066461,,
84063c2f-e38c-4f93-93ca-3a06de85e445,completed,2023-03-06 20:43:42.066461,,
84086bed-4ff2-45fa-9603-4bf028f5825c,completed,2023-03-06 20:43:42.066461,,
840c053e-007e-4808-ba8c-83da544de0f3,completed,2023-03-06 20:43:42.066461,,
8417554a-1c0f-4299-a239-00b74f270972,completed,2023-03-06 20:43:42.066461,,
8423d0e1-6f72-4172-819c-b4bae7b344b8,completed,2023-03-06 20:43:42.066461,,
8428594d-e9fa-485a-b33d-7ef314a60aea,completed,2023-03-06 20:43:42.066461,,
8428d4fc-abbf-41e3-9dc9-e002515d939a,completed,2023-03-06 20:43:42.066461,,
842dc39e-e55a-4579-b8cf-564eef7a15df,completed,2023-03-06 20:43:42.066461,,
84457ae0-96ca-489a-9248-8d4bac048251,completed,2023-03-06 20:43:42.066461,,
844b85a9-3443-4465-b975-a54dd5fd1e49,completed,2023-03-06 20:43:42.066461,,
84542584-8b22-4ac1-a524-3746082ffd80,completed,2023-03-06 20:43:42.066461,,
8462bef5-9af9-4eda-afbb-bd3ece8d2c49,completed,2023-03-06 20:43:42.066461,,
8467f334-5d8c-44fe-9ca3-b63ff33cbf9b,completed,2023-03-06 20:43:42.066461,,
8468598e-82e0-4ac5-8575-6fa42d5a0e47,completed,2023-03-06 20:43:42.066461,,
84692040-e215-487c-95d2-75d845f0575c,completed,2023-03-06 20:43:42.066461,,
846b9e13-6db7-4b95-ad76-b660db92542e,completed,2023-03-06 20:43:42.066461,,
8471c08e-67dd-4f90-aa67-265e533f5478,completed,2023-03-06 20:43:42.066461,,
847205ad-1b96-49b0-8c21-757b00c2e7a6,completed,2023-03-06 20:43:42.066461,,
84740dbf-9c9c-41f7-8f07-b1a170935185,completed,2023-03-06 20:43:42.066461,,
84754589-91c5-404d-a51b-549095192315,completed,2023-03-06 20:43:42.066461,,
847b75b0-0fdc-4a1c-8181-7c8112d622fb,completed,2023-03-06 20:43:42.066461,,
848993d9-138c-42b2-a47a-4afbbe3afe29,completed,2023-03-06 20:43:42.066461,,
848d57a2-48a7-4927-910e-bccaea4ba005,completed,2023-03-06 20:43:42.066461,,
848dee95-41ae-47f6-a612-90c1c23ffb95,completed,2023-03-06 20:43:42.066461,,
848f3a54-55da-4bbb-bdc0-ef85fe270921,completed,2023-03-06 20:43:42.066461,,
84948eb0-0ce1-481c-af1c-58da907e4ae3,completed,2023-03-06 20:43:42.066461,X,
849dbb3b-2d0e-44d4-ae62-3bb30eb26beb,completed,2023-03-06 20:43:42.066461,,
84bad1cc-2c4d-4b9d-a17a-ec2dc2236b92,completed,2023-03-06 20:43:42.066461,,
84bae92d-0205-4a5d-881c-8aeff12af8a5,completed,2023-03-06 20:43:42.066461,,
84bb2084-894b-450d-89b2-063b18fa619c,completed,2023-03-06 20:43:42.066461,,
84c09d0a-72b0-4ef9-8247-b67c38791c6c,completed,2023-03-06 20:43:42.066461,,
84e176a2-6902-4190-9a40-61c488596f22,completed,2023-03-06 20:43:42.066461,,
84e46f3d-e107-4748-ae80-69a287885a66,completed,2023-03-06 20:43:42.066461,,
84e5c193-e754-4947-9d77-54e84f105cd4,completed,2023-03-06 20:43:42.066461,,
84e79e1b-4d55-4c16-9da1-709d93ac55eb,completed,2023-03-06 20:43:42.066461,,
84e9f106-0f19-438b-8015-eb76d8594128,completed,2023-03-06 20:43:42.066461,,
84f3a895-6b56-44da-9e0e-eea53d1cdc04,completed,2023-03-06 20:43:42.066461,,
84fbf8b6-3360-41c9-b496-89566196a9cd,completed,2023-03-06 20:43:42.066461,,
8504f6fb-f991-4aa2-bc99-61b59123293e,completed,2023-03-06 20:43:42.066461,,
8504fdff-ea90-4b47-b07e-6a20a4639469,completed,2023-03-06 20:43:42.066461,,
85063f16-32d3-40e2-b415-beb9a9b59e58,completed,2023-03-06 20:43:42.066461,,
850a1481-a0bb-49cc-ae50-4930ffddb217,completed,2023-03-06 20:43:42.066461,,
850ab9ef-a25a-482b-86fc-9848b9c34c3b,completed,2023-03-06 20:43:42.066461,,
850e4cd5-a110-4c1e-9250-db0ba76cc4ee,completed,2023-03-06 20:43:42.066461,,
850e50dc-0319-4b48-85ae-10a58f935c6d,completed,2023-03-06 20:43:42.066461,,
8512c0aa-6c3d-449f-b979-329464168245,completed,2023-03-06 20:43:42.066461,,
851998d2-2617-46e8-9016-9cce318bdcfe,completed,2023-03-06 20:43:42.066461,,
852478af-e35e-4eb7-8ef4-5f46c2b6bcd7,completed,2023-03-06 20:43:42.066461,,
8529cd2f-9c21-4cd8-aa05-31780ce909d2,completed,2023-03-06 20:43:42.066461,,
852a9bdc-d1ae-4239-a2b7-b9627cbd1e7d,completed,2023-03-06 20:43:42.066461,,
852eb962-13fa-4ade-91e4-f28282e8368e,completed,2023-03-06 20:43:42.066461,,
8530001b-14f0-44b7-bef8-9b5db931f4ee,completed,2023-03-06 20:43:42.066461,,
85316f83-6f9f-40db-8152-871cf05bf8f8,completed,2023-03-06 20:43:42.066461,X,
85333cf6-2836-450c-8386-829dd56a3e5e,completed,2023-03-06 20:43:42.066461,,
8547eb14-f1df-46f9-a7f6-e85780509d24,completed,2023-03-06 20:43:42.066461,,
854ec7f1-12d3-4af3-b535-0bbd01475364,completed,2023-03-06 20:43:42.066461,,
854edd27-974e-44aa-9540-b3782afecfd5,completed,2023-03-06 20:43:42.066461,,
855000a4-aa6c-4632-b5f7-f03f8a050aea,completed,2023-03-06 20:43:42.066461,,
856c03eb-018d-4f84-9970-e1263ae258f7,completed,2023-03-06 20:43:42.066461,,
85757e6e-50e7-4972-b6af-1c5aac450532,completed,2023-03-06 20:43:42.066461,,
857d2de3-a457-4336-a8ba-80e6fbac4b7e,completed,2023-03-06 20:43:42.066461,,
85844819-f811-49f1-8840-5c6e1078627d,completed,2023-03-06 20:43:42.066461,X,
8585a2c3-0066-4513-a4fd-7eee04abd3ad,completed,2023-03-06 20:43:42.066461,,
858e7df2-856e-4c37-baa9-93e861c85169,completed,2023-03-06 20:43:42.066461,,
8591f9ae-fcc4-421c-bc7d-9ff3fa0a3ec8,completed,2023-03-06 20:43:42.066461,,
85a1b1a8-2610-40c8-85c2-1c1208ae5a43,completed,2023-03-06 20:43:42.066461,,
85a4df39-5302-472f-989d-0f20c91fd9ff,completed,2023-03-06 20:43:42.066461,,
85a5302a-5d2e-412c-9a91-c258ba7e9a22,completed,2023-03-06 20:43:42.066461,,
85a6acf9-74b9-4aaa-bc40-d44ddeff90a2,completed,2023-03-06 20:43:42.066461,,
85b1e4a0-e8a9-42a3-9264-6ae3a14638ea,completed,2023-03-06 20:43:42.066461,,
85b38407-5c4d-4f3e-b23e-761b6768419d,completed,2023-03-06 20:43:42.066461,,
85b7b72a-8335-4fb6-ad29-248d9bb4b274,completed,2023-03-06 20:43:42.066461,,
85ba1f88-2ecc-4561-9058-1e2a4023cb1f,completed,2023-03-06 20:43:42.066461,,
85bd5a56-f3fc-41ef-b6f8-7365677c8912,completed,2023-03-06 20:43:42.066461,,
85c01a4f-afc4-4291-9e0a-517784de1341,completed,2023-03-06 20:43:42.066461,,
85cb2f4e-e244-4fbe-8c0a-85f5ad0cbc0c,completed,2023-03-06 20:43:42.066461,,
85d57106-5dba-4a64-a7cc-8c94a73ceff9,completed,2023-03-06 20:43:42.066461,,
85d9a94d-7f85-4e44-9624-b5aa0d174594,completed,2023-03-06 20:43:42.066461,,
85df9b2f-1bb7-41ca-9db3-60dbadd7a888,completed,2023-03-06 20:43:42.066461,,
85e77cbf-ebc6-4e78-8a88-d63a26d58357,completed,2023-03-06 20:43:42.066461,,
85eb052b-034c-4a98-baf1-9baedbf8c525,completed,2023-03-06 20:43:42.066461,,
85edff72-ee06-47b2-af5a-26ba8ffbdacf,completed,2023-03-06 20:43:42.066461,X,
85f560a2-fbcd-49be-990e-952dcf675efe,completed,2023-03-06 20:43:42.066461,,
86044212-734b-46b0-a327-54d63c6de580,completed,2023-03-06 20:43:42.066461,,
861d765c-ed8b-4805-8b46-12597fb67c49,completed,2023-03-06 20:43:42.066461,,
8622c8f9-d568-47d5-a103-8a350a8d0da3,completed,2023-03-06 20:43:42.066461,,
8624fd4e-c4c5-447c-a322-616ceba9ce9e,completed,2023-03-06 20:43:42.066461,,
8625bf16-2935-4ed9-8517-4277ca58b895,completed,2023-03-06 20:43:42.066461,,
86289ff5-d707-4ce4-b9a8-f3b1d55de096,completed,2023-03-06 20:43:42.066461,,
863594ce-6aa6-4bc2-8207-6a4f85af2fc0,completed,2023-03-06 20:43:42.066461,,
86385b3b-7fc6-4d39-b532-96292372f03a,completed,2023-03-06 20:43:42.066461,,
8642e086-0ee3-4f15-9e94-1500e2dc5868,completed,2023-03-06 20:43:42.066461,,
8649a2d4-52d8-41fb-b8e6-820c36dd9e46,completed,2023-03-06 20:43:42.066461,,
864f0669-49e8-4ec2-a1db-f901fcd3fd3e,completed,2023-03-06 20:43:42.066461,,
8652210d-d72d-4462-89d2-45512cf00631,completed,2023-03-06 20:43:42.066461,,
865ea9f8-ad3f-42b7-885a-0eea6f7447be,completed,2023-03-06 20:43:42.066461,,
866873c4-cfb2-4435-a6b5-55e80ca70fa0,completed,2023-03-06 20:43:42.066461,,
866a9822-dcb6-4616-a50f-af5caac79736,completed,2023-03-06 20:43:42.066461,,
866dfadc-d3e5-4301-a132-51b94e6574fc,completed,2023-03-06 20:43:42.066461,,
866f4368-18fd-4abb-a8d5-4199a85f0dae,completed,2023-03-06 20:43:42.066461,,
86731e4e-a87b-43e6-b959-dcc1a9923bf3,completed,2023-03-06 20:43:42.066461,,
867868c2-fc70-40bc-9be3-6967c21345a5,completed,2023-03-06 20:43:42.066461,,
8686fc97-d474-4931-9154-eaaa5172c0ed,completed,2023-03-06 20:43:42.066461,,
86966bfd-e99a-45ac-91f5-28fb11b4689e,completed,2023-03-06 20:43:42.066461,,
86968dbe-87d0-4966-9b9d-2a26daf6c0ed,completed,2023-03-06 20:43:42.066461,,
8698ed4f-41cf-4b87-a303-c48b9e934677,completed,2023-03-06 20:43:42.066461,,
86a0e629-1649-4ced-862f-4fcc464b08c8,completed,2023-03-06 20:43:42.066461,,
86a60e22-1d53-4f4c-9a0a-11f99e2506fe,completed,2023-03-06 20:43:42.066461,,
86acbd7e-c140-4765-987f-8f683a8fe96d,completed,2023-03-06 20:43:42.066461,,
86adbc3a-76c8-447e-9953-781a46debecd,completed,2023-03-06 20:43:42.066461,,
86b3110b-7ca3-4a24-bd47-89140e9ca21d,completed,2023-03-06 20:43:42.066461,,
86be019f-41e2-418a-812e-b358628986ca,completed,2023-03-06 20:43:42.066461,,
86c07244-b2b1-4e93-8762-c279ec36b4f9,completed,2023-03-06 20:43:42.066461,,
86cb325f-4f0c-4244-a6bf-e8bb9ff8be79,completed,2023-03-06 20:43:42.066461,,
86cc6023-6024-457b-957c-bb642946d3e7,completed,2023-03-06 20:43:42.066461,,
86d06dd1-38d1-40cb-9cc8-8c5a0468abb0,completed,2023-03-06 20:43:42.066461,,
86d07f06-8690-4202-b6d9-f21419c7e9f5,completed,2023-03-06 20:43:42.066461,,
86d26236-6192-4bad-8d97-731be9640d78,completed,2023-03-06 20:43:42.066461,,
86d490f9-e73f-476a-a7c3-c52802cb0c0f,completed,2023-03-06 20:43:42.066461,,
86d93071-fcdc-429c-beff-8ff15ac69de3,completed,2023-03-06 20:43:42.066461,,
86ec723f-e63c-4fc3-b4d9-a0a864a37929,completed,2023-03-06 20:43:42.066461,,
86ed5157-35fa-43ef-9c8c-d2d51e7cbe26,completed,2023-03-06 20:43:42.066461,,
86f3ce42-76e6-4d44-9c23-b98330628403,completed,2023-03-06 20:43:42.066461,,
86f80fb0-1ae5-402e-bb0c-1dc7533d70e8,completed,2023-03-06 20:43:42.066461,,
86f87b9b-b157-488f-a075-f7218962afa8,completed,2023-03-06 20:43:42.066461,,
86f95701-cf25-41f1-abb2-1be711884788,completed,2023-03-06 20:43:42.066461,,
8704ad43-b52a-430d-b03b-56f8e902c02d,completed,2023-03-06 20:43:42.066461,,
870fa18b-ad48-4722-9444-6e2189d23dab,completed,2023-03-06 20:43:42.066461,,
8713aa71-7605-4db6-887b-54ac7ad2b5a7,completed,2023-03-06 20:43:42.066461,,
87148186-5bd1-401a-84cf-f007043e89f7,completed,2023-03-06 20:43:42.066461,,
871a5d7b-d91f-4fa2-869e-c3ccb6bb44da,completed,2023-03-06 20:43:42.066461,,
871cb3d8-8076-4317-ba6d-366972573821,completed,2023-03-06 20:43:42.066461,,
871cca7c-fdf4-4a39-b270-79eede043cce,completed,2023-03-06 20:43:42.066461,,
87236260-bcc8-448b-9656-efb5a89c2abb,completed,2023-03-06 20:43:42.066461,,
87247261-0558-4b9e-b6a8-8ae90bb12621,completed,2023-03-06 20:43:42.066461,,
872bcd50-4d5e-459e-bcdf-0785e503e95d,completed,2023-03-06 20:43:42.066461,,
87377528-0913-4308-a5a5-3e495ee8f200,completed,2023-03-06 20:43:42.066461,,
873f8c3f-9d05-429d-bce1-762d907994e7,completed,2023-03-06 20:43:42.066461,,
87418743-bb10-4a17-a4ea-747e239f09fa,completed,2023-03-06 20:43:42.066461,,
8751bc6b-68c1-42e8-ba1e-d0b9b5da8f9f,completed,2023-03-06 20:43:42.066461,,
87573168-ff5d-4ae5-9676-e84014bcc21d,completed,2023-03-06 20:43:42.066461,,
8758009e-ae70-473c-b1a5-3d79c53deef8,completed,2023-03-06 20:43:42.066461,,
8758c117-03ce-40d1-abba-abafecdf6869,completed,2023-03-06 20:43:42.066461,,
87594296-e9a8-43aa-9dd1-1b144afdc44c,completed,2023-03-06 20:43:42.066461,,
875cbcb7-7b23-465b-90ee-561cbd1055b6,completed,2023-03-06 20:43:42.066461,,
87634a7b-c34c-4843-82d2-eecbbd80a947,completed,2023-03-06 20:43:42.066461,,
876ba196-de35-431d-bf5e-1cd2dc512bf2,completed,2023-03-06 20:43:42.066461,,
8773b7c2-28b4-418c-9e04-9c9450f0e958,completed,2023-03-06 20:43:42.066461,,
877888fc-0550-49ac-b64a-b1ba648a92c3,completed,2023-03-06 20:43:42.066461,,X
8778a515-3765-4188-a281-66df5f5b61aa,completed,2023-03-06 20:43:42.066461,,
877e12eb-0898-4c10-9d49-79d792212b8c,completed,2023-03-06 20:43:42.066461,,
87849a2b-39bc-496c-88d0-f5a27109470e,completed,2023-03-06 20:43:42.066461,,
8785f827-f085-48d4-a407-10622cf09a8b,completed,2023-03-06 20:43:42.066461,,
87911ba9-63e0-4998-96c5-afdfd1bbda67,completed,2023-03-06 20:43:42.066461,,
879e47eb-2b42-47fb-93e5-7a1001065979,completed,2023-03-06 20:43:42.066461,,
87a0f783-0a06-4085-93c6-22fd3eb5aa8a,completed,2023-03-06 20:43:42.066461,,X
87a2eb2a-151d-47c5-9c44-de46928f681a,completed,2023-03-06 20:43:42.066461,,
87ab1ef8-a950-4266-a54a-d8639905b476,completed,2023-03-06 20:43:42.066461,,
87b2db47-84ed-405c-a223-5f1393298b13,completed,2023-03-06 20:43:42.066461,,
87bf0624-dd2b-44a7-b449-a7f962c0813c,completed,2023-03-06 20:43:42.066461,,
87cca45c-a0ac-4bde-a31f-0223317a34df,completed,2023-03-06 20:43:42.066461,,
87d72a0b-dea5-41cf-a3fb-f2a6f949c812,completed,2023-03-06 20:43:42.066461,,
87de6c54-d27f-40a4-bc2a-393a88175eba,completed,2023-03-06 20:43:42.066461,,
87f92cad-730f-488a-8ef5-acb1dac1d972,completed,2023-03-06 20:43:42.066461,,
8805954f-f41d-42f8-8d84-f5201b5c587e,completed,2023-03-06 20:43:42.066461,,
88084b12-a4e5-4963-ac1f-9abd8876f8f3,completed,2023-03-06 20:43:42.066461,,
880df1e0-7637-468d-8ef2-9609c38fe670,completed,2023-03-06 20:43:42.066461,,
88188fd1-48af-4278-946f-fdfb58530dc3,completed,2023-03-06 20:43:42.066461,,
881ae322-b255-4fde-85f1-17f61aaf382a,completed,2023-03-06 20:43:42.066461,,
882694ed-038c-4d5e-a440-9f3f60a38c50,completed,2023-03-06 20:43:42.066461,,
883619b3-4bf7-4a5a-a8ef-1db639e08415,completed,2023-03-06 20:43:42.066461,,
88399ecf-f041-4ccf-abf3-208277cc2fae,completed,2023-03-06 20:43:42.066461,,
8845c936-fbe6-42ea-a9c4-758683d2e897,completed,2023-03-06 20:43:42.066461,,
884eb8a3-66d6-441d-b8a1-3add747bddc9,completed,2023-03-06 20:43:42.066461,,
886095b2-05c6-4efd-801f-3c1f9676b412,completed,2023-03-06 20:43:42.066461,,
886bc626-bd73-4bd6-b564-5f2bbb9d6c92,completed,2023-03-06 20:43:42.066461,,
8877de30-6a75-4c63-97e2-919d5458bf02,completed,2023-03-06 20:43:42.066461,,
887b16ad-6857-4432-bab6-c97f156c485f,completed,2023-03-06 20:43:42.066461,,
887ed213-89ae-4157-a262-01985b3e1de0,completed,2023-03-06 20:43:42.066461,,
888ed52b-9b89-4178-bd52-12e9b210bb4a,completed,2023-03-06 20:43:42.066461,,
889183f3-c471-4434-8971-e2337e4ec439,completed,2023-03-06 20:43:42.066461,,
8892a7ef-25ff-43a7-85d1-693b84ca2c82,completed,2023-03-06 20:43:42.066461,,
8893ab7f-bacc-419f-b100-8d1e84e80edb,completed,2023-03-06 20:43:42.066461,,
8894bdb7-c37b-488e-b945-c128e5dd0d91,completed,2023-03-06 20:43:42.066461,,
889bf8e6-b9b4-4a61-a412-6af64d2ede06,completed,2023-03-06 20:43:42.066461,,
88a1b8fc-e1c8-41e8-b61c-c6f1c5950472,completed,2023-03-06 20:43:42.066461,,
88a1d954-ce79-41b2-b873-253d09e0c180,completed,2023-03-06 20:43:42.066461,,
88a3b5a1-7027-4b2e-a1fb-d49090b658e1,completed,2023-03-06 20:43:42.066461,,
88a6fc3f-2abe-4806-9813-0b6ce1802ab2,completed,2023-03-06 20:43:42.066461,,
88b0dee4-45f8-4e91-b01c-a7ff2f00d423,completed,2023-03-06 20:43:42.066461,,
88c03896-5b38-456e-af35-29eceb0745a8,completed,2023-03-06 20:43:42.066461,,
88d111f5-c3da-4704-9ac8-4ba65a9e8eca,completed,2023-03-06 20:43:42.066461,,
88d6f4f1-43ff-44bc-a08d-65d470434a66,completed,2023-03-06 20:43:42.066461,,
88e7fdaf-601d-44f5-b2c5-374c84102ed8,completed,2023-03-06 20:43:42.066461,,
88f48e63-b54f-479d-af84-5e10b6d86d42,completed,2023-03-06 20:43:42.066461,,
88fdd9e6-39fd-4f5b-8471-28b27d2ecbba,completed,2023-03-06 20:43:42.066461,,
88fec2d6-5167-4849-a775-59a39e85d326,completed,2023-03-06 20:43:42.066461,,
890202f3-00b4-4ab5-bffb-3efe7913f17e,completed,2023-03-06 20:43:42.066461,,
890266fe-b9af-48a3-aa53-8106f199dd74,completed,2023-03-06 20:43:42.066461,,
8907fd0c-9da9-44a6-a240-81afa6fcd2cf,completed,2023-03-06 20:43:42.066461,,
890f073f-a408-4f9f-abbd-6d1bb0b69886,completed,2023-03-06 20:43:42.066461,,
8911deec-e370-44da-bc5c-ff5aadc33517,completed,2023-03-06 20:43:42.066461,,
891f9ce8-4f28-4e0d-b118-000087d9fd18,completed,2023-03-06 20:43:42.066461,,
8923f86e-31c5-4d21-8576-3e6f4a1d7956,completed,2023-03-06 20:43:42.066461,,
89263e16-6580-41b6-a3aa-a8217b061bda,completed,2023-03-06 20:43:42.066461,,
8926bc45-6a62-4d22-84d7-dea070f7fe3d,completed,2023-03-06 20:43:42.066461,,
8932b0ec-626b-4731-8194-306e862d126d,completed,2023-03-06 20:43:42.066461,,
893380cf-7ca1-452a-bef8-8eacaff19f29,completed,2023-03-06 20:43:42.066461,,
893872de-3d98-453b-b7bf-1a27e9cf5035,completed,2023-03-06 20:43:42.066461,,
893a9cc8-a53e-4bc4-ba19-84028b270237,completed,2023-03-06 20:43:42.066461,,
893c44f2-ed80-484e-9702-88ef88e41cda,completed,2023-03-06 20:43:42.066461,,
893e589e-1d61-4565-8931-adba8089fc3b,completed,2023-03-06 20:43:42.066461,,
894c1614-a366-481b-9a7e-8ae92536c4f2,completed,2023-03-06 20:43:42.066461,,
894dc853-84b5-4159-a9cb-135be6674941,completed,2023-03-06 20:43:42.066461,,
894f574f-8a49-4ef9-842a-832e504ef4af,completed,2023-03-06 20:43:42.066461,,
89526146-b9e8-4bd6-b149-6708e590eea1,completed,2023-03-06 20:43:42.066461,,
8956e20e-f45c-4fb6-b53d-fe037d20e706,completed,2023-03-06 20:43:42.066461,,
895747cd-fd8a-469a-a8a0-b432d049ef35,completed,2023-03-06 20:43:42.066461,,
89585d81-6ea4-46d7-9495-6c2c228407c0,completed,2023-03-06 20:43:42.066461,,
895f725c-b281-4e4b-ad55-92ea4a5c3dd7,completed,2023-03-06 20:43:42.066461,,
89601b96-e381-4b8d-acb4-8c07defc8554,completed,2023-03-06 20:43:42.066461,,
8962120a-0eaf-456e-affc-ec4f66bf25fe,completed,2023-03-06 20:43:42.066461,,
896336ee-c83c-42e8-bda1-2f49f8397b1e,completed,2023-03-06 20:43:42.066461,,
897846a7-8d43-4b61-8383-84f34cab9fd7,completed,2023-03-06 20:43:42.066461,,
897c3cd6-75d1-40a7-98fc-675359c276b6,completed,2023-03-06 20:43:42.066461,,
8981bf03-1a28-455e-a1e6-0b6420d72ed7,completed,2023-03-06 20:43:42.066461,,
899e8120-f020-4647-a190-f591579ba818,completed,2023-03-06 20:43:42.066461,,
89a27d08-1f2b-4b52-9594-472849ce91ae,completed,2023-03-06 20:43:42.066461,,
89aea44f-9248-492e-b09b-4aca7147dafb,completed,2023-03-06 20:43:42.066461,,
89aef7ca-9dba-4a32-8bf1-027b2d95221b,completed,2023-03-06 20:43:42.066461,,
89b10533-e101-4115-b475-1717760850d6,completed,2023-03-06 20:43:42.066461,,
89b3bd48-c25b-4a2b-bf98-0b2809cc1406,completed,2023-03-06 20:43:42.066461,,
89b833d7-ea41-4ab2-b383-20aee63c3a00,completed,2023-03-06 20:43:42.066461,X,
89bd1c0d-46dd-4409-be40-5fb96d8635f7,completed,2023-03-06 20:43:42.066461,,
89be6a5d-5a20-4b12-9004-274d86970011,completed,2023-03-06 20:43:42.066461,,
89c182e3-d5d7-47fc-be4a-a18fd30ee8e8,completed,2023-03-06 20:43:42.066461,,
89ca801e-bf9b-4eb7-b953-aca921614776,completed,2023-03-06 20:43:42.066461,,
89d4586f-acd4-4cb9-add4-e44285c23f8c,completed,2023-03-06 20:43:42.066461,,
89e71264-af8c-4869-be4a-c669b005d194,completed,2023-03-06 20:43:42.066461,,
89e85830-e97f-49b9-9fb1-13a2e57495fe,completed,2023-03-06 20:43:42.066461,,
89ea21fe-b091-47f1-87e9-8f4cf54956be,completed,2023-03-06 20:43:42.066461,,
89fd2b5c-7e9a-453f-bc9b-8e601708d77f,completed,2023-03-06 20:43:42.066461,,
8a04c9c3-f8d5-4614-b320-73cd87142c55,completed,2023-03-06 20:43:42.066461,,
8a0b2dc2-0e56-42a8-98f1-62d0dfca2173,completed,2023-03-06 20:43:42.066461,,
8a0cbdf9-cd17-4f82-80b9-3e031eabccfb,completed,2023-03-06 20:43:42.066461,,
8a1ee875-4c84-46bc-9cf4-2a5362ce55c0,completed,2023-03-06 20:43:42.066461,,
8a21c9ed-3aa3-40eb-9617-cf70ee35af1b,completed,2023-03-06 20:43:42.066461,,
8a2414b5-d58b-4bdf-98f4-7fc1ace276b5,completed,2023-03-06 20:43:42.066461,,
8a27650a-8399-4f94-831f-db00e44a7f90,completed,2023-03-06 20:43:42.066461,,
8a2bd2a6-534e-4208-800a-f86309d10c4c,completed,2023-03-06 20:43:42.066461,,
8a382e16-62a8-4955-89b9-b796ab7dec5a,completed,2023-03-06 20:43:42.066461,,
8a4012b8-b45e-44b7-9c0f-f1c7b04d99bf,completed,2023-03-06 20:43:42.066461,,
8a415cab-7036-45b8-a0a8-75ba40081e03,completed,2023-03-06 20:43:42.066461,,
8a43f43c-cdf6-4ff5-bd87-7a5f46c20999,completed,2023-03-06 20:43:42.066461,,
8a44bf0c-6664-45a0-a2e1-cb18ab5750e3,completed,2023-03-06 20:43:42.066461,,
8a521f42-6502-4ba5-b4f3-489bf654b5f3,completed,2023-03-06 20:43:42.066461,,
8a5916e8-467f-4e95-adb4-795d53cc3078,completed,2023-03-06 20:43:42.066461,,
8a5d82be-ab19-463e-b671-f57c1dbb8ce7,completed,2023-03-06 20:43:42.066461,,
8a648e38-5b37-4b71-a9d5-5edeeacfefd4,completed,2023-03-06 20:43:42.066461,,
8a66bead-e7d1-4031-8e93-aeb012da3650,completed,2023-03-06 20:43:42.066461,,
8a6a7e40-a26e-4f9e-8efd-3ec8177a6e62,completed,2023-03-06 20:43:42.066461,,
8a73ae47-7cbc-443c-8c55-579cc903f69e,completed,2023-03-06 20:43:42.066461,,
8a753e66-f1d0-422e-a1c0-11c27ff6f204,completed,2023-03-06 20:43:42.066461,,
8a799808-0f11-432a-af1c-799fb2aa4dce,completed,2023-03-06 20:43:42.066461,,
8a826cb3-1784-448f-b7e2-e9e12bf8a01d,completed,2023-03-06 20:43:42.066461,,
8a8848d4-3fca-4b93-ac84-91d93554f84c,completed,2023-03-06 20:43:42.066461,,
8a906c8a-eb95-4211-be84-3d8e75d0f8dc,completed,2023-03-06 20:43:42.066461,,
8a95e8d4-1dae-4bda-9b02-04b924e62b76,completed,2023-03-06 20:43:42.066461,,
8a966dfd-f370-481e-b4d5-b0fad893ac86,completed,2023-03-06 20:43:42.066461,,
8a97f759-6ab0-4425-9ec1-af5cd8299f97,completed,2023-03-06 20:43:42.066461,,
8a9cf427-32f4-45c3-bcbf-37469f2f0824,completed,2023-03-06 20:43:42.066461,,
8a9d1225-4002-4d2a-987c-0d91c3991300,completed,2023-03-06 20:43:42.066461,,
8aa5d57c-5dd3-42a0-98ec-ce64963fe72e,completed,2023-03-06 20:43:42.066461,,
8aae7582-2f73-48aa-91a0-e3aa514880e8,completed,2023-03-06 20:43:42.066461,,
8aaea043-9f70-4df8-998b-1fd8986a181d,completed,2023-03-06 20:43:42.066461,,
8ab042fc-4ebe-4a88-8313-338e98a2540a,completed,2023-03-06 20:43:42.066461,,
8ab4fc41-3f31-4d32-a438-75bd436a9351,completed,2023-03-06 20:43:42.066461,,
8abd0fe8-2887-44ad-b5d0-39c4969e4899,completed,2023-03-06 20:43:42.066461,,
8abde9a6-521e-4ef5-a85b-9efefe8c004a,completed,2023-03-06 20:43:42.066461,,
8ac44642-1581-4b28-9856-d6fc9a43d060,completed,2023-03-06 20:43:42.066461,,
8acce95c-9f06-40d2-be75-6fa4e5e6fed7,completed,2023-03-06 20:43:42.066461,,
8acdb8af-938f-4775-ae2d-681a59e67bf6,completed,2023-03-06 20:43:42.066461,,
8ad07074-6a76-452b-8e6c-1cd8343bd3e0,completed,2023-03-06 20:43:42.066461,X,
8ad0973d-9a29-400c-9ef6-e3f7983c50ee,completed,2023-03-06 20:43:42.066461,,
8ad8ee00-2854-49b2-9069-b308e70608f9,completed,2023-03-06 20:43:42.066461,,
8adcd08d-a5f2-4356-a183-ab228cc87f95,completed,2023-03-06 20:43:42.066461,,
8ae40d41-49ce-4678-ae3f-7ea232d6abf4,completed,2023-03-06 20:43:42.066461,,
8ae66e8f-43a9-4deb-9a6b-f75b8812a0aa,completed,2023-03-06 20:43:42.066461,,
8ae9db20-f8bd-4b35-97e6-4d2ee86fa11f,completed,2023-03-06 20:43:42.066461,,
8aeea3da-36f4-46c5-b537-e34d40a45802,completed,2023-03-06 20:43:42.066461,,
8afefa52-c184-4579-a457-33ac986de630,completed,2023-03-06 20:43:42.066461,,
8b06fc75-78fc-4104-9598-e36daa9eb161,completed,2023-03-06 20:43:42.066461,,
8b0bf491-db7f-4cd6-8634-7f79255926a4,completed,2023-03-06 20:43:42.066461,,
8b153e37-cd86-49fd-ae44-b23cfa4e11cc,completed,2023-03-06 20:43:42.066461,,
8b196dcd-790c-4be4-9ecf-8b17e47d10d9,completed,2023-03-06 20:43:42.066461,,
8b2412e7-2fa4-4fcb-9798-41c23ac813db,completed,2023-03-06 20:43:42.066461,,
8b26d62c-dfc9-4553-b928-99651213aa8e,completed,2023-03-06 20:43:42.066461,,
8b27556e-39e1-4803-bfc6-e620c55c13f2,completed,2023-03-06 20:43:42.066461,,
8b3b7599-87b2-452d-bcfe-70e8dfe00181,completed,2023-03-06 20:43:42.066461,,
8b42e05b-630f-40d3-8561-145e3bd19084,completed,2023-03-06 20:43:42.066461,,
8b46cb97-7584-4c8a-b792-4b3b4cc6751c,completed,2023-03-06 20:43:42.066461,,
8b483a81-6743-48d8-9e3a-037152066c39,completed,2023-03-06 20:43:42.066461,,
8b59c4d3-c096-45f5-849c-825eb9d32d8c,completed,2023-03-06 20:43:42.066461,,
8b67e6d2-f401-4224-9ff1-51fd321f934b,completed,2023-03-06 20:43:42.066461,,
8b6f2b6b-6721-42a6-bd02-24383244d11a,completed,2023-03-06 20:43:42.066461,,
8b6fc0cd-c549-4845-8a59-963216a4edcf,completed,2023-03-06 20:43:42.066461,,
8b7c30dc-2290-48f8-897d-4263baf69a7a,completed,2023-03-06 20:43:42.066461,,
8b8268a0-bc84-4e9b-ae30-4a9d17168ee1,completed,2023-03-06 20:43:42.066461,,
8b90634c-4bcd-4207-97f4-8c7198020885,completed,2023-03-06 20:43:42.066461,X,
8b93c5b6-f0f3-43ad-aaa9-8ecc1e90065d,completed,2023-03-06 20:43:42.066461,,
8ba09bd9-3bb3-4c47-aea2-0c7916cf635b,completed,2023-03-06 20:43:42.066461,,
8ba2305c-ee61-4064-94f2-920b310ecb17,completed,2023-03-06 20:43:42.066461,,
8bac1b51-52cf-4179-a77f-cdfbded67965,completed,2023-03-06 20:43:42.066461,,
8baf5e43-6e5f-49db-b443-4f353f00c63f,completed,2023-03-06 20:43:42.066461,,
8bbde60b-16b9-4484-b8c5-7ce0f5412948,completed,2023-03-06 20:43:42.066461,,
8bc008af-e806-4510-9179-a2f6a4098b97,completed,2023-03-06 20:43:42.066461,,
8bc2737d-f382-4ae3-9cb0-e1a7a187b7fc,completed,2023-03-06 20:43:42.066461,,
8bc27c19-4f8d-432b-9545-b0336592bbc5,completed,2023-03-06 20:43:42.066461,,
8bc3cc48-085b-40a7-bde0-f7729452c158,completed,2023-03-06 20:43:42.066461,,
8bca2202-20d3-477f-b9b8-d98afb48a5e7,completed,2023-03-06 20:43:42.066461,,
8bcd8371-5191-449c-b63e-6277389794a6,completed,2023-03-06 20:43:42.066461,,
8bcff705-dcc6-4a86-8a41-89ffbdfe1c5f,completed,2023-03-06 20:43:42.066461,,
8bdbd6e4-29d4-444b-8022-fc31c7b4bb11,completed,2023-03-06 20:43:42.066461,,
8be03ee7-f3e5-44d1-8700-f1a837495606,completed,2023-03-06 20:43:42.066461,,
8be6da0b-0383-4358-bb0d-69563019bd22,completed,2023-03-06 20:43:42.066461,,
8be863c5-88a6-4158-b4c3-cedde476e10b,completed,2023-03-06 20:43:42.066461,,
8be99adf-20d5-4b17-beee-959ea9d0d6f2,completed,2023-03-06 20:43:42.066461,,
8beec1e6-c238-4a8d-b2b6-b1674cccf5fc,completed,2023-03-06 20:43:42.066461,,
8bf4746f-e2ce-4266-bd40-dfcd6da8ee53,completed,2023-03-06 20:43:42.066461,,
8bff6f97-fddc-4182-ac27-b6c770a8663b,completed,2023-03-06 20:43:42.066461,,
8c00d300-dedc-46b2-a2c4-bd39d0937f76,completed,2023-03-06 20:43:42.066461,,
8c0cb60a-c70a-489f-9604-e87ff426303d,completed,2023-03-06 20:43:42.066461,,
8c0ffd62-45fe-4d46-9b82-9ba9dc6d350f,completed,2023-03-06 20:43:42.066461,,
8c1400db-98ff-483a-8267-9ed6cc3491ad,completed,2023-03-06 20:43:42.066461,,
8c169823-0612-45ce-9e8a-044ca30ae88f,completed,2023-03-06 20:43:42.066461,,
8c189797-d25d-4da6-b464-23acd7346810,completed,2023-03-06 20:43:42.066461,,
8c1eff19-777a-4f87-8797-3c8a4c386b69,completed,2023-03-06 20:43:42.066461,,
8c24f7e4-4042-4887-8cbd-fbbaa3319ec7,completed,2023-03-06 20:43:42.066461,,
8c2bfcde-8ab9-4517-8596-5c7dad27f76d,completed,2023-03-06 20:43:42.066461,,
8c2f05b3-b2a4-4faf-8825-9d319bea91d9,completed,2023-03-06 20:43:42.066461,,
8c3c2c5c-9e9b-44a8-904b-82697b5a99df,completed,2023-03-06 20:43:42.066461,,
8c3f7ddf-efae-40a0-947e-020135355856,completed,2023-03-06 20:43:42.066461,,
8c4153e4-c642-4d17-a41e-d0516c4ea97e,completed,2023-03-06 20:43:42.066461,,
8c50991b-d708-4aba-9d91-36160052a808,completed,2023-03-06 20:43:42.066461,,
8c567ea7-6d46-4b55-913a-f8680c97afb0,completed,2023-03-06 20:43:42.066461,,
8c61ed86-b105-418b-b8ed-2648fd78106d,completed,2023-03-06 20:43:42.066461,,
8c66c815-be0e-4402-bdb6-19772836660f,completed,2023-03-06 20:43:42.066461,,
8c6f7f99-fa18-4fd5-b245-37d9402c3d16,completed,2023-03-06 20:43:42.066461,,
8c6fcc3d-fdb2-4c87-a03e-1fc46d9ac191,completed,2023-03-06 20:43:42.066461,,
8c708d32-2b24-4027-94c1-c2c5d85677fb,completed,2023-03-06 20:43:42.066461,,
8c7a6e99-97be-4cfc-ae8b-1910e17849bd,completed,2023-03-06 20:43:42.066461,,
8c7d6c92-7856-4cf5-bca1-3ca8ec6039be,completed,2023-03-06 20:43:42.066461,,
8c8141ed-735a-4767-86c3-016b189fc10b,completed,2023-03-06 20:43:42.066461,,
8c8495a8-e8b4-4800-a9a2-c10785811642,completed,2023-03-06 20:43:42.066461,,
8c861671-5a70-45d1-8bd9-03ed2787bb83,completed,2023-03-06 20:43:42.066461,,
8c8db4f1-b7bf-4a6c-b8d9-f218fe319d45,completed,2023-03-06 20:43:42.066461,,
8c9856dd-bfde-4f3f-9bbd-cf4320f03d5b,completed,2023-03-06 20:43:42.066461,,
8c9adcaf-f689-466f-9ea0-638daba45e2c,completed,2023-03-06 20:43:42.066461,,
8ca59cfe-482c-45ed-9be0-e0ee224a5a97,completed,2023-03-06 20:43:42.066461,,
8ca84ef0-4abe-440d-982e-c991dda00504,completed,2023-03-06 20:43:42.066461,,
8cb32ddd-043a-4bbd-a213-804f4bd044e6,completed,2023-03-06 20:43:42.066461,,
8cb7a244-69fb-4b45-8321-4d54092b4836,completed,2023-03-06 20:43:42.066461,,
8ccf7202-5106-409e-bf1f-0b4dd800a00d,completed,2023-03-06 20:43:42.066461,X,
8cd91232-8589-4874-b2c8-cd63ee9a012d,completed,2023-03-06 20:43:42.066461,,
8ce022e3-678e-41cb-90c5-45654f2057b7,completed,2023-03-06 20:43:42.066461,,
8ce0bca0-4795-4f0e-bf7a-5c2f2851426b,completed,2023-03-06 20:43:42.066461,,
8ce6d847-3878-4f45-a367-f4290f403533,completed,2023-03-06 20:43:42.066461,,
8cf77b9e-112e-4779-b1c7-56898f3c0793,completed,2023-03-06 20:43:42.066461,,
8cfad316-99e2-4aef-b9ba-a0b60a595ca7,completed,2023-03-06 20:43:42.066461,,
8d04ecee-c9bc-4fb7-9317-0983d40c8eb3,completed,2023-03-06 20:43:42.066461,,
8d09c9a6-8506-4375-8cc2-9cfca7948b1e,completed,2023-03-06 20:43:42.066461,,
8d1078ce-0959-4ab5-a30d-e2c6308072f3,completed,2023-03-06 20:43:42.066461,,
8d2c3c6d-15f4-41c9-8985-2794d107331c,completed,2023-03-06 20:43:42.066461,,
8d359dc3-5d3a-4378-b069-c3156b905314,completed,2023-03-06 20:43:42.066461,,
8d36af0d-cf48-46fa-8344-99a4b6e31597,completed,2023-03-06 20:43:42.066461,,
8d3960d6-ad51-4799-8866-661067d535ea,completed,2023-03-06 20:43:42.066461,,
8d39ab6b-6e31-43c9-bd56-439c992ebf4a,completed,2023-03-06 20:43:42.066461,,
8d3b1b46-62b5-40b4-9944-16696d2c2aa0,completed,2023-03-06 20:43:42.066461,,
8d3cd602-585d-4269-b258-20d21bc245c0,completed,2023-03-06 20:43:42.066461,,
8d41c7ca-5de0-4f89-8b4f-77d380c4d62c,completed,2023-03-06 20:43:42.066461,,
8d48ea50-463f-4a4a-8c4b-daee4f9263be,completed,2023-03-06 20:43:42.066461,,
8d50229e-fced-4c9d-adca-bcc5369fe9f1,completed,2023-03-06 20:43:42.066461,,
8d61ce10-11f6-4615-998b-961257ca5d60,completed,2023-03-06 20:43:42.066461,,
8d6920c7-064a-41a8-a187-d20a02d81b7d,completed,2023-03-06 20:43:42.066461,,
8d790f56-2b8a-48b1-9deb-c253f3d853cf,completed,2023-03-06 20:43:42.066461,,
8d7cd8cd-9bdb-4cf8-a8b0-2baa6b5359e7,completed,2023-03-06 20:43:42.066461,,
8d800f1a-d73f-4e22-835c-572333b534ed,completed,2023-03-06 20:43:42.066461,,
8d819bbc-75d7-4ca0-b8a9-ff190ccfdfeb,completed,2023-03-06 20:43:42.066461,,
8d851d76-4590-491c-8bc4-151c66e5fe1b,completed,2023-03-06 20:43:42.066461,,X
8d89fe5c-7f94-42d1-9514-e9a7f9bda8cd,completed,2023-03-06 20:43:42.066461,,
8d90ba82-3368-42fc-aa78-3f5946723b36,completed,2023-03-06 20:43:42.066461,,
8d9aedb5-6fe6-41e9-94ba-28d006fdc725,completed,2023-03-06 20:43:42.066461,,
8da2334e-e255-4d81-9fe4-655445d38076,completed,2023-03-06 20:43:42.066461,,
8dacfc16-8fc8-4ddd-9475-b75d38de9c40,completed,2023-03-06 20:43:42.066461,,
8db86634-cc88-4d26-8a25-fb63bc433c57,completed,2023-03-06 20:43:42.066461,,
8dc21a1a-0c2f-4605-9f5b-21c94d8b7c7f,completed,2023-03-06 20:43:42.066461,,
8dc33080-6655-437f-a67d-a5f6c923a0ed,completed,2023-03-06 20:43:42.066461,,
8dc3a96f-6f3a-4a73-891c-e17a232256fc,completed,2023-03-06 20:43:42.066461,,
8dc74441-0a5f-4f1f-9a57-c63e72564ed2,completed,2023-03-06 20:43:42.066461,,
8dcd6784-7bf4-4d9e-8567-8f2b4cdd16d0,completed,2023-03-06 20:43:42.066461,,
8dd56fe0-7402-43dc-8e0e-dbb3dfc01b3e,completed,2023-03-06 20:43:42.066461,,
8dd6d5ac-c454-41a2-8a9e-ca590763c22e,completed,2023-03-06 20:43:42.066461,X,
8de2d751-dad0-4f75-af95-101873df787c,completed,2023-03-06 20:43:42.066461,,
8de62d2b-31b0-4ef2-92fa-063c9461fff6,completed,2023-03-06 20:43:42.066461,,
8de71a88-b70f-4597-b02a-c4527e0bc4e5,completed,2023-03-06 20:43:42.066461,,
8de75631-614d-4aba-bdad-b7f4e676953b,completed,2023-03-06 20:43:42.066461,,
8de7dd96-3e00-495c-9ea4-0eb92399d7c0,completed,2023-03-06 20:43:42.066461,,
8df14e74-6925-45e3-8d93-4807cba2b0e0,completed,2023-03-06 20:43:42.066461,,
8df2a17d-4f31-4aeb-b7d4-45f945b82b47,completed,2023-03-06 20:43:42.066461,,
8dfa39ce-f6c5-4944-8424-740b021c69db,completed,2023-03-06 20:43:42.066461,,
8e010359-8e9c-4889-876f-ba6cceb5c1e1,completed,2023-03-06 20:43:42.066461,,
8e023aa5-4008-4cf5-ae3c-d066d80d51ab,completed,2023-03-06 20:43:42.066461,,
8e044e61-b712-4362-9de3-2e5a647a8222,completed,2023-03-06 20:43:42.066461,,
8e04ed8f-993b-4702-9c1a-98a5daa04b1c,completed,2023-03-06 20:43:42.066461,,
8e064b16-e6e4-457d-bcaf-90f18cf02ed0,completed,2023-03-06 20:43:42.066461,,
8e0a87d5-783a-4179-a4f0-c50c4cdb2fc3,completed,2023-03-06 20:43:42.066461,,
8e0cdf47-c988-4cad-bc02-0483514d8784,completed,2023-03-06 20:43:42.066461,,
8e0f488e-6bd1-4574-8b49-8d8c0074cc36,completed,2023-03-06 20:43:42.066461,,
8e10c49e-6218-49a5-8889-3ac82c138eb2,completed,2023-03-06 20:43:42.066461,,
8e14590a-0777-49b4-abcc-b8ba90cd9b66,completed,2023-03-06 20:43:42.066461,,
8e16b492-58cb-4fa8-9589-ac9a97583cc8,completed,2023-03-06 20:43:42.066461,,
8e1831ea-bb63-432e-86f4-dadaa31283f8,completed,2023-03-06 20:43:42.066461,,
8e265011-4a69-42fd-a74c-a344a76e990c,completed,2023-03-06 20:43:42.066461,X,
8e28f50b-c186-4ba0-b934-aac032d045c1,completed,2023-03-06 20:43:42.066461,,
8e2bca21-edbd-4bab-8c46-fb7d79b77836,completed,2023-03-06 20:43:42.066461,,
8e31c1c3-ab09-4e45-9147-01f1acd97e0e,completed,2023-03-06 20:43:42.066461,,
8e35ec95-d03c-4987-868f-9f6fe8e34db0,completed,2023-03-06 20:43:42.066461,,
8e373bdf-de62-4cdd-9bee-d82f6bdcfa3d,completed,2023-03-06 20:43:42.066461,,
8e3c012e-2d6a-4b3c-8a91-1b7dd04551f6,completed,2023-03-06 20:43:42.066461,,
8e3d1e9d-f704-4a83-84ca-865736c88a38,completed,2023-03-06 20:43:42.066461,,
8e47622e-cfeb-4353-852d-300e42879fe2,completed,2023-03-06 20:43:42.066461,,
8e47871c-eebc-4238-9222-13b847599840,completed,2023-03-06 20:43:42.066461,,
8e47d7bf-6e3a-409d-9801-7ac1cde9d21c,completed,2023-03-06 20:43:42.066461,,
8e4f2dd8-d6c9-4543-8b05-98df8f2c4606,completed,2023-03-06 20:43:42.066461,,
8e502b4a-efe9-4103-b908-7ad478ca2e4e,completed,2023-03-06 20:43:42.066461,,
8e50d772-383b-4f2b-9ed7-2c03cdde0ee9,completed,2023-03-06 20:43:42.066461,,
8e524195-c2e4-4c6d-b9fb-18a8b5cbec28,completed,2023-03-06 20:43:42.066461,,
8e537aa8-1d01-4ecc-85d8-06509efdd34a,completed,2023-03-06 20:43:42.066461,,
8e62703f-f86a-4cbd-b307-03a2eaa9e19a,completed,2023-03-06 20:43:42.066461,,
8e696275-86fc-4147-97b6-39e56233cc84,completed,2023-03-06 20:43:42.066461,,
8e709fbf-4b0e-4cbe-9bdf-1061c459794f,completed,2023-03-06 20:43:42.066461,,
8e71bb8e-c71d-4cba-9604-ef8e0991c072,completed,2023-03-06 20:43:42.066461,,
8e777986-19d2-4f5f-8bcb-dfcb59e7dd05,completed,2023-03-06 20:43:42.066461,,
8e7f5fff-d05e-462a-bc69-09d787ed7762,completed,2023-03-06 20:43:42.066461,,
8e80088b-e81b-4ba5-b64a-5001d140b9b3,completed,2023-03-06 20:43:42.066461,,
8e8ec0d0-1387-414d-8a5d-7ca97cd46338,completed,2023-03-06 20:43:42.066461,,
8e99ab4b-7132-4739-a365-4f314101cc00,completed,2023-03-06 20:43:42.066461,,
8e99cf72-6d1d-4b4e-bf03-7e00aaf7503a,completed,2023-03-06 20:43:42.066461,,
8e9c8733-932c-4ec2-b1c1-c2dc432da1b8,completed,2023-03-06 20:43:42.066461,,
8e9f4b2b-9461-40be-bf8a-dececc9a5f6d,completed,2023-03-06 20:43:42.066461,,
8ea79e25-d725-46c4-a112-6a0a9f7614eb,completed,2023-03-06 20:43:42.066461,,
8ea99152-a719-427e-8e7d-1c4d4a0a6715,completed,2023-03-06 20:43:42.066461,,
8eabcd09-e132-4d2b-9913-b88e790119cb,completed,2023-03-06 20:43:42.066461,,
8eb02531-29a1-49d6-b3fb-877a3f366970,completed,2023-03-06 20:43:42.066461,,
8eb1b486-0579-4ef5-933e-7ce9097a1cbe,completed,2023-03-06 20:43:42.066461,,
8eba470f-9c7a-47fc-9bbd-5a942a599a1d,completed,2023-03-06 20:43:42.066461,,
8ec87018-1a38-4b3b-a1c8-fba1d2aed20f,completed,2023-03-06 20:43:42.066461,,
8ecc0f55-0f08-41b4-aa89-c6d8a7758dea,completed,2023-03-06 20:43:42.066461,,
8ed0ac52-fe78-427b-84fa-392ae94be8d5,completed,2023-03-06 20:43:42.066461,,
8ed8cf3e-a8bb-44fa-9bf2-de0e7a2059ea,completed,2023-03-06 20:43:42.066461,,
8ed920e8-0867-4f33-9d00-8dc9d5d22559,completed,2023-03-06 20:43:42.066461,,
8eec5a6b-d739-4617-ae2f-6754f3a0bee3,completed,2023-03-06 20:43:42.066461,,
8eed8b4b-ab7c-406c-8c63-23d914d7683e,completed,2023-03-06 20:43:42.066461,,
8ef0141f-f557-429f-b4f5-7553e0c90dad,completed,2023-03-06 20:43:42.066461,,
8ef02261-6888-49e8-ba2b-ccf3ac106291,completed,2023-03-06 20:43:42.066461,,
8ef423b9-6826-4b48-adec-b21c7c534614,completed,2023-03-06 20:43:42.066461,,
8f00b83b-c60e-47d3-91a1-d2517967f477,completed,2023-03-06 20:43:42.066461,,
8f033322-f102-404f-8830-0b9c1942ac8d,completed,2023-03-06 20:43:42.066461,,
8f04a295-d400-4d6a-874e-3af6e0cf5c0f,completed,2023-03-06 20:43:42.066461,,
8f0af79c-417d-4742-9d84-51a75cb2b8ac,completed,2023-03-06 20:43:42.066461,,
8f0c1c93-bfa7-4013-adab-187a2ddbe437,completed,2023-03-06 20:43:42.066461,,
8f16db45-24f4-4bb8-8d7d-f8d226ea62a2,completed,2023-03-06 20:43:42.066461,,X
8f2271c2-809c-4ad8-aedc-1fd14a2b7afc,completed,2023-03-06 20:43:42.066461,,
8f2528d2-71ff-4f50-8f5d-57ef43eaf264,completed,2023-03-06 20:43:42.066461,,
8f48421f-a6f0-4c08-adeb-cb147a42ef3f,completed,2023-03-06 20:43:42.066461,,
8f4ad51e-dc48-45e3-a0ee-fee028655512,completed,2023-03-06 20:43:42.066461,,
8f620ad1-b454-4a1c-8d30-81a9ea65c345,completed,2023-03-06 20:43:42.066461,,
8f66295a-2d69-46ab-97b8-7f70cc007af6,completed,2023-03-06 20:43:42.066461,,
8f6b027f-44fd-4ba6-a163-f909d96537ed,completed,2023-03-06 20:43:42.066461,,
8f7159ad-28bb-4068-b420-a7679631263d,completed,2023-03-06 20:43:42.066461,,
8f73776b-624c-47d3-a04c-9cc4dfcb8d34,completed,2023-03-06 20:43:42.066461,,
8f79a17a-4490-4d8b-9875-4494ef798290,completed,2023-03-06 20:43:42.066461,,
8f831dad-1da4-4b1f-8902-1193e4c19405,completed,2023-03-06 20:43:42.066461,,
8f863263-5b62-4985-a3f4-e845a3a22d90,completed,2023-03-06 20:43:42.066461,,
8f8c6149-3434-49b4-95f8-735acf605873,completed,2023-03-06 20:43:42.066461,,
8fa89407-ef0a-49a8-b7f1-7573be855bfd,completed,2023-03-06 20:43:42.066461,,
8fb44fdc-2a8f-449c-98d9-6317c1130292,completed,2023-03-06 20:43:42.066461,,
8fbe029c-d449-4fb4-9d32-d8d61c205a02,completed,2023-03-06 20:43:42.066461,,
8fc65852-a780-45c8-b3a6-bc6243a8cd16,completed,2023-03-06 20:43:42.066461,,
8fd16fe2-b8de-4c59-97e1-08d65c4c4dce,completed,2023-03-06 20:43:42.066461,,
8fd249b2-3752-49d9-834f-6fa8e725a47b,completed,2023-03-06 20:43:42.066461,,
8fd2bb9d-0e5c-411a-8f02-208b6255bc0a,completed,2023-03-06 20:43:42.066461,,
8fd5a525-22d7-4b83-b90b-837154fe5e49,completed,2023-03-06 20:43:42.066461,,
8fd68091-c1d3-4ca9-982e-4d8eb87dedb0,completed,2023-03-06 20:43:42.066461,,
8fe33066-0dc6-423d-ba16-bdb13c3963d0,completed,2023-03-06 20:43:42.066461,,
8fe366b4-765a-4293-b8e8-be54ff07239a,completed,2023-03-06 20:43:42.066461,,
8ff0b76c-345e-43af-a800-89fcbf0041c3,completed,2023-03-06 20:43:42.066461,,
8ff24643-9b23-4675-9bc7-1c91e702b73d,completed,2023-03-06 20:43:42.066461,,
90006951-4272-42df-a35c-c83ffc97c0c7,completed,2023-03-06 20:43:42.066461,,
9001b2e7-0d8f-4044-bbf0-39fec145c927,completed,2023-03-06 20:43:42.066461,,
9001f788-6fcb-4d8b-b373-fe3ebe090395,completed,2023-03-06 20:43:42.066461,,
900392dd-1f1e-4dbe-9dcf-ab0ec237c703,completed,2023-03-06 20:43:42.066461,,
90079f4e-5d6a-4c9d-9570-d4e9336e24a7,completed,2023-03-06 20:43:42.066461,,
900d22a6-50f7-412e-8d99-85ca1cc5c153,completed,2023-03-06 20:43:42.066461,,
900f9eb5-b55f-417c-9bbf-dc9287e5610d,completed,2023-03-06 20:43:42.066461,,
9018fade-ba2a-4a1b-810f-adb85a2c8dd7,completed,2023-03-06 20:43:42.066461,,
9019d26f-745b-410a-badb-826b5a05795f,completed,2023-03-06 20:43:42.066461,,
90232de5-82dd-4dee-a86e-bc83a0d79900,completed,2023-03-06 20:43:42.066461,,
902b5cc4-8440-4465-a266-ebf98245399a,completed,2023-03-06 20:43:42.066461,,
903c5a2f-4bfd-4bf1-a724-c12b86078ffb,completed,2023-03-06 20:43:42.066461,,
9046e9cf-d029-4da2-86b9-7dd0a1060c77,completed,2023-03-06 20:43:42.066461,,
90494103-3f2d-4212-ad4e-3d62c1adce37,completed,2023-03-06 20:43:42.066461,,
904b9e39-5033-473b-a4d6-be7ca6c03e5d,completed,2023-03-06 20:43:42.066461,,
905123c2-ab0d-46bf-a031-f814ca3b4e2b,completed,2023-03-06 20:43:42.066461,,
905fa8e2-753b-4972-8796-8319126cb11b,completed,2023-03-06 20:43:42.066461,,
90615f38-6edf-41e1-b25e-d4e4dc8171fe,completed,2023-03-06 20:43:42.066461,,
9067cb80-8007-4200-8720-8a3af345462e,completed,2023-03-06 20:43:42.066461,,
906abe21-e3dc-4378-8b5f-3c548c540a42,completed,2023-03-06 20:43:42.066461,,
90743026-a5de-46dc-b734-ce34d6b62038,completed,2023-03-06 20:43:42.066461,,
9079c362-567f-4769-b90d-b31186482a90,completed,2023-03-06 20:43:42.066461,,
907c1ed5-3c43-4441-b0b1-72ded18f381e,completed,2023-03-06 20:43:42.066461,,
9083abde-9c1c-4972-a9ce-b5114b2824e1,completed,2023-03-06 20:43:42.066461,,
90840524-052e-4a27-9790-46d422c5c032,completed,2023-03-06 20:43:42.066461,,
909cfa5d-049b-4445-85ad-31c5aff96672,completed,2023-03-06 20:43:42.066461,,
909e59c4-54cb-44a5-9d52-d7dabae5bc69,completed,2023-03-06 20:43:42.066461,,
90a06e04-f53c-46f7-86c2-86b6b9dd8602,completed,2023-03-06 20:43:42.066461,,
90a6f7d1-540c-447c-b058-e9d28e06c63b,completed,2023-03-06 20:43:42.066461,,
90b9407e-4147-47ef-9997-c222bb9be388,completed,2023-03-06 20:43:42.066461,,
90bd6dc2-f6a0-4543-89a3-b22e05f1d907,completed,2023-03-06 20:43:42.066461,,
90c1dcec-430e-48c3-b6e8-d91d3df0e319,completed,2023-03-06 20:43:42.066461,,
90c216a2-1b61-46e7-b84c-86d66d21d267,completed,2023-03-06 20:43:42.066461,,
90ccf53e-e8fd-4e7d-ab4b-208a5c64ef0a,completed,2023-03-06 20:43:42.066461,,
90d4f6de-2aba-427c-a2eb-0117176bd4f0,completed,2023-03-06 20:43:42.066461,,
90ddf902-328b-4c1d-ad95-41bec7dbe82d,completed,2023-03-06 20:43:42.066461,,
90e3ee3d-ccc9-43ad-9f02-998a207865fb,completed,2023-03-06 20:43:42.066461,,
90eb3be7-2eed-4401-997d-fe19693edb4e,completed,2023-03-06 20:43:42.066461,,
90ebaf6c-5981-4842-a071-0008049015f3,completed,2023-03-06 20:43:42.066461,,
90f39eb4-b24a-4ddd-85c6-32e30d39cbce,completed,2023-03-06 20:43:42.066461,,
90feb6e2-46e4-4ceb-97cc-a51bec30932e,completed,2023-03-06 20:43:42.066461,,
910a6c21-78cf-477f-b5f8-c2cd8f45645d,completed,2023-03-06 20:43:42.066461,,
910bf1aa-caf1-4ab7-acc8-7b27557da87e,completed,2023-03-06 20:43:42.066461,,
910bf9a3-cc76-4e3d-901c-49bb1db8a726,completed,2023-03-06 20:43:42.066461,,
91111e7f-6dd5-4918-9489-2f995b761601,completed,2023-03-06 20:43:42.066461,,
9111975d-1207-4fa8-9c4f-c83324752075,completed,2023-03-06 20:43:42.066461,,
9117f62c-80e1-49ad-bad2-9a1db5b5e5a6,completed,2023-03-06 20:43:42.066461,,
91188401-edd0-4c44-b787-0dd8f3be83d6,completed,2023-03-06 20:43:42.066461,,
9126a4cf-dee7-4fbc-b2c1-572f25771f00,completed,2023-03-06 20:43:42.066461,,
912783d5-02e4-4360-b0ec-8b5d84007490,completed,2023-03-06 20:43:42.066461,,
9129187b-d781-4548-971a-8d97ce128e72,completed,2023-03-06 20:43:42.066461,,
912f5a97-4384-4f1c-ba58-1543dec852d8,completed,2023-03-06 20:43:42.066461,,
91450c86-0f73-49d8-8d4d-50b9063cb6ad,completed,2023-03-06 20:43:42.066461,,
9148ee7b-cac5-4471-842b-21d465e9a950,completed,2023-03-06 20:43:42.066461,,
914cde42-c95c-4c64-ace4-9dc2cfdde64f,completed,2023-03-06 20:43:42.066461,,
9150219e-2734-4770-8d4c-b9b156aba154,completed,2023-03-06 20:43:42.066461,,
9161f07a-e3c7-4ef6-a574-416d05d5bd45,completed,2023-03-06 20:43:42.066461,,
91659dc1-9696-4284-abb4-845c50b4b1cd,completed,2023-03-06 20:43:42.066461,,
9174420a-b70a-4a48-bc02-e221ee06d9f1,completed,2023-03-06 20:43:42.066461,,
91753c65-85c5-4283-8201-7d3ba7dc0005,completed,2023-03-06 20:43:42.066461,,
917a375e-5891-4c99-9e4e-354a78804110,completed,2023-03-06 20:43:42.066461,,
917ae2d8-885f-45ef-a6c5-90cbb6235592,completed,2023-03-06 20:43:42.066461,,
91806bd5-d966-423f-857c-2d0a7ba94e76,completed,2023-03-06 20:43:42.066461,,
9195c8d8-13c5-4d24-9fef-50d60a652ed5,completed,2023-03-06 20:43:42.066461,,
919a12dd-b09e-447b-bbf7-f558ed15a344,completed,2023-03-06 20:43:42.066461,,
919e320d-9507-4a0b-b51b-8e17a3622c3c,completed,2023-03-06 20:43:42.066461,,
919f5929-59f3-4c8e-b78e-fc7785f8094d,completed,2023-03-06 20:43:42.066461,,
91a0b1b1-3320-4a54-9132-55e5478aec26,completed,2023-03-06 20:43:42.066461,,
91a0dc98-c362-4eac-a1da-1ca09d671bfa,completed,2023-03-06 20:43:42.066461,,
91a224c3-74a4-45e5-bae2-e654e5ff06eb,completed,2023-03-06 20:43:42.066461,,
91a5dea2-d747-4d65-85f9-23c6e6fde160,completed,2023-03-06 20:43:42.066461,,
91aab99a-22ea-47fb-b8aa-10d7ced465a4,completed,2023-03-06 20:43:42.066461,,
91acb35b-76d9-4b25-ada8-818e71b9b7c5,completed,2023-03-06 20:43:42.066461,,
91c4d6fa-74ca-4861-8bc8-f6c097f810df,completed,2023-03-06 20:43:42.066461,,
91cdfb45-8fd4-457d-873d-645572cf7202,completed,2023-03-06 20:43:42.066461,,
91e530a7-e7be-499a-96da-9cb0d2e0c22d,completed,2023-03-06 20:43:42.066461,,
92070469-3c03-4d00-be5c-9fd02c2d0a1b,completed,2023-03-06 20:43:42.066461,,
92102c2c-60b9-49a2-8c0f-83a97ac3ab25,completed,2023-03-06 20:43:42.066461,,
92144312-8dc6-496f-88ff-4f31ba861d85,completed,2023-03-06 20:43:42.066461,,
92151ee7-baba-4626-acfb-7d2826fb22f9,completed,2023-03-06 20:43:42.066461,,
9216b40a-6e56-4468-873d-2c9ef4efcf02,completed,2023-03-06 20:43:42.066461,,
921d1e06-1e38-43e7-a754-ada1093aaea9,completed,2023-03-06 20:43:42.066461,,
92261bd1-381d-4dc9-b2b4-884bf66fd655,completed,2023-03-06 20:43:42.066461,,
92290330-3290-47c9-b9f1-ed69f057e205,completed,2023-03-06 20:43:42.066461,,
922e7c6a-fc9b-484e-98fc-f44b204f5498,completed,2023-03-06 20:43:42.066461,,X
92326e76-ae03-473a-b976-77e8fc29a0a9,completed,2023-03-06 20:43:42.066461,,
92466542-c5b2-4d53-9604-45de766c2826,completed,2023-03-06 20:43:42.066461,,
9246b4e1-1d3b-458e-874c-59ea2793d2a4,completed,2023-03-06 20:43:42.066461,,
92495360-8391-4c15-9dd4-b1dee7c10db7,completed,2023-03-06 20:43:42.066461,,
924d956e-3222-47ed-ac44-576e0adc21b5,completed,2023-03-06 20:43:42.066461,,
925c94be-33d1-4455-b2ec-674e2a75e697,completed,2023-03-06 20:43:42.066461,,
9267b44c-d5d2-462d-9f58-6f0dee0e5eb4,completed,2023-03-06 20:43:42.066461,,
926a7508-80aa-4959-a64c-67205e593c66,completed,2023-03-06 20:43:42.066461,,
92712159-d3f8-479a-a759-3e2950b9a08a,completed,2023-03-06 20:43:42.066461,,
927d15fa-db76-4fbe-816c-3928dbe3ca98,completed,2023-03-06 20:43:42.066461,,X
927d35bc-d780-4f9f-8bf0-dd1ebd40e905,completed,2023-03-06 20:43:42.066461,,
92804206-f10e-4e24-aa5e-890f30c68fae,completed,2023-03-06 20:43:42.066461,,
92834f59-02a6-498e-a53b-9d64d752e9ca,completed,2023-03-06 20:43:42.066461,,
9289d423-20ae-4f20-8187-1dfe2172754c,completed,2023-03-06 20:43:42.066461,,
928a3389-d690-47ec-9c77-e79396bf0327,completed,2023-03-06 20:43:42.066461,,
928f055a-5a3b-4641-a8f8-5d0ab6670f75,completed,2023-03-06 20:43:42.066461,,
9295e3a0-1acd-4365-a817-a7218c5fb16d,completed,2023-03-06 20:43:42.066461,,
9298a639-00cc-4825-96ed-6af610cb7886,completed,2023-03-06 20:43:42.066461,,
929b14ba-1409-4bd3-9273-84391caefca5,completed,2023-03-06 20:43:42.066461,,
92ab6e56-88ef-4384-a5c8-1939ff6a7515,completed,2023-03-06 20:43:42.066461,,
92ac5425-01e3-415d-8019-2af2925c1e48,completed,2023-03-06 20:43:42.066461,,
92b1d6ab-1cf3-44e0-8ff0-1fe799245dd2,completed,2023-03-06 20:43:42.066461,,
92b39b71-87e2-411e-95ff-ec838b4a810d,completed,2023-03-06 20:43:42.066461,X,
92b730be-7e50-4178-9881-751fc7307370,completed,2023-03-06 20:43:42.066461,,
92bda010-5743-4843-a812-b42c20869552,completed,2023-03-06 20:43:42.066461,,
92bff253-55ea-4ca1-a04f-c16361c3fd5d,completed,2023-03-06 20:43:42.066461,,
92c771ae-7e21-4263-b7de-b63677efa2d1,completed,2023-03-06 20:43:42.066461,,
92ccd18e-1018-4e01-b094-89455dae30a2,completed,2023-03-06 20:43:42.066461,,
92cf3250-46d5-4baa-9090-2cf20d054926,completed,2023-03-06 20:43:42.066461,,
92d042d1-2a19-423f-94b6-3cbbe74e9959,completed,2023-03-06 20:43:42.066461,,
92d8e9d4-8332-42f8-b502-62e535e2823e,completed,2023-03-06 20:43:42.066461,,
92dfa55a-7097-41c2-8426-6a1acce6f2e4,completed,2023-03-06 20:43:42.066461,,
92e6fbef-3369-4628-98c6-cec11cce33e3,completed,2023-03-06 20:43:42.066461,,
92e90722-1558-4f9f-b0db-7d46dc31d41f,completed,2023-03-06 20:43:42.066461,,
92ea2121-ccf2-401e-badc-141503e0fadd,completed,2023-03-06 20:43:42.066461,,
92ef13a8-173c-408c-a454-f841f2870086,completed,2023-03-06 20:43:42.066461,,
92f277de-9ff6-434a-a38d-f9d7dd9c4c17,completed,2023-03-06 20:43:42.066461,,
92f31270-6c9b-4762-a59e-7a5cd989930c,completed,2023-03-06 20:43:42.066461,,
92f367c3-832b-4a49-89e2-e700f0b7122f,completed,2023-03-06 20:43:42.066461,,
92f6d616-88a6-4067-a90e-3153afed0806,completed,2023-03-06 20:43:42.066461,,
92fc6d06-00df-4b7c-89fa-e80dc0e73575,completed,2023-03-06 20:43:42.066461,,
92fe9c28-791f-41e8-9b25-f13d7464562b,completed,2023-03-06 20:43:42.066461,,
9300b2e1-974d-46eb-9314-fcc50d8ff108,completed,2023-03-06 20:43:42.066461,,
93073f5e-37f0-4f9b-a12d-86b6aaf69909,completed,2023-03-06 20:43:42.066461,,
93082e26-6065-468b-aff6-1ed2d8462d65,completed,2023-03-06 20:43:42.066461,,
930bbebc-9c69-4507-ac21-e6b4de499c40,completed,2023-03-06 20:43:42.066461,,
9317c275-8467-4123-a4d8-1e7eac4d235a,completed,2023-03-06 20:43:42.066461,,
931a2c61-51c3-41a1-a85d-c4202147f1bd,completed,2023-03-06 20:43:42.066461,,
9320de1c-3582-4b53-b503-6325100e9f6f,completed,2023-03-06 20:43:42.066461,,
93314c98-ebd8-427c-8c0e-cdcdd7d21f5a,completed,2023-03-06 20:43:42.066461,,
933ad05b-dd51-45fb-a368-8985c08753ce,completed,2023-03-06 20:43:42.066461,,
9340e844-93a0-47a4-82e2-bc399018fc62,completed,2023-03-06 20:43:42.066461,,
9342e71f-6ff4-4077-8a7d-c8e7fe776d88,completed,2023-03-06 20:43:42.066461,,
9344c35e-95f9-41ab-86ba-560a3cf72ae7,completed,2023-03-06 20:43:42.066461,,
934ddfa6-de1e-4e5e-bb26-72637fa1fd58,completed,2023-03-06 20:43:42.066461,,
9357d9d4-ac6d-4679-b28c-59eaa7fd910c,completed,2023-03-06 20:43:42.066461,,
935e43f0-9299-4935-98c1-3e1f554a89c8,completed,2023-03-06 20:43:42.066461,,
9370a0a0-495f-4ff4-ae41-2fb2ea8da533,completed,2023-03-06 20:43:42.066461,,
9372da1c-ba31-41ef-bb20-86d42d5358ad,completed,2023-03-06 20:43:42.066461,,
93979c7a-1dda-4aa6-8caa-ef38a1c8883e,completed,2023-03-06 20:43:42.066461,,
939cf87d-7cca-421a-95a4-4002031c6a31,completed,2023-03-06 20:43:42.066461,,
93a5b015-5c9a-4462-a10c-624b493f6026,completed,2023-03-06 20:43:42.066461,,
93a77821-ef9d-4ae8-aa4b-b843ea044214,completed,2023-03-06 20:43:42.066461,,
93aa4f42-366e-4446-af00-13fa6e9f5b2f,completed,2023-03-06 20:43:42.066461,,
93aceb88-3afa-49e4-ac99-045bedcca0b3,completed,2023-03-06 20:43:42.066461,,
93adca25-39e4-4204-b04d-708ed534aa68,completed,2023-03-06 20:43:42.066461,,
93c22ba1-849e-4e26-9af7-dd73da0538c7,completed,2023-03-06 20:43:42.066461,,
93c4c316-b391-4bad-9efe-4ed018350c8b,completed,2023-03-06 20:43:42.066461,,
93c554e7-c4c0-4844-ac40-32649f61a073,completed,2023-03-06 20:43:42.066461,,
93cd67bc-b26e-4f6c-bd0d-288f1f3d7afc,completed,2023-03-06 20:43:42.066461,X,
93d62739-159a-43ef-8e57-b7f50b8015fe,completed,2023-03-06 20:43:42.066461,,
93e0215e-cd8a-4602-bd90-f92f8415a2b0,completed,2023-03-06 20:43:42.066461,,
93e3ec26-edcc-4a44-969b-21fe41240b7f,completed,2023-03-06 20:43:42.066461,,
93e4b7aa-e230-42f2-8a75-396ebea50591,completed,2023-03-06 20:43:42.066461,,
93e8037d-c230-4f57-a8d7-75744e1da135,completed,2023-03-06 20:43:42.066461,,
93eb0851-e8e0-4a47-b4f2-645f2f53beff,completed,2023-03-06 20:43:42.066461,,
93f03a32-9453-4130-8d08-eab17127fb04,completed,2023-03-06 20:43:42.066461,,
93f7b6d2-40eb-433b-a0be-091e77a10e22,completed,2023-03-06 20:43:42.066461,,
94078746-dc3f-40f8-8e6e-5b7918d6b2ff,completed,2023-03-06 20:43:42.066461,,
940d1d86-281c-4668-ad14-b2005e6d3bd6,completed,2023-03-06 20:43:42.066461,,
940ed092-7d9f-4e22-a0c1-bf7dfb3c9bd1,completed,2023-03-06 20:43:42.066461,,
9413f83d-f7ef-4227-8a30-0dead7b4f566,completed,2023-03-06 20:43:42.066461,X,
94146059-15a1-4d56-936e-8c38401fcd32,completed,2023-03-06 20:43:42.066461,,
941db01c-a7ff-49e6-94d2-008b0b5000c0,completed,2023-03-06 20:43:42.066461,,
94374a98-8135-4383-b5b6-f1f506f1dfce,completed,2023-03-06 20:43:42.066461,,
94389d38-9f4b-42e4-aeb2-ae18c418c71d,completed,2023-03-06 20:43:42.066461,,
9446a0cb-046b-4735-b815-7b06a76c75d4,completed,2023-03-06 20:43:42.066461,,
944e06b3-671e-461e-9ef2-e0729cadc4d9,completed,2023-03-06 20:43:42.066461,,
944e788b-e059-4dea-8d0e-e44283425900,completed,2023-03-06 20:43:42.066461,,
94552de7-758c-4d2a-8e92-6fb3c0f66ab8,completed,2023-03-06 20:43:42.066461,,
9455b1cf-979e-4ad4-ba0d-94704ba4c788,completed,2023-03-06 20:43:42.066461,,
9469c0e3-759c-431b-86f2-d904791065c6,completed,2023-03-06 20:43:42.066461,,
94707285-455b-41cf-becf-0c47f4df1ae5,completed,2023-03-06 20:43:42.066461,,
94709d9b-b01a-4675-9656-52a515b0a1ab,completed,2023-03-06 20:43:42.066461,,
9472b632-17ad-46d5-a7a0-23b67c86413a,completed,2023-03-06 20:43:42.066461,,
9474fa5c-7d4f-440d-958c-77216b0e00e9,completed,2023-03-06 20:43:42.066461,,
94756f55-a48a-40e6-99df-7261eb54091d,completed,2023-03-06 20:43:42.066461,,
947a07da-f938-492c-87fb-3262814db6f1,completed,2023-03-06 20:43:42.066461,,
947a09bc-8e94-4963-8453-2b360f709559,completed,2023-03-06 20:43:42.066461,,
94878e13-4577-4666-9819-3ab1e158cc30,completed,2023-03-06 20:43:42.066461,,
948d32fa-9547-437d-9bec-dc851904df59,completed,2023-03-06 20:43:42.066461,,
948d3600-1385-4687-b0e3-c028f921846a,completed,2023-03-06 20:43:42.066461,,
9492ccd4-d606-442f-bd71-324edfcace8b,completed,2023-03-06 20:43:42.066461,,
94948bba-2e92-4ea0-808b-46393c73fdbd,completed,2023-03-06 20:43:42.066461,,
9495122a-9483-406a-8a83-43f2aca8def4,completed,2023-03-06 20:43:42.066461,,
949e3143-d89e-40c4-911b-9fbc23d56960,completed,2023-03-06 20:43:42.066461,,
94b835c8-3818-4602-b0a0-2a33d100a950,completed,2023-03-06 20:43:42.066461,,
94b9650f-59f1-488f-9a2c-ce53b39db29e,completed,2023-03-06 20:43:42.066461,,
94be7aa7-ab7c-42cf-a328-0dfbb694bd54,completed,2023-03-06 20:43:42.066461,,
94bf33c6-8e68-4133-b9b0-5ab5e0d7fa09,completed,2023-03-06 20:43:42.066461,,
94d317d4-4574-4a66-bae9-5c4ac66839d1,completed,2023-03-06 20:43:42.066461,,
94e524ff-1cbd-4e91-be7d-1fcb05a33f73,completed,2023-03-06 20:43:42.066461,,
94e8083b-e9e4-42d6-80c4-67c97f791094,completed,2023-03-06 20:43:42.066461,,
94f7cc82-b1a5-4f7e-95be-ba72ed6e26c6,completed,2023-03-06 20:43:42.066461,,
9504306d-5ab3-470a-8f1c-22c91cbc0eed,completed,2023-03-06 20:43:42.066461,,
950449fc-062b-45c8-9f0d-0cf62191f72d,completed,2023-03-06 20:43:42.066461,,
95119bf4-6227-47a3-9772-60201c7882dc,completed,2023-03-06 20:43:42.066461,,
9514b2fa-3cd5-4177-84b3-020ba802b848,completed,2023-03-06 20:43:42.066461,,
95150724-19ee-4a59-b041-88970b947790,completed,2023-03-06 20:43:42.066461,,
95151f81-bfdb-40a4-9746-eee816a6e241,completed,2023-03-06 20:43:42.066461,,
951f8a4f-5ce2-471d-9ceb-b35fc55930cc,completed,2023-03-06 20:43:42.066461,,
95222c26-5224-4db1-b79e-aa15da364bf2,completed,2023-03-06 20:43:42.066461,,
9536e06f-15e3-4ccd-b8d2-a7e8b5ff384d,completed,2023-03-06 20:43:42.066461,,
953734c1-3961-4ac2-a281-11bc4f40f73b,completed,2023-03-06 20:43:42.066461,,
95398a6c-499a-49c0-a05d-a09a56b58a96,completed,2023-03-06 20:43:42.066461,,
95452d81-4e92-47cc-bb8f-4e05d9a0a423,completed,2023-03-06 20:43:42.066461,,
954dfd45-e760-4816-be1c-ef5f56632b87,completed,2023-03-06 20:43:42.066461,,
95536608-537b-4001-b74f-9542a9c44d38,completed,2023-03-06 20:43:42.066461,,
95561f2a-3930-41a2-a3b5-2b682a06257d,completed,2023-03-06 20:43:42.066461,,
9556efcf-19e1-443b-b3e2-d8b9e4931c50,completed,2023-03-06 20:43:42.066461,,
9557c573-ac56-489b-bbe3-1cabd8865087,completed,2023-03-06 20:43:42.066461,,
956202af-32eb-491a-b85f-16a993c1e50d,completed,2023-03-06 20:43:42.066461,,
956d0679-b110-443a-8e5e-97a88b38c365,completed,2023-03-06 20:43:42.066461,,
9572e29d-3084-4cd8-a1de-ab8d3bc27421,completed,2023-03-06 20:43:42.066461,,
9573d5fb-5d55-48fd-a446-9050b85bf3f8,completed,2023-03-06 20:43:42.066461,,
95754bc7-4852-40aa-a6f3-96e9ee4039db,completed,2023-03-06 20:43:42.066461,,
95765928-e007-4dc3-acd8-1e2aff6232fc,completed,2023-03-06 20:43:42.066461,,
957a3f96-9e8a-4bc6-b827-c971fff81126,completed,2023-03-06 20:43:42.066461,,
958ed22e-78b6-4cd3-b9a0-273fbe07cc20,completed,2023-03-06 20:43:42.066461,,
959396bc-949e-4619-a541-87f4dc99fd23,completed,2023-03-06 20:43:42.066461,,
95a4e5a7-9562-4523-9e53-60cc228bf469,completed,2023-03-06 20:43:42.066461,,
95aeae5d-fa4c-427c-a923-7938ab6e0295,completed,2023-03-06 20:43:42.066461,,
95aed583-333f-45c5-82b7-db722354e6ad,completed,2023-03-06 20:43:42.066461,,
95aede81-42b9-42ab-81fa-353fd7560db2,completed,2023-03-06 20:43:42.066461,,
95af55a1-441b-4530-93e6-c757e128588d,completed,2023-03-06 20:43:42.066461,,
95b0fcc0-41d3-4e1b-aafc-8b60bee2372d,completed,2023-03-06 20:43:42.066461,,
95b102e7-a822-48ca-911f-333f2c8a0bf3,completed,2023-03-06 20:43:42.066461,,
95b3ecc3-c7f8-4332-8502-34cd2e9927dc,completed,2023-03-06 20:43:42.066461,,
95b5f51f-7605-41c9-886b-450f1a3dd93a,completed,2023-03-06 20:43:42.066461,,
95c1d6a1-3181-40e1-bc16-bbdd6dedd2be,completed,2023-03-06 20:43:42.066461,,
95ca8a55-55e9-4991-b674-833aed645dd9,completed,2023-03-06 20:43:42.066461,,
95cce4b1-69e1-4cdd-a73a-16e34410e091,completed,2023-03-06 20:43:42.066461,,X
95ed35c2-2440-4b0c-90d6-a51dc784e6cd,completed,2023-03-06 20:43:42.066461,,
95f5adbb-364d-4787-bb06-edd3740162a9,completed,2023-03-06 20:43:42.066461,,
95ff4b37-6458-4a3e-8f56-ccdba546f728,completed,2023-03-06 20:43:42.066461,,
9600baa9-ac46-4f72-a35e-a3c4c898ec00,completed,2023-03-06 20:43:42.066461,,
9609178f-db3f-4fe2-a67d-4ac2b00448d4,completed,2023-03-06 20:43:42.066461,,
96220698-5747-4467-9b31-978a8de317dd,completed,2023-03-06 20:43:42.066461,,
962208f2-02ed-4ade-9bea-7d9e99a576e5,completed,2023-03-06 20:43:42.066461,,
962284b9-a342-48de-a6ef-3f899d6b7ead,completed,2023-03-06 20:43:42.066461,,
96261a3d-0ad1-4b6d-b932-81d2b912be6a,completed,2023-03-06 20:43:42.066461,,X
962c8ee3-2fed-4d44-87ff-079bf0651cca,completed,2023-03-06 20:43:42.066461,,
96372a6e-5b6e-4b08-9dbf-5435b413c396,completed,2023-03-06 20:43:42.066461,,
963b4873-6ecf-48e3-862b-d3784e47eb57,completed,2023-03-06 20:43:42.066461,,
9654d3c8-3d1a-4fe7-95cd-eac6190aff63,completed,2023-03-06 20:43:42.066461,,
9660e14c-68de-4bee-8b80-05761b435e78,completed,2023-03-06 20:43:42.066461,,
966d9d35-3993-4121-bdfa-51b254ae0639,completed,2023-03-06 20:43:42.066461,,
9670a29f-6f2f-4ea0-8eb6-18652825138b,completed,2023-03-06 20:43:42.066461,,
9673819a-bebc-4b22-8582-4d5d32f25c23,completed,2023-03-06 20:43:42.066461,,
96766a15-8b13-4c21-bdbf-d94f6d35a74d,completed,2023-03-06 20:43:42.066461,,
9679179c-b17a-47df-809d-0272f5cdb8ca,completed,2023-03-06 20:43:42.066461,,
967a208f-e085-47df-bb22-59101de1f6c6,completed,2023-03-06 20:43:42.066461,,
96841a15-0aba-431a-96a0-a4ea1eb13f34,completed,2023-03-06 20:43:42.066461,,
96854afb-e4ff-4f05-aa79-75f5f3e794fe,completed,2023-03-06 20:43:42.066461,,
96894172-6bea-4f23-889b-7cb16f85ef41,completed,2023-03-06 20:43:42.066461,X,
9690567b-3e56-457b-97a3-9d10b60d787e,completed,2023-03-06 20:43:42.066461,,
9691095c-d562-4bda-813f-7dbe7398d686,completed,2023-03-06 20:43:42.066461,,
969272af-db9a-4bd0-aecb-8cf191ab4e86,completed,2023-03-06 20:43:42.066461,,
969b7566-e4b8-4fe6-a962-3a04f4c57b15,completed,2023-03-06 20:43:42.066461,,
969e6040-259e-4af5-b05c-1d2abb83e804,completed,2023-03-06 20:43:42.066461,,
96a10e49-356f-4ad7-876d-89993926e04b,completed,2023-03-06 20:43:42.066461,,
96b02922-02cd-48f6-b80d-541e04515b1b,completed,2023-03-06 20:43:42.066461,,
96b97f12-631b-42ac-86c3-0a827a910c29,completed,2023-03-06 20:43:42.066461,,
96cebbeb-2418-4867-b977-382362aed6b0,completed,2023-03-06 20:43:42.066461,,
96cf02d4-0d8c-4e77-ae70-2a85890b3bef,completed,2023-03-06 20:43:42.066461,,
96f164a7-0071-4e3f-b72c-81196937c169,completed,2023-03-06 20:43:42.066461,,
96f8771d-29d9-46a6-9b75-a37f1995f868,completed,2023-03-06 20:43:42.066461,,
97009402-d07b-4c4d-8aae-3c0e63cad6cd,completed,2023-03-06 20:43:42.066461,,
97068fe0-4a81-48f2-aa81-0960cfcefb3c,completed,2023-03-06 20:43:42.066461,,
9706ca0f-edbb-4e37-9f7d-17657f5ef4b5,completed,2023-03-06 20:43:42.066461,,
9709e09e-eb42-436d-b54c-ae503bf5eefd,completed,2023-03-06 20:43:42.066461,,
970a4345-a072-4d92-a04a-188e2d1a031d,completed,2023-03-06 20:43:42.066461,,
970e31e8-bfa3-4d0e-bf6a-e51e071a477c,completed,2023-03-06 20:43:42.066461,,
9711f567-6ac8-4254-b4ae-feaf83182f21,completed,2023-03-06 20:43:42.066461,,
9716dce8-2c61-4901-a95b-bafdb4f73a82,completed,2023-03-06 20:43:42.066461,,
971bd038-b593-419d-88cd-b2f7089a00d0,completed,2023-03-06 20:43:42.066461,,
971c8c8b-13c6-4461-8f07-446cb769fddb,completed,2023-03-06 20:43:42.066461,,
971f2f35-bcb3-410a-8c09-534aabaa2d40,completed,2023-03-06 20:43:42.066461,,
972e50cb-8794-4f9f-b632-b65a422c0d25,completed,2023-03-06 20:43:42.066461,,
9737034c-b247-4ded-85bb-91b70c2bdabe,completed,2023-03-06 20:43:42.066461,,
973d03bc-780e-42a4-93e5-cc45492abfd0,completed,2023-03-06 20:43:42.066461,,
97452845-b4f0-4169-90f8-a5f83e1c12e7,completed,2023-03-06 20:43:42.066461,,
97492665-828e-447d-a272-693e133ef51e,completed,2023-03-06 20:43:42.066461,,
974e1655-0f01-4deb-ad18-9194cfea88e8,completed,2023-03-06 20:43:42.066461,,
974ec27b-8253-4d40-8ede-00f710d37307,completed,2023-03-06 20:43:42.066461,,
97507ccf-e6ec-4a8a-97c7-a03df54ee692,completed,2023-03-06 20:43:42.066461,,
9758338c-623e-460c-bd18-2c721c8eff64,completed,2023-03-06 20:43:42.066461,,
97608236-acc8-4c5a-b56f-c4183f0785ad,completed,2023-03-06 20:43:42.066461,,
9770a02b-850f-4533-b342-ff3b5ba580dd,completed,2023-03-06 20:43:42.066461,,
9771587a-6b32-48f4-8439-41faf58910dc,completed,2023-03-06 20:43:42.066461,,
97752bb9-ba72-48a9-a4f4-bf090019587c,completed,2023-03-06 20:43:42.066461,,
97822fe4-0f58-4d16-8ff4-ce374d675b2b,completed,2023-03-06 20:43:42.066461,,
97876196-c83c-495e-badc-1a843f98a089,completed,2023-03-06 20:43:42.066461,,
978c2c14-51b2-4384-b5d3-a5e6b6c4938d,completed,2023-03-06 20:43:42.066461,,
97936794-d80e-4768-864b-08f554c40f7d,completed,2023-03-06 20:43:42.066461,,
9798d81c-859b-43a1-8937-0c1f8e138830,completed,2023-03-06 20:43:42.066461,,
97a04743-1d34-44d5-9706-fdf91cc0859d,completed,2023-03-06 20:43:42.066461,,
97a2d31e-791e-4aef-9e5f-8aa763f3daf7,completed,2023-03-06 20:43:42.066461,,
97b58b65-0478-42b4-a641-926bc97a4e7f,completed,2023-03-06 20:43:42.066461,,
97b8dc12-cfa7-4c34-858c-4591d98e6bf7,completed,2023-03-06 20:43:42.066461,,
97be5bdc-cf6e-44d1-824d-6ad188ae13a0,completed,2023-03-06 20:43:42.066461,,
97c1d7dc-e6d4-4a9b-9bef-5b0c0e0e7422,completed,2023-03-06 20:43:42.066461,,
97cd8b02-e150-40f1-8535-8b7aa032b869,completed,2023-03-06 20:43:42.066461,,
97ce075b-a82c-4794-a402-4b692a5a2a52,completed,2023-03-06 20:43:42.066461,,
97d22d2f-7d14-441a-b9de-7d22e0806ecf,completed,2023-03-06 20:43:42.066461,,
97de00a9-c487-4ffc-aa4a-1b716ebedf4c,completed,2023-03-06 20:43:42.066461,,
97e2cb19-0360-4cdb-a341-ba2252cbbbb3,completed,2023-03-06 20:43:42.066461,,
97e7816b-bd01-410c-8b6c-4b0cbbc321b3,completed,2023-03-06 20:43:42.066461,,
97e8342e-cce5-4a73-bbc1-5760108cbef2,completed,2023-03-06 20:43:42.066461,,
97f4e125-8fc2-4a2f-a581-870a55dd27bf,completed,2023-03-06 20:43:42.066461,,
9803d7e1-676b-4824-ab49-234f68652e34,completed,2023-03-06 20:43:42.066461,,
980abdfa-30dd-4cdd-85c3-65ac7ea0b014,completed,2023-03-06 20:43:42.066461,,
9812d33f-bc73-4f23-8119-e26dbc418047,completed,2023-03-06 20:43:42.066461,,
981e5536-79a0-46b2-88af-a12fe0d5afcf,completed,2023-03-06 20:43:42.066461,,
981edf56-0aa4-4048-b4fd-7386c07e05f6,completed,2023-03-06 20:43:42.066461,,
98212f14-699a-4629-bb2b-5984c7b6fc4d,completed,2023-03-06 20:43:42.066461,,
98239edd-a7e1-4857-802a-837fd7bb862f,completed,2023-03-06 20:43:42.066461,,
982a8ae9-a3f0-4e8e-94ce-27145557d13e,completed,2023-03-06 20:43:42.066461,,
98356135-8a0a-4cbe-8bcb-aa0a01c6a809,completed,2023-03-06 20:43:42.066461,,
9848772d-f622-4116-a46e-7deddd1d19eb,completed,2023-03-06 20:43:42.066461,,
984c6cc9-5686-4cb7-8dc0-fa8ac6c1ca37,completed,2023-03-06 20:43:42.066461,,
984da4c3-73ec-4db5-92d9-7268adb043a4,completed,2023-03-06 20:43:42.066461,,
985f98b0-97f7-4192-b160-aca6e1bbc5ea,completed,2023-03-06 20:43:42.066461,,
9862171b-f19e-42b0-b048-edd78473afce,completed,2023-03-06 20:43:42.066461,,
98695ca4-f3a8-4a25-b712-d372f4ec359d,completed,2023-03-06 20:43:42.066461,,
986b0432-483d-47c1-afc7-fc49fb006ee8,completed,2023-03-06 20:43:42.066461,,
986b85ba-0970-4855-9d40-f4b86cbab669,completed,2023-03-06 20:43:42.066461,,
9872445f-11e2-4bc0-a2fd-1e56dd1c354d,completed,2023-03-06 20:43:42.066461,,
9872711a-9eeb-44c5-a5e1-f32aa75247fe,completed,2023-03-06 20:43:42.066461,,
987aec8d-f78f-4c61-b477-5bb3dbf9896b,completed,2023-03-06 20:43:42.066461,,
987e9bb8-42fe-4219-bf80-a6bf0981a05c,completed,2023-03-06 20:43:42.066461,,
98856ae4-4b95-4885-acea-40816d8266e6,completed,2023-03-06 20:43:42.066461,,
988a58ec-9ff8-4d23-94e9-163e00b3aeff,completed,2023-03-06 20:43:42.066461,,
988d2579-6517-47a8-8dd8-501167a87166,completed,2023-03-06 20:43:42.066461,,
98a03636-2b99-4874-9260-1b8294589e55,completed,2023-03-06 20:43:42.066461,,
98a97e13-7e90-49a2-a6ea-c2d76846c720,completed,2023-03-06 20:43:42.066461,,
98af0f34-1b1b-440f-a3f5-065f54b316a7,completed,2023-03-06 20:43:42.066461,,
98b0868e-d2fa-4159-800e-9b4f6612ce98,completed,2023-03-06 20:43:42.066461,,
98b26f18-2124-47b0-a630-07fe3ecbadfd,completed,2023-03-06 20:43:42.066461,,X
98b3edf6-ab6b-400e-ac52-7c9b5d6ce8b2,completed,2023-03-06 20:43:42.066461,,
98b7c84b-8a9c-49b6-95d5-6b6cab022f53,completed,2023-03-06 20:43:42.066461,,
98bc751a-ccd3-4fba-858e-d45054331340,completed,2023-03-06 20:43:42.066461,,
98c64dc7-49af-4bc9-8358-d424b1288deb,completed,2023-03-06 20:43:42.066461,,
98c6e50e-c062-4ef8-9799-9e318ab32d84,completed,2023-03-06 20:43:42.066461,,
98c8a4b1-0d7b-4788-939d-3ab29d70027a,completed,2023-03-06 20:43:42.066461,,
98cab91d-b5f3-43e0-9698-c65239794f7c,completed,2023-03-06 20:43:42.066461,,
98cb6200-e320-4c2e-87dc-2021e7e9cadc,completed,2023-03-06 20:43:42.066461,,
98cb8e4f-deb3-4202-a0da-767db59f3084,completed,2023-03-06 20:43:42.066461,,
98cbc003-efae-4980-b3e1-48c2b25e3be0,completed,2023-03-06 20:43:42.066461,,
98cbd24b-e184-4a0f-9beb-79a7238e6853,completed,2023-03-06 20:43:42.066461,,
98cd95ac-b150-4b14-94c9-f07555632b00,completed,2023-03-06 20:43:42.066461,,
98cda0b7-86cc-4a4f-b43d-071484838a39,completed,2023-03-06 20:43:42.066461,,
98db5b59-240b-44b9-81dd-c187b3ccec2a,completed,2023-03-06 20:43:42.066461,,
98dcc982-af7c-44ed-95f7-606a393afa9a,completed,2023-03-06 20:43:42.066461,,
98e4af51-489f-4811-9af9-7d4fb61fe92b,completed,2023-03-06 20:43:42.066461,,
98f3d736-bfaa-47f0-88e0-518ff772f48f,completed,2023-03-06 20:43:42.066461,,
98f71c38-b06c-4e6a-8374-a547eae8bf64,completed,2023-03-06 20:43:42.066461,,
990a5201-77d0-4776-8604-25590a63fc96,completed,2023-03-06 20:43:42.066461,,
990f199d-52fa-44a1-995f-fd8a65d56efe,completed,2023-03-06 20:43:42.066461,,
99104c38-de45-4146-9ede-e0ca60aa5a65,completed,2023-03-06 20:43:42.066461,,
9915c18b-502e-4a67-b1a6-1975343c2e94,completed,2023-03-06 20:43:42.066461,,
9917565f-ede1-4991-8cc4-e2501c7726c6,completed,2023-03-06 20:43:42.066461,,
9924289a-cf3a-48fa-bf8f-7f25faa0adce,completed,2023-03-06 20:43:42.066461,,
99251cce-b10b-45ce-b1ea-a8712e75b5c3,completed,2023-03-06 20:43:42.066461,,
992d6c1b-e0a5-4ee8-9a6c-428752c337cd,completed,2023-03-06 20:43:42.066461,,
99317b3e-522e-4cda-aef3-04a03f6a206c,completed,2023-03-06 20:43:42.066461,,
99396e6c-8c76-45fe-997f-a1abb9cf7b65,completed,2023-03-06 20:43:42.066461,,
994adbd4-a5a7-4667-a32b-a63e02e38117,completed,2023-03-06 20:43:42.066461,,
994bed7d-6d32-4ddb-b346-4785ccef7c43,completed,2023-03-06 20:43:42.066461,,
994e46ed-5ac2-4998-ad42-9cf9859aa0bc,completed,2023-03-06 20:43:42.066461,,
9961074a-c602-45bc-ac3e-d7d8906f5d19,completed,2023-03-06 20:43:42.066461,,
99724980-85db-4585-9190-2d8a06d922ce,completed,2023-03-06 20:43:42.066461,,
997b1eba-049d-45d5-ad21-fb575c2bdea5,completed,2023-03-06 20:43:42.066461,,
997d0089-93bd-4a3b-a797-2e1b55ef5126,completed,2023-03-06 20:43:42.066461,,
99800860-578e-4a0f-95b0-93b0cd92c346,completed,2023-03-06 20:43:42.066461,,
9982700e-5733-4b4c-96cb-dc043c80bfda,completed,2023-03-06 20:43:42.066461,,
9983708c-2716-445c-bc1f-b1eb6f564f6f,completed,2023-03-06 20:43:42.066461,,
99849df3-4ab2-4a06-98cf-2fef55e27951,completed,2023-03-06 20:43:42.066461,,
998e47e4-3ca8-473c-98a3-58cec2c0d295,completed,2023-03-06 20:43:42.066461,,
99a35d58-2f03-4ce5-b746-5b0bbb33b2cf,completed,2023-03-06 20:43:42.066461,,
99ab0624-005a-43e3-ab25-90d1864f39b9,completed,2023-03-06 20:43:42.066461,,
99abf4da-1461-4de1-ac0a-058480cd9ea6,completed,2023-03-06 20:43:42.066461,,
99b24b53-52ac-4f3b-88e1-9abede1ceeaa,completed,2023-03-06 20:43:42.066461,,
99be2bfd-fa1b-4ff1-a9a6-dbb5097a78e5,completed,2023-03-06 20:43:42.066461,,
99bff23d-3d34-455f-b973-7cf2d872c19f,completed,2023-03-06 20:43:42.066461,,
99c4f1bb-187e-40d2-9ebb-146fcffaa12f,completed,2023-03-06 20:43:42.066461,,
99cb2c48-2d34-4aea-9ab8-c96c4b2eeb05,completed,2023-03-06 20:43:42.066461,,
99d6cac6-6d0a-47fa-a743-c7f1ec1fc5be,completed,2023-03-06 20:43:42.066461,,
99d999a2-8b05-47ec-b100-78828a5abbb7,completed,2023-03-06 20:43:42.066461,,
99de2d06-f0a6-4ef5-8343-d14a6f9a22bb,completed,2023-03-06 20:43:42.066461,,
99df054f-04de-4714-abd7-0bb09ac25025,completed,2023-03-06 20:43:42.066461,,
99e166d5-e4a3-4288-b849-5b315e52d71a,completed,2023-03-06 20:43:42.066461,,
99ea1a2f-bd52-4408-9e4f-d20eb8dac009,completed,2023-03-06 20:43:42.066461,,
99f2d268-5fd8-4da8-aeca-4f12df36f7a2,completed,2023-03-06 20:43:42.066461,,
99f60003-5f2f-46e7-a7bb-3fdbd02cda17,completed,2023-03-06 20:43:42.066461,,
99f81261-0e12-4acd-a58e-7d1dd158e771,completed,2023-03-06 20:43:42.066461,,
99f953a9-8256-4de3-9872-ee2b54f44a61,completed,2023-03-06 20:43:42.066461,,
9a098eda-0b22-4525-99c8-2dce4aad5749,completed,2023-03-06 20:43:42.066461,,
9a0a716a-74ef-4670-9c27-7c1cba2dd216,completed,2023-03-06 20:43:42.066461,,
9a11375d-c844-4ba0-aa80-c6a448bee96d,completed,2023-03-06 20:43:42.066461,,
9a12327b-6169-4c52-ae07-617f737457e1,completed,2023-03-06 20:43:42.066461,,
9a1add8a-1bac-4e88-baaa-cc24e51ffba5,completed,2023-03-06 20:43:42.066461,,
9a30ccd4-4aca-408b-8532-4e8a67af60f4,completed,2023-03-06 20:43:42.066461,,
9a30e64f-7c92-4423-b9d4-1b861a16211d,completed,2023-03-06 20:43:42.066461,,
9a319ad7-97d1-4a39-a252-c4eb36b6e81c,completed,2023-03-06 20:43:42.066461,,
9a321659-cd0a-4d33-841b-c0fb58c57969,completed,2023-03-06 20:43:42.066461,,
9a3822ce-43aa-4412-b25f-2437538bd2ef,completed,2023-03-06 20:43:42.066461,,
9a3ae641-3947-4ee5-a1b1-4302e1521c03,completed,2023-03-06 20:43:42.066461,,
9a3d7b2d-65b8-43f1-b4bf-10eb0c5f8262,completed,2023-03-06 20:43:42.066461,,
9a44e556-5f81-4de5-a0b6-d2e91820ead6,completed,2023-03-06 20:43:42.066461,,
9a4895e2-8ec5-4176-a6f7-804f747b62ee,completed,2023-03-06 20:43:42.066461,,
9a5625ff-74a5-42e9-8251-ccf6c180c386,completed,2023-03-06 20:43:42.066461,,
9a63e3b4-df01-40b7-abd3-e0cff5b0895d,completed,2023-03-06 20:43:42.066461,,
9a6801f7-a7ab-44a8-9913-0f541ec7a012,completed,2023-03-06 20:43:42.066461,,
9a73c2b0-cf4c-4b80-9401-56ea48f0ccef,completed,2023-03-06 20:43:42.066461,,
9a75657f-8253-43c8-9f28-72513555f637,completed,2023-03-06 20:43:42.066461,,
9a78fb76-9477-4c70-bbcf-6ec156576ab1,completed,2023-03-06 20:43:42.066461,,
9a7c0c5c-2edd-4712-9c14-dec1c145acdb,completed,2023-03-06 20:43:42.066461,,
9a7d6242-4ccb-4239-8936-a6d17fa85e50,completed,2023-03-06 20:43:42.066461,,
9a803bd3-95fb-491c-aebe-90fee01dabc7,completed,2023-03-06 20:43:42.066461,,
9a83f78d-6e19-4e8f-bc03-3ef84d68cd5b,completed,2023-03-06 20:43:42.066461,,
9a88374b-aae3-4b5e-91b5-3f66f197975b,completed,2023-03-06 20:43:42.066461,,
9a912bde-6533-422a-8fe7-93c90e94e4c5,completed,2023-03-06 20:43:42.066461,,
9a95808e-7d17-429b-8b7a-5819f5891e53,completed,2023-03-06 20:43:42.066461,,
9a970f3c-d2af-470e-935e-865e522d7b33,completed,2023-03-06 20:43:42.066461,,
9aa00323-c985-4cd9-b179-98b4a9d723cd,completed,2023-03-06 20:43:42.066461,,
9aa6b3ed-92e2-401e-a80a-6ef924f1e940,completed,2023-03-06 20:43:42.066461,,
9abddd4c-45fb-4ce6-ae71-c12f5a43c183,completed,2023-03-06 20:43:42.066461,,
9abe5560-c501-49e3-94be-f529853c6a2f,completed,2023-03-06 20:43:42.066461,,
9ac8a6ae-5711-4912-8ffa-ca5dce89c236,completed,2023-03-06 20:43:42.066461,,
9acd8422-61ad-4023-8996-422bd220bd63,completed,2023-03-06 20:43:42.066461,,
9acf7a58-37ef-41a8-97d0-a64bfb3adadc,completed,2023-03-06 20:43:42.066461,,
9ad5a1b8-ba78-4df2-b894-4514ad6c9a57,completed,2023-03-06 20:43:42.066461,,
9ae300b8-f960-4427-846f-136a6db6b946,completed,2023-03-06 20:43:42.066461,,
9ae9eecb-2561-4dc1-aaab-bf0e759ac891,completed,2023-03-06 20:43:42.066461,,
9afa7a10-9355-406c-85a8-3fef986c6462,completed,2023-03-06 20:43:42.066461,,
9afc2a60-3cb3-4855-ae3d-2dbc5c46b59f,completed,2023-03-06 20:43:42.066461,,
9afd5fa4-2866-49a5-8ca9-7ea4fc94c31d,completed,2023-03-06 20:43:42.066461,,
9aff32bb-8a02-44e7-aaa9-7e6f379930ab,completed,2023-03-06 20:43:42.066461,,
9b1026ce-3ee4-4efd-81fa-8ab2e3572dc6,completed,2023-03-06 20:43:42.066461,,
9b1954be-b2b1-4aff-8499-2e645b12dffe,completed,2023-03-06 20:43:42.066461,,
9b1d3025-cb33-47b6-86d1-c04089efc65f,completed,2023-03-06 20:43:42.066461,,
9b1dc7f5-811c-410c-802c-ccf46bd03783,completed,2023-03-06 20:43:42.066461,,
9b221666-79d0-4b98-870d-5b855e9e3937,completed,2023-03-06 20:43:42.066461,,
9b2e31e5-7831-407c-ab10-9acfe4afa8f4,completed,2023-03-06 20:43:42.066461,,
9b3160bf-76ef-43ec-ba8e-7e719eca91a2,completed,2023-03-06 20:43:42.066461,,
9b365a27-3b32-492c-8683-f079e33211a5,completed,2023-03-06 20:43:42.066461,,
9b3afdf8-9cb7-428b-beea-928eaa85f1f5,completed,2023-03-06 20:43:42.066461,,
9b4254a8-28c8-400e-9919-39c9fec6d059,completed,2023-03-06 20:43:42.066461,,
9b426a5e-9790-43b7-96bc-23b249465b5e,completed,2023-03-06 20:43:42.066461,,
9b47f954-07cd-4da8-8a19-96bb858ca876,completed,2023-03-06 20:43:42.066461,,
9b4875e5-aba9-42f3-9adf-762b5547a18b,completed,2023-03-06 20:43:42.066461,,
9b493402-60ae-4ef0-853f-7188fa00cc6b,completed,2023-03-06 20:43:42.066461,,
9b4b9ce7-410a-40b2-9a47-81ff44cbde1b,completed,2023-03-06 20:43:42.066461,,
9b52825e-e834-4f3c-aac7-b98db42f34ff,completed,2023-03-06 20:43:42.066461,,
9b62cc73-e97f-442f-98dc-b7a01cf99997,completed,2023-03-06 20:43:42.066461,,
9b66227c-d554-4c19-b7a4-2230723513e2,completed,2023-03-06 20:43:42.066461,,
9b693f76-f85b-4dc4-9018-c4cc09c76137,completed,2023-03-06 20:43:42.066461,,
9b6a3051-7136-43ed-a483-74fc14d8dc46,completed,2023-03-06 20:43:42.066461,,
9b77f5e7-3479-4990-9d42-e3104e9cab5a,completed,2023-03-06 20:43:42.066461,,
9b7959cd-db9b-4200-99e4-b092b6851d3f,completed,2023-03-06 20:43:42.066461,,
9b7b0fb2-67f7-49dc-ad6d-cf2c5426bba1,completed,2023-03-06 20:43:42.066461,,
9b8039da-5ac4-4d3a-a827-8cae730a5de1,completed,2023-03-06 20:43:42.066461,,
9b8e5c48-e765-4b8c-85b9-d928b427525c,completed,2023-03-06 20:43:42.066461,,
9b9351c8-7df1-4257-a6ef-0e078d2943b1,completed,2023-03-06 20:43:42.066461,,
9ba285c0-9090-47d2-beb1-b3309cc8ffc2,completed,2023-03-06 20:43:42.066461,,
9bae6b05-9445-414f-84c9-d30a0f677273,completed,2023-03-06 20:43:42.066461,,
9bb1fcd4-490d-48b2-b1a0-f89fa4e61b4a,completed,2023-03-06 20:43:42.066461,,
9bc17efd-c6ac-4833-927f-96d24378342b,completed,2023-03-06 20:43:42.066461,,
9bcd4138-6fde-442f-adad-186596d906d4,completed,2023-03-06 20:43:42.066461,,
9bdb8b47-1cc5-40fd-98ad-acf186dd8f5a,completed,2023-03-06 20:43:42.066461,,
9bdd5296-2305-408c-92da-f37d7e60bed8,completed,2023-03-06 20:43:42.066461,,
9be472f4-c3de-4d14-b047-1e65aed69cb5,completed,2023-03-06 20:43:42.066461,,
9bed938a-65d6-41b8-aa61-5297445dbe02,completed,2023-03-06 20:43:42.066461,,
9befed85-a7c3-439b-8663-31d60263dd37,completed,2023-03-06 20:43:42.066461,,
9bf4e99d-ecd2-4092-ae05-cb34c921bb15,completed,2023-03-06 20:43:42.066461,,
9bf8b079-2a93-4c09-a21c-dab4e9ca8f14,completed,2023-03-06 20:43:42.066461,X,
9bfc0b8d-4137-44ef-a1c1-8fe9661f617f,completed,2023-03-06 20:43:42.066461,,
9c0542c8-d66b-4e64-9635-3685f654ba5c,completed,2023-03-06 20:43:42.066461,,
9c0d127d-4a3f-44b2-9f95-5faebbc3f3b1,completed,2023-03-06 20:43:42.066461,,
9c0dfbd7-e43f-48a7-8937-84eefc13ae26,completed,2023-03-06 20:43:42.066461,,
9c12a3df-2918-4bf1-9fc8-e396857ae3ca,completed,2023-03-06 20:43:42.066461,,
9c12d0f5-f308-4676-ab81-2a158ebbff14,completed,2023-03-06 20:43:42.066461,,
9c1fb2fa-559d-47ec-bf0e-13c8e95c90f3,completed,2023-03-06 20:43:42.066461,,
9c242846-0f6c-40a9-be67-7962fd035a3e,completed,2023-03-06 20:43:42.066461,,
9c245561-d65c-4585-9f43-2574b63e6123,completed,2023-03-06 20:43:42.066461,,
9c288a95-f0a5-42e3-88e7-71404c8127cb,completed,2023-03-06 20:43:42.066461,,
9c298d3b-3641-422a-a9b6-27295952b328,completed,2023-03-06 20:43:42.066461,,
9c2f04e1-2904-4909-85d7-36662fd634a8,completed,2023-03-06 20:43:42.066461,,
9c314f9e-96ab-4043-90af-2f6dc6b11e4d,completed,2023-03-06 20:43:42.066461,,
9c325cef-cefa-4dba-adbe-1016e94bef8e,completed,2023-03-06 20:43:42.066461,,
9c395f61-6044-4d48-9f89-7ff43039ee8f,completed,2023-03-06 20:43:42.066461,,
9c3ff6f0-c963-47cb-915d-9457d59540b9,completed,2023-03-06 20:43:42.066461,,
9c49c404-64cd-4915-900d-154f690df8f7,completed,2023-03-06 20:43:42.066461,,
9c4a2f78-ffd5-4993-8a75-d0d330c98da0,completed,2023-03-06 20:43:42.066461,,
9c4d688c-7482-4d5d-a239-17f5f5fb790d,completed,2023-03-06 20:43:42.066461,,
9c4fab9d-55b5-40e5-b76b-8d3659229434,completed,2023-03-06 20:43:42.066461,,
9c54b3ad-8551-4447-b501-945187d15d07,completed,2023-03-06 20:43:42.066461,,
9c608b74-ccfc-412a-bdbd-c27fdc6b043b,completed,2023-03-06 20:43:42.066461,,
9c6358e2-26a6-4147-9aca-8c418acb9e00,completed,2023-03-06 20:43:42.066461,,
9c6a7dad-b81e-4e52-9917-63da0e02ff1d,completed,2023-03-06 20:43:42.066461,,
9c71c0ec-6cce-412b-99a4-d7215afe0c12,completed,2023-03-06 20:43:42.066461,,
9c79d800-c712-4169-9d68-f13b9996ba22,completed,2023-03-06 20:43:42.066461,,
9c836f88-0f6c-44fc-bee5-c3ceceacb56a,completed,2023-03-06 20:43:42.066461,,
9c90b913-5820-411c-b1cc-c33fb89ce5d7,completed,2023-03-06 20:43:42.066461,,
9c95aaf4-243b-4bc3-a45c-fd13b4c33ef3,completed,2023-03-06 20:43:42.066461,,
9c9bb765-faa9-4908-bc07-f325cedf7489,completed,2023-03-06 20:43:42.066461,,
9caf02d7-8429-4d84-a1a2-7eb60a86e1ed,completed,2023-03-06 20:43:42.066461,,
9cb5568a-b48f-435a-84ce-77e919d50026,completed,2023-03-06 20:43:42.066461,,
9cb9684c-1c25-4793-9af0-ebd246f0df61,completed,2023-03-06 20:43:42.066461,,
9cc95da8-d831-4e15-8ae8-d0a4726aadd2,completed,2023-03-06 20:43:42.066461,,
9ccc3121-bbc7-423e-a3a8-8bd726583749,completed,2023-03-06 20:43:42.066461,,
9ccd4325-b2f5-4ae1-b854-f75c71809cfb,completed,2023-03-06 20:43:42.066461,,
9cd188ff-3097-4cb9-8163-895ec3bb1c79,completed,2023-03-06 20:43:42.066461,,
9cd2bce4-c269-4b7a-b30e-356d042fd971,completed,2023-03-06 20:43:42.066461,,
9cdad3a8-3746-4bee-8b4c-91a4ffb672ea,completed,2023-03-06 20:43:42.066461,,
9ce9550a-8047-41e9-af63-4be731371775,completed,2023-03-06 20:43:42.066461,X,
9ceb3f4e-b365-4170-808f-d43080c243f9,completed,2023-03-06 20:43:42.066461,,
9cf3061b-6372-45b7-8198-717282be6cc4,completed,2023-03-06 20:43:42.066461,,
9cf6ec6d-877b-43ff-8db0-479dc5111316,completed,2023-03-06 20:43:42.066461,,
9cf973ad-3bd1-4891-8a5e-92abdc6796c8,completed,2023-03-06 20:43:42.066461,,
9cfd2217-e89d-4524-9c69-a6bab00feaa1,completed,2023-03-06 20:43:42.066461,,
9cfeb1df-4375-422b-9bd1-8ff945123181,completed,2023-03-06 20:43:42.066461,,
9d0466cd-c7fe-4e85-a634-3da9bc43cbf8,completed,2023-03-06 20:43:42.066461,,
9d0994fa-1293-412c-86bc-8787507eb78e,completed,2023-03-06 20:43:42.066461,,
9d0bc0e2-2d08-4bf4-938a-12f8804bb599,completed,2023-03-06 20:43:42.066461,,
9d140b7f-42cd-422b-83fa-b528cb2aff44,completed,2023-03-06 20:43:42.066461,X,
9d175a63-c2ab-4e57-932c-c0ab6d4eaf40,completed,2023-03-06 20:43:42.066461,,
9d1a34c3-d420-4e3b-8cd3-194114791bf5,completed,2023-03-06 20:43:42.066461,,
9d1d38fe-2b3f-411e-9e22-eae4a93ed943,completed,2023-03-06 20:43:42.066461,,
9d2036f3-4d1d-4dbd-b516-91c0c59349fa,completed,2023-03-06 20:43:42.066461,,
9d20b9ee-d722-47c0-868e-a2cfb6ebbd70,completed,2023-03-06 20:43:42.066461,,
9d255e4e-952a-48cc-b15b-4a40f9ec5b29,completed,2023-03-06 20:43:42.066461,,
9d272a1e-0028-4d90-b9e6-e1084400fffc,completed,2023-03-06 20:43:42.066461,,
9d2fce5a-073c-434b-afc2-24811f1b6224,completed,2023-03-06 20:43:42.066461,,
9d35c43b-5389-4d95-a258-21f13a6f1c39,completed,2023-03-06 20:43:42.066461,,
9d43c515-b3ab-43d1-8ed1-a7f968e32f5b,completed,2023-03-06 20:43:42.066461,,
9d546652-230d-4872-95d4-71ea2a6828b9,completed,2023-03-06 20:43:42.066461,,
9d553f37-6076-4481-9ae2-5da0be52316a,completed,2023-03-06 20:43:42.066461,,
9d56a2ea-fd8d-4655-b6f5-570e6b8093dd,completed,2023-03-06 20:43:42.066461,,
9d5a9a1b-d889-4934-ad05-df0fee5d0d8e,completed,2023-03-06 20:43:42.066461,,
9d5d8a1a-c566-43dd-8c87-51b666de87f1,completed,2023-03-06 20:43:42.066461,,
9d6fdf33-e85a-4b60-8bda-0e1670f435cc,completed,2023-03-06 20:43:42.066461,,
9d739820-4c53-4f10-ab3c-5dbb39ae2c08,completed,2023-03-06 20:43:42.066461,,
9d81ef11-6a77-44b8-84a1-3ed2300a7a92,completed,2023-03-06 20:43:42.066461,,
9d83822d-0120-459c-99f7-f2d20fcdc4cc,completed,2023-03-06 20:43:42.066461,,
9d862147-be56-4382-9ead-13398b790c76,completed,2023-03-06 20:43:42.066461,,
9d8961d0-cdb2-4b3b-bc48-2ceed86386bf,completed,2023-03-06 20:43:42.066461,,
9d8e1037-028c-40f1-82ad-67e390f1e1c1,completed,2023-03-06 20:43:42.066461,,
9d9136c9-05f3-4176-91b2-568d73df502f,completed,2023-03-06 20:43:42.066461,,
9d97107a-a660-4c48-8fd5-421bd60c5613,completed,2023-03-06 20:43:42.066461,,
9d9a7401-73be-4726-8092-ea9d3705d6d9,completed,2023-03-06 20:43:42.066461,,
9d9c430a-91fb-4ca9-b8bc-7afe0fa75eee,completed,2023-03-06 20:43:42.066461,,
9da09e5f-a5d8-409b-8a13-75da9705b450,completed,2023-03-06 20:43:42.066461,,
9dad5a78-d0f0-4bf6-97fa-d8739ed3f9df,completed,2023-03-06 20:43:42.066461,,
9db034cf-6b1d-42e1-8777-a73cbc32fb53,completed,2023-03-06 20:43:42.066461,,
9db8f02d-7676-4dc1-986a-428e07622abc,completed,2023-03-06 20:43:42.066461,,
9dbe0bfe-f88e-46cb-ba17-e8c5f9fa7758,completed,2023-03-06 20:43:42.066461,,
9dc6f5b3-c68a-4a3a-a848-731dfdf8ac40,completed,2023-03-06 20:43:42.066461,,
9dd3e40d-04fb-4966-bb28-9a09e8f74509,completed,2023-03-06 20:43:42.066461,,
9dd8d635-0fcd-4f4e-95bb-ea023f3ae55c,completed,2023-03-06 20:43:42.066461,,
9ddc64e2-545f-46ba-a3d2-4ce8e54c922c,completed,2023-03-06 20:43:42.066461,,
9de403a5-5a21-4153-bdf7-69cd9bb32aab,completed,2023-03-06 20:43:42.066461,,
9deea7c9-976c-474c-8df1-eb8cc84b0bc3,completed,2023-03-06 20:43:42.066461,,
9defc743-6a06-4d7c-a28a-74cfdb1c47f7,completed,2023-03-06 20:43:42.066461,,
9df7c4e7-b64c-4ac4-a640-b760e857c0f3,completed,2023-03-06 20:43:42.066461,,
9df8b69f-0d96-4e14-b1a2-c0af6ba68915,completed,2023-03-06 20:43:42.066461,,
9e02d549-3a1a-40e6-ae0b-4089ddc8a1f1,completed,2023-03-06 20:43:42.066461,,
9e08c807-5db3-4ac6-b249-a93e7bb515b3,completed,2023-03-06 20:43:42.066461,,
9e094ff7-d1c8-4881-a451-4f1be268d3d9,completed,2023-03-06 20:43:42.066461,,
9e189c0c-f20d-4083-acb4-fa21db5c1241,completed,2023-03-06 20:43:42.066461,,
9e1ed661-98cb-4ebc-a4c8-06f99c9d2ae8,completed,2023-03-06 20:43:42.066461,,
9e2bdc31-8721-4b8f-b65c-7c75a39c56e5,completed,2023-03-06 20:43:42.066461,,
9e2bffa6-f548-4b84-ae36-75c210aafce1,completed,2023-03-06 20:43:42.066461,,
9e2cbd10-4fb6-461c-8068-d8146d261286,completed,2023-03-06 20:43:42.066461,,
9e2e53a4-ec30-4de2-95fe-faed7b0bef3d,completed,2023-03-06 20:43:42.066461,,
9e5138e1-0a57-4871-9eec-92020c8f0027,completed,2023-03-06 20:43:42.066461,,
9e51ec2b-15eb-4b5f-addd-205c4d3a49cb,completed,2023-03-06 20:43:42.066461,,
9e562926-3643-4224-b7fa-55603f3ca46b,completed,2023-03-06 20:43:42.066461,,
9e5bb321-5312-4491-a7ce-9d23cf10d68b,completed,2023-03-06 20:43:42.066461,,
9e5ca4c2-8f26-4060-95e2-aa92be93180e,completed,2023-03-06 20:43:42.066461,,
9e69c386-44ac-4707-bb18-ee8a81c3b975,completed,2023-03-06 20:43:42.066461,,
9e728fe6-e1ef-4f31-be12-5c5614c32fba,completed,2023-03-06 20:43:42.066461,,
9e76b27c-6b85-4128-bbbe-40bb7ab6e6e0,completed,2023-03-06 20:43:42.066461,,
9e773dea-a5e6-473a-a59c-011359d1e51f,completed,2023-03-06 20:43:42.066461,,
9e804082-472a-4737-85bf-1d80fefcbfe8,completed,2023-03-06 20:43:42.066461,,
9e882c39-7fa1-45f1-a6af-219d256149fa,completed,2023-03-06 20:43:42.066461,,
9e898597-c378-4a30-ba6c-58501557e4c6,completed,2023-03-06 20:43:42.066461,,
9e89e447-ecce-4ef7-bdda-9c119e3c8ce3,completed,2023-03-06 20:43:42.066461,,
9e9e5751-4976-47f6-aa5f-180bf9662574,completed,2023-03-06 20:43:42.066461,,
9eacf27c-15a5-4d90-ba6e-4e5cfdbfe946,completed,2023-03-06 20:43:42.066461,X,
9eb6479c-35f7-4288-8d7b-49a422c61e16,completed,2023-03-06 20:43:42.066461,,
9ec6572c-dd47-4ffc-bcf2-1e1c909e50f6,completed,2023-03-06 20:43:42.066461,,
9ec93368-c38c-4a69-8d81-4331db83445d,completed,2023-03-06 20:43:42.066461,,
9eceaede-2dc4-4e09-b9ee-9f6d670b3c25,completed,2023-03-06 20:43:42.066461,,
9ed1d6e6-5f65-432b-8556-d49f5ad885a3,completed,2023-03-06 20:43:42.066461,,
9ee276f5-79fe-4676-b9e8-e4770bfa8315,completed,2023-03-06 20:43:42.066461,,
9eee3db2-b25d-48da-b4fc-394a3d45d99e,completed,2023-03-06 20:43:42.066461,,
9ef8942f-28fc-43db-aaad-bfa214fcc64a,completed,2023-03-06 20:43:42.066461,,
9efb167e-20b6-458a-b4f9-da37caa722a4,completed,2023-03-06 20:43:42.066461,,
9efeefdb-6655-46fa-8d93-042b2a269e8a,completed,2023-03-06 20:43:42.066461,,
9f036fa5-7607-484a-828a-8bccd6b18554,completed,2023-03-06 20:43:42.066461,,
9f16ff50-6793-4722-a0b7-049c0d99bfa3,completed,2023-03-06 20:43:42.066461,,
9f174cbc-65f6-489d-9396-7ddaae937635,completed,2023-03-06 20:43:42.066461,,
9f18c6e9-68d5-4146-a28b-f4a7ff716b87,completed,2023-03-06 20:43:42.066461,,
9f1ab744-755a-487e-8e73-bc4104393d54,completed,2023-03-06 20:43:42.066461,X,
9f1e153e-b2a4-463a-a357-f39aa5413bd0,completed,2023-03-06 20:43:42.066461,,
9f253254-6fb8-4781-8540-bc7ceea4923c,completed,2023-03-06 20:43:42.066461,,
9f2f8fd1-fe89-4a0a-bed0-ab3519733cfc,completed,2023-03-06 20:43:42.066461,,
9f39839b-89cd-4758-8667-ef556a84d7ee,completed,2023-03-06 20:43:42.066461,,
9f43c7dd-b969-41e6-a800-d3c228c77fd6,completed,2023-03-06 20:43:42.066461,,
9f464c13-fd32-4c5f-a34e-a1a1f67c6b55,completed,2023-03-06 20:43:42.066461,,
9f477abc-98cb-45f5-a82a-5947b048dab3,completed,2023-03-06 20:43:42.066461,,
9f4c839f-2f40-4f37-9452-adf7a18ec73b,completed,2023-03-06 20:43:42.066461,,
9f534034-5829-4a6e-bcaf-c8c6bdb99eeb,completed,2023-03-06 20:43:42.066461,,
9f6093cb-93c0-4d13-a481-a5798e243729,completed,2023-03-06 20:43:42.066461,,
9f658fc4-4f4a-4cdd-b914-1daabf7864fd,completed,2023-03-06 20:43:42.066461,,
9f680605-1ced-407a-a85d-862243dff25e,completed,2023-03-06 20:43:42.066461,,
9f71168f-320e-4116-944b-465c9a91a436,completed,2023-03-06 20:43:42.066461,,
9f73f40f-fd37-4619-8bbe-2b47d02e4ef4,completed,2023-03-06 20:43:42.066461,,
9f76f8b4-5aeb-402d-a86f-eee9a8d8cb9d,completed,2023-03-06 20:43:42.066461,,
9f7983d4-27f2-4b2b-b93a-51a0e65c8511,completed,2023-03-06 20:43:42.066461,,
9f85a756-c9a4-458b-90b1-7917e5e58fef,completed,2023-03-06 20:43:42.066461,,
9f8e5476-6203-454c-bf2c-0ad897013f4c,completed,2023-03-06 20:43:42.066461,,
9f927b7b-03b4-4ee1-955f-ebdbbc8af385,completed,2023-03-06 20:43:42.066461,,
9f954a3a-bead-4387-bce1-489a70a74920,completed,2023-03-06 20:43:42.066461,,
9f9559f4-d869-4382-b4f1-a7f5c93f7a50,completed,2023-03-06 20:43:42.066461,,
9f9c5e96-6d00-4ef8-97b6-7c2f23661d11,completed,2023-03-06 20:43:42.066461,,
9fb7fe5e-89b6-4afb-a4e0-624eae29904b,completed,2023-03-06 20:43:42.066461,,
9fbf9b67-7cc3-4631-80b1-c11fef1ad695,completed,2023-03-06 20:43:42.066461,X,
9fc10218-9f76-4789-bee5-248ec0fd4923,completed,2023-03-06 20:43:42.066461,,
9fc4d725-78fb-4cb2-b15d-6bfa0276e92f,completed,2023-03-06 20:43:42.066461,,
9fc58391-2eb7-4e22-a5cd-fa39ccaaa137,completed,2023-03-06 20:43:42.066461,,
9fc7bf4c-d4fa-49cf-be18-5486ccf75cf6,completed,2023-03-06 20:43:42.066461,,
9fcb86dd-cdf1-4332-8b18-b2aa24d24fdf,completed,2023-03-06 20:43:42.066461,,
9fd19569-5514-404b-81a9-59fda738840e,completed,2023-03-06 20:43:42.066461,,
9fd54724-027a-42e5-beac-f4741228a363,completed,2023-03-06 20:43:42.066461,,
9fda18e8-15bd-4a7d-8a9e-c0dcabcd36f0,completed,2023-03-06 20:43:42.066461,,
9fe14179-fac7-4b6b-8203-cef2095bfd57,completed,2023-03-06 20:43:42.066461,,
9ff4bdec-3389-4dfb-b76d-b45a07bc07b5,completed,2023-03-06 20:43:42.066461,,
9ffb9a15-cd1f-46ed-9498-47b2a2acde9d,completed,2023-03-06 20:43:42.066461,,
a0057bcb-e225-410e-b0fd-885144767e40,completed,2023-03-06 20:43:42.066461,,
a00a5568-69d6-4bf9-8e9b-e65210495485,completed,2023-03-06 20:43:42.066461,,
a011a74e-1743-474b-bc76-c688e56c4cd9,completed,2023-03-06 20:43:42.066461,,
a013b638-ecb0-4919-81d2-37728e20a10e,completed,2023-03-06 20:43:42.066461,,
a017d58f-84e8-403a-9efa-a386fdaac93d,completed,2023-03-06 20:43:42.066461,,
a0235f4c-ef06-4bda-8aa0-150fab1766cf,completed,2023-03-06 20:43:42.066461,,
a025ff10-479e-4fd0-9b99-3d75851da3b6,completed,2023-03-06 20:43:42.066461,,
a0271f73-bc75-4a68-8930-feed8d46ee69,completed,2023-03-06 20:43:42.066461,,
a036321a-5a44-4147-ad68-9e12ef138166,completed,2023-03-06 20:43:42.066461,,
a03c2459-9cb2-484d-a0d7-d790593953e2,completed,2023-03-06 20:43:42.066461,X,
a03d0d0f-430b-475f-b3aa-4168f31420ee,completed,2023-03-06 20:43:42.066461,,
a03efb5c-dc6b-47fa-9ece-f018891f9ea4,completed,2023-03-06 20:43:42.066461,,
a046d0dd-2086-408b-8a3e-cf4fca6fb896,completed,2023-03-06 20:43:42.066461,,
a051842b-0487-49e3-8f91-a63f3352d0c7,completed,2023-03-06 20:43:42.066461,,
a0535ce8-2174-426f-955d-e4ae6a1874ad,completed,2023-03-06 20:43:42.066461,,
a054aa2b-71fc-4055-a4a7-8b6252bf4306,completed,2023-03-06 20:43:42.066461,,
a056afc7-f005-4677-8014-90181ce9eb40,completed,2023-03-06 20:43:42.066461,,
a05aa0be-0da3-4c9d-847f-901dbf5174de,completed,2023-03-06 20:43:42.066461,,
a05f7d18-a6e7-416b-8c19-32ae526ad962,completed,2023-03-06 20:43:42.066461,,
a05f8870-7918-4c53-bda5-1de0d7495c1d,completed,2023-03-06 20:43:42.066461,,
a0636c80-71f4-40a1-8ff9-3aa1dcdd0e5f,completed,2023-03-06 20:43:42.066461,,
a0646600-e0c8-4240-aa8e-3dcf194b7937,completed,2023-03-06 20:43:42.066461,,
a0719e41-f8b6-4229-9c32-77be330ae438,completed,2023-03-06 20:43:42.066461,,
a07c8b98-4669-4d2e-a0f9-14bc1544f914,completed,2023-03-06 20:43:42.066461,,
a0871eb1-4e51-4023-ba9e-5a7147da8cea,completed,2023-03-06 20:43:42.066461,,
a0907b38-2091-4f07-817c-fa9bf4712594,completed,2023-03-06 20:43:42.066461,,
a091d556-9e37-4e7b-8a9f-5edbe3506eec,completed,2023-03-06 20:43:42.066461,,
a09e2e94-9a51-45c3-84de-645b018fd45d,completed,2023-03-06 20:43:42.066461,,
a0a033d9-0d56-4951-a11f-a5fed38e4393,completed,2023-03-06 20:43:42.066461,,
a0a09c78-336b-4499-8024-fbd06bf799fe,completed,2023-03-06 20:43:42.066461,,
a0a218a7-ce9b-49ea-b326-8300b2991d0e,completed,2023-03-06 20:43:42.066461,,
a0a78ced-8262-4c4d-b404-102d9bf4e7f8,completed,2023-03-06 20:43:42.066461,,
a0ac15c5-1f00-4170-af6d-cb6db30b57be,completed,2023-03-06 20:43:42.066461,,
a0ac7c7c-d4a7-4218-9650-50a3f573c95e,completed,2023-03-06 20:43:42.066461,,
a0b246ad-ce82-4827-a666-7d1caa4ddac5,completed,2023-03-06 20:43:42.066461,,
a0b28da8-98b3-4050-b813-3bc74559e6b6,completed,2023-03-06 20:43:42.066461,,
a0b5102f-cf87-482b-a138-fa87e6fba2f1,completed,2023-03-06 20:43:42.066461,,
a0b9c88e-8e23-44f8-955f-90003176cfbf,completed,2023-03-06 20:43:42.066461,,
a0c04921-aaaf-4a40-a1eb-9a5a794234d9,completed,2023-03-06 20:43:42.066461,,
a0c54c86-008d-4969-8ac3-666cdbdb712f,completed,2023-03-06 20:43:42.066461,,
a0c9f29f-94a6-4eaa-a487-3436ec1422e8,completed,2023-03-06 20:43:42.066461,,
a0cce8dd-c904-4148-a27a-587d0cb7f515,completed,2023-03-06 20:43:42.066461,,
a0d54aae-9368-4c6c-b1bf-b6f46286827b,completed,2023-03-06 20:43:42.066461,,
a0db1ee9-4081-47b5-b065-0ef8f3cef0d0,completed,2023-03-06 20:43:42.066461,,
a0de52cf-dbdd-4f60-9a11-57ce59ba020e,completed,2023-03-06 20:43:42.066461,,
a0ef4478-03db-4255-84a2-984ace4c6cc7,completed,2023-03-06 20:43:42.066461,,
a1026a5d-b72d-43aa-bd7e-d3b44f1ac540,completed,2023-03-06 20:43:42.066461,,
a10f5575-9d16-4be7-bdfb-bbfc4c3f5053,completed,2023-03-06 20:43:42.066461,,
a11488e4-5803-4aab-9752-ab65d48dc4f0,completed,2023-03-06 20:43:42.066461,,
a118a020-59d9-4f5b-a8ab-74a9632cdee3,completed,2023-03-06 20:43:42.066461,,
a11fa4be-32a1-446a-b3f2-ccd99e8624b8,completed,2023-03-06 20:43:42.066461,,
a12f9bf4-5ceb-438f-bc73-c14e90d56384,completed,2023-03-06 20:43:42.066461,,
a135f2b4-6e93-413b-8f11-f7ff8065aa97,completed,2023-03-06 20:43:42.066461,,
a13fd484-ed07-4a2c-bc95-e1d95e5be7e5,completed,2023-03-06 20:43:42.066461,,
a14036e6-7e67-4ac2-94bf-4de20ce2a716,completed,2023-03-06 20:43:42.066461,,
a140f562-28b5-4c34-a094-4f2f5887914f,completed,2023-03-06 20:43:42.066461,,
a1418e74-5d95-4b3d-a033-8e5ed3ce7c95,completed,2023-03-06 20:43:42.066461,,
a14dc104-3f05-4ee7-b9c7-fec6181c6f95,completed,2023-03-06 20:43:42.066461,,
a15179d8-398e-4eda-84d2-85c423b840a6,completed,2023-03-06 20:43:42.066461,,
a1518145-236d-4428-963a-ca3cb3f7f2ec,completed,2023-03-06 20:43:42.066461,,
a1522217-ed4b-4537-a48c-3441ec2728d3,completed,2023-03-06 20:43:42.066461,,
a1743d2b-0cd9-4569-9f2a-2be9b77c343f,completed,2023-03-06 20:43:42.066461,,
a1744ec7-f671-42d9-a0ca-74b45a798a1e,completed,2023-03-06 20:43:42.066461,,
a1797ad1-9a9d-4fc6-b25a-f5127a1eb340,completed,2023-03-06 20:43:42.066461,,
a17b3b06-47e6-4ac1-83f7-70f3cbd66cde,completed,2023-03-06 20:43:42.066461,,
a19457e1-1d4d-46be-88d4-6bbc8bf7abcb,completed,2023-03-06 20:43:42.066461,,
a19fe35b-8b0c-422f-9919-e529b2e281cf,completed,2023-03-06 20:43:42.066461,,
a1a282f2-1683-41a9-bcd2-2772187d1032,completed,2023-03-06 20:43:42.066461,,
a1aadda9-e6b0-4a17-8277-dc568f2233e9,completed,2023-03-06 20:43:42.066461,,
a1b1ccba-f7e2-4d4a-847f-0235ad2ad4a1,completed,2023-03-06 20:43:42.066461,,
a1b6322e-9344-41a3-88ca-14557178f5e6,completed,2023-03-06 20:43:42.066461,,
a1b6b734-cb79-40d6-a34e-6dcdb8daeff7,completed,2023-03-06 20:43:42.066461,,
a1bd605b-7918-4da9-b58c-93123f6e0483,completed,2023-03-06 20:43:42.066461,,
a1d18db5-a38e-4a78-a2fd-a9697747db75,completed,2023-03-06 20:43:42.066461,,
a1d51e27-0901-4f8b-a89d-49575dd43edf,completed,2023-03-06 20:43:42.066461,,
a1d84c3e-2413-4922-94ec-d7f3b658f338,completed,2023-03-06 20:43:42.066461,,
a1da5491-24d6-40dd-a917-346223cdf28b,completed,2023-03-06 20:43:42.066461,,
a1e0992b-2303-4244-8c06-be7823225855,completed,2023-03-06 20:43:42.066461,,
a1e20383-cb90-48ba-b54b-8b42b5ffcf44,completed,2023-03-06 20:43:42.066461,X,
a1e5d73a-30d0-4761-b4a2-854837388a45,completed,2023-03-06 20:43:42.066461,,
a1e630f4-0d24-465d-9a7e-3b585afc5819,completed,2023-03-06 20:43:42.066461,,
a1e6d19f-3ab8-49fc-8a6f-f013c7cdf565,completed,2023-03-06 20:43:42.066461,,
a1ea1126-4b65-4db3-996c-2f9bcc7305a1,completed,2023-03-06 20:43:42.066461,,
a1f0129a-8229-43a1-abb0-b91c1ff8fc50,completed,2023-03-06 20:43:42.066461,,
a1f85a0d-be39-424f-b641-29592ade7c57,completed,2023-03-06 20:43:42.066461,,
a2037fbf-4f29-4320-a8b6-13e68dcca895,completed,2023-03-06 20:43:42.066461,,
a20a9170-72bc-42a9-ad74-cff4cb404c24,completed,2023-03-06 20:43:42.066461,,
a20e31db-d357-43df-9aaf-1621d5c9bc5c,completed,2023-03-06 20:43:42.066461,,
a2123b2b-b102-4214-aeb3-e1122287fa95,completed,2023-03-06 20:43:42.066461,,
a21a3fa9-4188-474f-be6c-b541405931c8,completed,2023-03-06 20:43:42.066461,,
a21c3e31-ef75-4429-ad4f-cc923367cb4f,completed,2023-03-06 20:43:42.066461,,
a2268eb4-96f6-4c09-8dd7-1af02f32eff9,completed,2023-03-06 20:43:42.066461,,
a23c9ec0-1437-48f0-a89a-1bcfd509f88d,completed,2023-03-06 20:43:42.066461,,
a24aff58-af5a-48d2-a674-b12400d72bbd,completed,2023-03-06 20:43:42.066461,,
a25a3331-d978-4757-9fee-5c69290a9fb9,completed,2023-03-06 20:43:42.066461,,
a25eec7a-8723-43d9-a329-3a0e61354fc8,completed,2023-03-06 20:43:42.066461,X,
a26add24-40ba-4f24-a0f8-dcffb2357379,completed,2023-03-06 20:43:42.066461,X,
a26bcc76-8e32-44d2-b341-70d9d4c017ee,completed,2023-03-06 20:43:42.066461,,
a27688b2-5227-443b-bb09-797f2cc8e048,completed,2023-03-06 20:43:42.066461,,
a27a97c8-66bc-41f7-94d5-617e0c0c9858,completed,2023-03-06 20:43:42.066461,,
a27d9f44-91d1-4c8c-bd71-a2a998ea3fc2,completed,2023-03-06 20:43:42.066461,,
a27e1b01-4625-49ca-9a04-bdb925aa306a,completed,2023-03-06 20:43:42.066461,,
a2842d53-5d2e-4cc7-b3fc-80eb6c5b00a9,completed,2023-03-06 20:43:42.066461,,
a2846689-e4af-4346-a2ca-0e443fa13c4a,completed,2023-03-06 20:43:42.066461,,
a2893596-ac86-4715-a79d-008d0bf3dd82,completed,2023-03-06 20:43:42.066461,,
a28e33b3-65b3-4622-8da8-c6ebede1555e,completed,2023-03-06 20:43:42.066461,,
a2904d47-92fd-4938-9fe6-bc24d2c37768,completed,2023-03-06 20:43:42.066461,,
a2994515-03e0-4db3-988e-a37ddb6a2e86,completed,2023-03-06 20:43:42.066461,,
a29a21c1-d809-424d-b502-c8ada44e5539,completed,2023-03-06 20:43:42.066461,,
a2a34d7c-ee13-4fe8-9467-c7db46132f4e,completed,2023-03-06 20:43:42.066461,,
a2a40c98-a8bc-4014-ac6b-821768e97c02,completed,2023-03-06 20:43:42.066461,,
a2ac8a7a-5a2f-4dcb-99a6-4f966e7963a3,completed,2023-03-06 20:43:42.066461,,
a2add871-36b5-4031-aceb-68dc663b43e1,completed,2023-03-06 20:43:42.066461,,
a2af3eb0-10fc-4eb6-ad21-4f72fbc5a753,completed,2023-03-06 20:43:42.066461,,
a2b66d00-6651-4836-8c49-74d26b399956,completed,2023-03-06 20:43:42.066461,,
a2b93437-c70a-412f-be9b-b8af625c2a5b,completed,2023-03-06 20:43:42.066461,,
a2bfc3ce-06ae-48d7-ba1e-f1b125ff95bd,completed,2023-03-06 20:43:42.066461,,
a2cb8e1d-89cf-46e2-b8a6-f4dd67ea83ff,completed,2023-03-06 20:43:42.066461,,
a2da1c06-81a1-49a5-af09-93cc4ab82f46,completed,2023-03-06 20:43:42.066461,,
a2dc7ec0-d63f-4628-8050-2d26765a3a65,completed,2023-03-06 20:43:42.066461,,
a2e15afc-6912-4493-9be0-b68123871d77,completed,2023-03-06 20:43:42.066461,,
a2ee67c4-6b38-4beb-bd75-5cc5b2800a44,completed,2023-03-06 20:43:42.066461,,
a2f46813-e305-455b-9d4d-a065032535a7,completed,2023-03-06 20:43:42.066461,,
a2fa2ff0-1394-47a8-b705-03c7c0c95239,completed,2023-03-06 20:43:42.066461,,
a2fd27e1-0be0-4011-90ba-320196f23e0f,completed,2023-03-06 20:43:42.066461,,
a3041f23-e927-43e1-a399-ed84c5afcb49,completed,2023-03-06 20:43:42.066461,,
a3098e2e-dd20-4d34-9d64-8feada5075ec,completed,2023-03-06 20:43:42.066461,,
a30c778e-a1ae-485e-9e0b-731c43d7d36b,completed,2023-03-06 20:43:42.066461,,
a30eee40-9792-4ccc-a456-0bcae2c28b5d,completed,2023-03-06 20:43:42.066461,,
a3107c3e-c870-44cc-a64c-2cf0b979fe44,completed,2023-03-06 20:43:42.066461,,
a31b41f8-45f1-4842-9524-d6f6f9cfba2b,completed,2023-03-06 20:43:42.066461,,
a3251895-b7f2-4784-83bc-3d106837752c,completed,2023-03-06 20:43:42.066461,,
a328c825-2f1a-4392-9f1d-67aafb5573a3,completed,2023-03-06 20:43:42.066461,,
a3426b52-2968-470f-a7ef-a5476f90a64f,completed,2023-03-06 20:43:42.066461,,
a347d12d-ca9a-4cec-adef-eba4dcd4c05b,completed,2023-03-06 20:43:42.066461,,
a34997ab-280a-453a-a0e6-cc5e3e7e9fd0,completed,2023-03-06 20:43:42.066461,,
a34ec2f1-e122-4176-bba3-305e7b0b19f1,completed,2023-03-06 20:43:42.066461,,
a3529513-a09a-447f-9052-613197a53770,completed,2023-03-06 20:43:42.066461,,
a354c4ce-ab45-478a-8b87-a86d5e009545,completed,2023-03-06 20:43:42.066461,,
a357fcc9-03ed-41b6-a55f-0b2bbb34bc11,completed,2023-03-06 20:43:42.066461,,
a3642064-9306-4879-8337-50bb1173719a,completed,2023-03-06 20:43:42.066461,,
a367c445-41b7-4fd1-bd52-ca5a647ad57b,completed,2023-03-06 20:43:42.066461,,
a37aba87-9662-44df-b84f-ae7cc8806df0,completed,2023-03-06 20:43:42.066461,,
a37f9846-3f22-4c5a-80fb-858965f338e8,completed,2023-03-06 20:43:42.066461,,
a3811575-ddc8-4fb5-a3d8-0849e3f1163c,completed,2023-03-06 20:43:42.066461,,
a384281f-3173-409a-a44f-7cfe01f7ae33,completed,2023-03-06 20:43:42.066461,,
a387f997-fb03-4017-9753-9408f27afa8b,completed,2023-03-06 20:43:42.066461,,
a38a1e48-7a1a-47ae-b873-c6b5c76d4c42,completed,2023-03-06 20:43:42.066461,,
a38a73f7-affb-4d00-981c-bb1aab37f556,completed,2023-03-06 20:43:42.066461,,
a38acc09-11a6-423d-8720-424665b4f088,completed,2023-03-06 20:43:42.066461,,
a39529af-f618-4167-88a8-6288ab281d17,completed,2023-03-06 20:43:42.066461,,
a3985bdb-198a-49da-a30d-da73f64e7810,completed,2023-03-06 20:43:42.066461,,
a39bd2aa-20ae-465b-88d1-892dd50a7217,completed,2023-03-06 20:43:42.066461,,
a39edec9-a059-4a43-bd18-525c26e7a2fc,completed,2023-03-06 20:43:42.066461,,
a3a089c2-9c06-44e7-a95f-d63a8910ed29,completed,2023-03-06 20:43:42.066461,,
a3a3d647-6670-4dcb-80d0-a8c0b17a47b3,completed,2023-03-06 20:43:42.066461,,
a3a4eb3d-fadc-49b4-a68c-120febf46627,completed,2023-03-06 20:43:42.066461,,
a3a6f17f-059a-44ce-a16c-6f4a627ebd9e,completed,2023-03-06 20:43:42.066461,,
a3a9fc00-4f67-4912-b57e-3ed8049246b8,completed,2023-03-06 20:43:42.066461,,
a3ae0c2c-6558-4bff-b10c-31ce0fcfd146,completed,2023-03-06 20:43:42.066461,,
a3c551a1-a3c8-4112-a189-357f184f039b,completed,2023-03-06 20:43:42.066461,,
a3c5a300-9388-42c3-b260-26da67e57ee6,completed,2023-03-06 20:43:42.066461,,
a3d5035f-f8b4-441f-8755-b80cccc13f70,completed,2023-03-06 20:43:42.066461,,
a3ee0498-6a5c-4946-a2d4-bf6120650706,completed,2023-03-06 20:43:42.066461,,
a3f0b0eb-43c7-4145-bac2-918b108ce52e,completed,2023-03-06 20:43:42.066461,,
a3f19518-543a-4058-9264-868ceae0cb49,completed,2023-03-06 20:43:42.066461,,
a3f92fc2-f8f9-4146-9fa5-3ae96aaaaaf1,completed,2023-03-06 20:43:42.066461,,
a406a61f-3704-4282-af4d-5bd6b0ee25f4,completed,2023-03-06 20:43:42.066461,,
a40ae27c-5467-4b37-8184-9d728661bdfd,completed,2023-03-06 20:43:42.066461,,
a40b14bf-3387-4695-8b87-413cef42f16c,completed,2023-03-06 20:43:42.066461,,
a40fac4a-9509-4400-8820-33104c56f649,completed,2023-03-06 20:43:42.066461,,
a410e57e-81ef-4aee-87d2-72bfc7198023,completed,2023-03-06 20:43:42.066461,,
a41efdee-54f6-4b6e-875f-30656ad1b23d,completed,2023-03-06 20:43:42.066461,,
a426041a-2049-4666-9f3b-5f995880117d,completed,2023-03-06 20:43:42.066461,,
a43103da-8f80-4e94-8a8d-78fefc776325,completed,2023-03-06 20:43:42.066461,,
a43eedcc-2359-4183-8b15-c358c68a40f2,completed,2023-03-06 20:43:42.066461,,
a4409cba-d21d-4eb2-bb23-3c9974a25e8f,completed,2023-03-06 20:43:42.066461,,
a44e4a36-d96e-481e-8066-2f36219fd41c,completed,2023-03-06 20:43:42.066461,,
a44ff5e8-55e6-4573-a134-a4a5bf8ce343,completed,2023-03-06 20:43:42.066461,,
a46812b7-fb8d-4dc1-8f04-e00bdd52c725,completed,2023-03-06 20:43:42.066461,,
a46eecaa-6d24-4d28-ae20-aa901b2d49c8,completed,2023-03-06 20:43:42.066461,,
a477179d-5cdd-45b7-ab85-16c778d29b4e,completed,2023-03-06 20:43:42.066461,,
a4854e7d-9889-4ae0-95c5-0c65f40e09d8,completed,2023-03-06 20:43:42.066461,,
a48b411c-7edc-4193-87f3-a4e6958d7aef,completed,2023-03-06 20:43:42.066461,,
a48d26fd-d97a-40ed-90f6-4637006a9c85,completed,2023-03-06 20:43:42.066461,,
a498e3de-39cb-4ca9-8446-7bbc8aa29ce7,completed,2023-03-06 20:43:42.066461,X,
a49f7f54-1b01-4c73-b1e2-d57ca5238afd,completed,2023-03-06 20:43:42.066461,,
a4a40b5f-972e-4603-bf13-926a07077edd,completed,2023-03-06 20:43:42.066461,,
a4a6e489-874c-43a3-b767-3b9a29bfa5eb,completed,2023-03-06 20:43:42.066461,,
a4aab8a5-9a51-4ef3-af11-0e80493f82c3,completed,2023-03-06 20:43:42.066461,,
a4abafa0-7348-4cfd-a5ce-72e44a435b58,completed,2023-03-06 20:43:42.066461,,
a4b09d43-e782-4df3-95f2-0b7d2419aab7,completed,2023-03-06 20:43:42.066461,,
a4c7c8fa-2d9c-479e-8a18-e48b4abc6e38,completed,2023-03-06 20:43:42.066461,,
a4c8414b-fc6d-4945-b270-fc24ead439e7,completed,2023-03-06 20:43:42.066461,,
a4c904e6-4ad8-49f7-bebf-7ff83f41fe44,completed,2023-03-06 20:43:42.066461,X,
a4d74dbb-88bc-48cc-91fa-95f1e3aa99da,completed,2023-03-06 20:43:42.066461,,
a4d86541-33bd-4e2e-8a2c-6365f7293dd9,completed,2023-03-06 20:43:42.066461,,
a4db69ce-3c6c-471e-8459-34aea4dc4700,completed,2023-03-06 20:43:42.066461,,
a4dcf08d-2a31-4bae-8e7d-da16d0948de6,completed,2023-03-06 20:43:42.066461,,
a4e20a6c-c509-4301-bdfc-829a182d8db8,completed,2023-03-06 20:43:42.066461,,
a4e5efef-79a8-4329-ac53-95eb2e445410,completed,2023-03-06 20:43:42.066461,,
a4e7b9df-d43a-42a7-a291-32cedee3dc79,completed,2023-03-06 20:43:42.066461,,
a4e96dcf-c319-4631-985f-470282ce5678,completed,2023-03-06 20:43:42.066461,,
a4efacae-65ea-44b2-8238-d001b36684a0,completed,2023-03-06 20:43:42.066461,,
a4f02d3b-62c3-4b4a-8130-427ad12c265f,completed,2023-03-06 20:43:42.066461,,
a4f285e3-1027-4e46-846b-177d22ea2af8,completed,2023-03-06 20:43:42.066461,,
a4f4b903-9999-4dd2-b87d-ce4ed0815035,completed,2023-03-06 20:43:42.066461,,
a4f4ba03-24ff-4ccd-a53c-c73a12e61d9a,completed,2023-03-06 20:43:42.066461,,
a4f52f0d-4c49-4629-85f9-cc0d46df5a5d,completed,2023-03-06 20:43:42.066461,,
a4fb363d-1347-40b2-b249-862cfdcd1c6c,completed,2023-03-06 20:43:42.066461,,
a5057e61-a599-4e62-89d5-a61d40f025d7,completed,2023-03-06 20:43:42.066461,,
a509ef83-2c83-4420-8d75-5e6a50e9bbeb,completed,2023-03-06 20:43:42.066461,,
a509f01d-0cf8-42d6-802c-ad8256699111,completed,2023-03-06 20:43:42.066461,,
a50b0f5d-e240-4880-80b7-1c76e78df34e,completed,2023-03-06 20:43:42.066461,,
a50b36c4-4a3a-4a02-8944-f13eb286c0bb,completed,2023-03-06 20:43:42.066461,,
a50bd1f8-0812-49aa-bc62-499e354e15af,completed,2023-03-06 20:43:42.066461,,
a50c6fc5-bcca-4ec3-9007-4d20ce17f257,completed,2023-03-06 20:43:42.066461,,
a50d317f-e295-49a5-8841-d1d6efe73351,completed,2023-03-06 20:43:42.066461,,
a5105fb8-111d-484e-80c5-f88109da5823,completed,2023-03-06 20:43:42.066461,,
a51ff26d-97aa-477f-ba9a-cbb0fba9180c,completed,2023-03-06 20:43:42.066461,,
a5261f2e-c859-47dc-82c3-4d6f81c05ecb,completed,2023-03-06 20:43:42.066461,,
a5311954-d38a-418f-a8a2-3d90f7392f89,completed,2023-03-06 20:43:42.066461,,
a53e34da-9e1f-445d-b3aa-83342849def3,completed,2023-03-06 20:43:42.066461,,
a54ddca5-6bf9-481b-ad4e-4c17e2d134fd,completed,2023-03-06 20:43:42.066461,,
a5557aa3-60a7-4c35-8bd3-2b98f61dd3ff,completed,2023-03-06 20:43:42.066461,,
a55781d4-4918-4061-8d41-f0eaa319371b,completed,2023-03-06 20:43:42.066461,,
a55a22cf-1ffb-4ccb-84ca-ac6093c76b49,completed,2023-03-06 20:43:42.066461,,
a56b662a-8fee-41bb-bfbb-2fe08e6ea1c6,completed,2023-03-06 20:43:42.066461,,
a56b7b7e-d696-4fa6-b335-697bd40991aa,completed,2023-03-06 20:43:42.066461,,
a56bd2c2-0f28-46cd-bf28-d0d4d70ceee0,completed,2023-03-06 20:43:42.066461,,
a56ef423-9989-4dd7-9208-4057ac6cb9fd,completed,2023-03-06 20:43:42.066461,,
a5748b93-c5d8-4291-9557-108723727c0f,completed,2023-03-06 20:43:42.066461,,
a57b711b-ac12-4a0b-91f6-0b034e9a1737,completed,2023-03-06 20:43:42.066461,,
a589d739-2506-4feb-a6f6-c4dbf9bb8d46,completed,2023-03-06 20:43:42.066461,,
a58aaedf-445c-4925-96fd-3ca72b2d89c8,completed,2023-03-06 20:43:42.066461,,
a58db75c-7954-4a60-af9c-8ddba7f965aa,completed,2023-03-06 20:43:42.066461,,
a5915cba-376d-4d6b-8634-6addb9e5a5ec,completed,2023-03-06 20:43:42.066461,,
a599c20c-92cd-497c-b7d0-15e3fbaef706,completed,2023-03-06 20:43:42.066461,,
a59b7df1-1ee0-478b-b69b-16adabffe306,completed,2023-03-06 20:43:42.066461,,
a59deab5-7d33-47cc-81a0-bca149d49d45,completed,2023-03-06 20:43:42.066461,,
a5a45391-e8a8-42ce-8982-9cb159817da7,completed,2023-03-06 20:43:42.066461,,
a5a9d054-d6b4-4b22-8b81-065ed900b8f7,completed,2023-03-06 20:43:42.066461,,
a5ac7001-65c7-4f50-abf2-8bd0f167329d,completed,2023-03-06 20:43:42.066461,,
a5b17246-4677-4bbd-bb4a-74de268de629,completed,2023-03-06 20:43:42.066461,X,
a5b62317-42c6-4640-a2d0-b6a68923039d,completed,2023-03-06 20:43:42.066461,,
a5b94002-ff28-435e-a25a-d00336eccbc1,completed,2023-03-06 20:43:42.066461,,
a5b9cb4c-5fcd-4df1-9702-76fe2c97edac,completed,2023-03-06 20:43:42.066461,,
a5ba9a01-3861-498c-ac11-6d1e0910030d,completed,2023-03-06 20:43:42.066461,,
a5bd59b1-c2d4-45f4-9935-789438033dc1,completed,2023-03-06 20:43:42.066461,,
a5c733b1-8124-41ab-b63e-83afdc91ef3e,completed,2023-03-06 20:43:42.066461,,
a5cd585d-108d-4c62-b625-a168a69e9a2c,completed,2023-03-06 20:43:42.066461,,
a5d11ad6-a2b9-49bd-a0f8-830fe0e02566,completed,2023-03-06 20:43:42.066461,,
a5d24c36-e9e8-484a-808e-3ed0ca339673,completed,2023-03-06 20:43:42.066461,,
a5d4a30d-c861-4d17-b2d7-5eb961e602f6,completed,2023-03-06 20:43:42.066461,,
a5d7cf01-6db7-4bca-a411-547f6953840a,completed,2023-03-06 20:43:42.066461,,
a5d9956c-6e6a-4f35-ab3e-33fafcd8bbc2,completed,2023-03-06 20:43:42.066461,,
a5db3747-5c7a-4e5b-ab9a-f7ccba76802d,completed,2023-03-06 20:43:42.066461,,
a5e371e4-e9e2-4bed-8c8c-4fab7b0cabfc,completed,2023-03-06 20:43:42.066461,,
a5e6815e-26ef-4e19-8c3f-fa1ae2b2d148,completed,2023-03-06 20:43:42.066461,,
a5e957dc-191d-4d76-85d9-f479a7f75e6f,completed,2023-03-06 20:43:42.066461,,
a5eba2ed-f4ab-44de-aa84-ba408e618435,completed,2023-03-06 20:43:42.066461,,
a5ed97e0-2b5f-4cc6-86ce-7258a96c29bf,completed,2023-03-06 20:43:42.066461,,
a5f8bfd6-3ec9-446c-903c-8053b820d171,completed,2023-03-06 20:43:42.066461,,
a608947b-2fa6-48ac-96c7-c38fd50ba1da,completed,2023-03-06 20:43:42.066461,,
a60c011e-4ebb-4d20-95f4-c7ebece8bbcb,completed,2023-03-06 20:43:42.066461,,
a616d6ec-c70d-4775-872e-8633fe2c37e4,completed,2023-03-06 20:43:42.066461,,
a61b4f6e-11f0-4d4d-9414-23018fdbf72b,completed,2023-03-06 20:43:42.066461,,
a621ab0e-07fe-4ae6-a9c1-4c512c42964e,completed,2023-03-06 20:43:42.066461,,
a623c9d6-7c36-4db8-9fea-30344f2c04a0,completed,2023-03-06 20:43:42.066461,,
a629fe8f-3698-416c-931c-80fdd186033c,completed,2023-03-06 20:43:42.066461,,
a6383f6e-28ff-4632-996b-38ffaeb92597,completed,2023-03-06 20:43:42.066461,,
a63f06cf-389f-41dc-924d-a560eec5bf1e,completed,2023-03-06 20:43:42.066461,,
a640963c-1bf2-4a23-96ad-68b51628ef85,completed,2023-03-06 20:43:42.066461,,
a644bc63-d3f9-4176-a616-756529b5d692,completed,2023-03-06 20:43:42.066461,,
a644c617-7afc-45d2-a94f-3123b1794619,completed,2023-03-06 20:43:42.066461,,
a646ec88-7d7f-4f03-afc5-63f48e340332,completed,2023-03-06 20:43:42.066461,,
a6473f2a-5f66-41af-a47f-937616ed4f9a,completed,2023-03-06 20:43:42.066461,,
a64e880e-6c05-4b2e-9ebe-78ec430be6f0,completed,2023-03-06 20:43:42.066461,,
a655960f-43a3-45d2-8d05-e6ed63240a1a,completed,2023-03-06 20:43:42.066461,,
a65a262e-68fb-4959-a437-a66b5e359535,completed,2023-03-06 20:43:42.066461,,
a660e14b-e212-4133-9913-fec82eec86ba,completed,2023-03-06 20:43:42.066461,,
a66d7d97-b7da-4c68-aa2f-eb7f4650a605,completed,2023-03-06 20:43:42.066461,,
a67383a3-ab46-465c-9939-2d1a00af60ed,completed,2023-03-06 20:43:42.066461,,
a6739c55-85d2-48fe-83d1-76903ca2b327,completed,2023-03-06 20:43:42.066461,,
a67d1ab3-483d-4e25-aa13-bcaad971994c,completed,2023-03-06 20:43:42.066461,,
a692c17a-a813-4fda-8cbe-4eda7d0a305b,completed,2023-03-06 20:43:42.066461,,
a6a3ba36-3469-472f-b0ec-47a1a9a581e7,completed,2023-03-06 20:43:42.066461,,
a6af97b5-4d6f-4484-83ec-de1b0fa43a5c,completed,2023-03-06 20:43:42.066461,,
a6bb84ea-c485-4da0-9547-05ada7fb0320,completed,2023-03-06 20:43:42.066461,,
a6be57fb-11e8-4a03-a4e2-7b5e3f9da8c6,completed,2023-03-06 20:43:42.066461,,
a6c2d25b-18b4-45be-904f-5e4bd5749f19,completed,2023-03-06 20:43:42.066461,,
a6c2f77b-faae-4008-b430-bfe79e3d1895,completed,2023-03-06 20:43:42.066461,,
a6c56ff9-952e-497f-8bda-f89e841e27fc,completed,2023-03-06 20:43:42.066461,,
a6c96da4-0d38-4b86-ae40-103eaed32bad,completed,2023-03-06 20:43:42.066461,,
a6cb4918-5cd2-4b2b-aedb-661f0f478e2c,completed,2023-03-06 20:43:42.066461,,
a6d28be4-24c6-41a2-9148-485e19d28fdb,completed,2023-03-06 20:43:42.066461,,
a6dc0231-0e80-42cf-a4b0-6269e3ee3020,completed,2023-03-06 20:43:42.066461,,
a6e2351a-5fc4-4dfa-98f1-7b59c6a49411,completed,2023-03-06 20:43:42.066461,,
a6e9b7c6-bff8-4ab9-b91b-803eca52e879,completed,2023-03-06 20:43:42.066461,,
a6ea19fa-f930-4e7a-91f8-d2d5a0a71282,completed,2023-03-06 20:43:42.066461,,
a6eeef74-5e96-4185-abfc-56afe4939c02,completed,2023-03-06 20:43:42.066461,,
a6ef8e8a-f25e-48b5-9571-c28964bf90f9,completed,2023-03-06 20:43:42.066461,,
a6f0de0c-c1f7-4f7f-b8c7-89b9bc5bc525,completed,2023-03-06 20:43:42.066461,,
a6f3dec9-22c3-43b0-9c04-3ea52e58e8e6,completed,2023-03-06 20:43:42.066461,,
a709564b-a7b6-4e00-ad10-4b92cb4b90d3,completed,2023-03-06 20:43:42.066461,,
a7096d88-5929-4516-926e-261e5c8c1a13,completed,2023-03-06 20:43:42.066461,,
a709fac9-0d97-4429-9077-adfc4c6686d9,completed,2023-03-06 20:43:42.066461,X,
a71d7037-ddf4-4157-91d0-46950945d4a2,completed,2023-03-06 20:43:42.066461,,
a71e1281-ddfd-4d77-b041-fabe3825d1f7,completed,2023-03-06 20:43:42.066461,,
a733bc44-2d57-4e2d-9b51-e54899bc84c7,completed,2023-03-06 20:43:42.066461,,
a7387e9e-1098-44e1-9c27-240daab42530,completed,2023-03-06 20:43:42.066461,,
a73cbf29-59b1-4d5c-98e1-4cd1f714c996,completed,2023-03-06 20:43:42.066461,,
a740077f-c536-4828-8c69-4a093c3c2c94,completed,2023-03-06 20:43:42.066461,,
a74c414a-2687-4f8e-85ac-56f950b1e555,completed,2023-03-06 20:43:42.066461,,
a7542536-fb1d-4f5c-8484-615427641fc9,completed,2023-03-06 20:43:42.066461,,
a7592e6a-c9cd-4eb8-9350-3f244a42fde4,completed,2023-03-06 20:43:42.066461,,
a75d3756-13ae-437b-89ee-39f74a0a45ff,completed,2023-03-06 20:43:42.066461,,
a7616736-fe1b-48c7-a351-6869547beeb8,completed,2023-03-06 20:43:42.066461,,
a76f18f4-ee4c-4014-bdea-0a3756c6d49c,completed,2023-03-06 20:43:42.066461,,
a770e84d-61b5-403c-8340-19d9d4709b3a,completed,2023-03-06 20:43:42.066461,,
a772a8c0-3935-4694-8f24-7be25aa6e054,completed,2023-03-06 20:43:42.066461,,
a774e31e-7520-4564-939d-c14f6c5ba80f,completed,2023-03-06 20:43:42.066461,,X
a776ea82-69c5-4cf6-b784-0b23a6bbeeee,completed,2023-03-06 20:43:42.066461,,
a778666f-ceb2-4bde-b1c7-93e5b576c219,completed,2023-03-06 20:43:42.066461,,
a778867d-8252-4610-8b54-60f0570003a1,completed,2023-03-06 20:43:42.066461,,
a77945b5-8dc6-46ed-9e37-ad99a1930008,completed,2023-03-06 20:43:42.066461,,
a77c17f7-d7ce-488d-aa8c-03ee249ca01e,completed,2023-03-06 20:43:42.066461,,
a78245aa-dde8-467a-b24c-2f73116a70b9,completed,2023-03-06 20:43:42.066461,,
a794c9e0-b791-412c-bf73-1cbfbb51c7e8,completed,2023-03-06 20:43:42.066461,,
a79709ad-9931-4d3f-9fc1-eec4dc8dac9b,completed,2023-03-06 20:43:42.066461,,
a797e799-cf2c-434b-9fa4-077f08cf145a,completed,2023-03-06 20:43:42.066461,,
a79e3c59-94dd-4585-8bca-70bfdcaf877e,completed,2023-03-06 20:43:42.066461,,
a7a0bd50-eb8b-404e-a188-4090a7c06aff,completed,2023-03-06 20:43:42.066461,,
a7afbbdf-a706-4af0-8708-db678de6b844,completed,2023-03-06 20:43:42.066461,,
a7b9cc53-bb94-431f-b9ba-5ee302bd02fa,completed,2023-03-06 20:43:42.066461,,
a7cd2c4b-afca-437d-b9ed-b023c41b4b6b,completed,2023-03-06 20:43:42.066461,,
a7d057d0-9335-4318-bf7d-c2a037c3b8f5,completed,2023-03-06 20:43:42.066461,,
a7dae607-4b83-4da6-af49-3839648f429c,completed,2023-03-06 20:43:42.066461,,
a7db18d4-d549-41ee-b2b3-329f44a03064,completed,2023-03-06 20:43:42.066461,,
a7de5865-1783-4c91-b701-e9a4af30d713,completed,2023-03-06 20:43:42.066461,,
a7ed5376-e180-4a20-81ba-6848a4c7e82b,completed,2023-03-06 20:43:42.066461,,
a7fd11c0-2910-4256-b0ae-925ec3a2d48c,completed,2023-03-06 20:43:42.066461,,
a7fef2e7-aaf2-4234-8d4b-719faa093faa,completed,2023-03-06 20:43:42.066461,,
a8054a42-748d-49ae-a4da-5d566e8e4622,completed,2023-03-06 20:43:42.066461,,
a811e1ed-ac43-4e14-8f9f-33253b85c80f,completed,2023-03-06 20:43:42.066461,,
a814511c-22a0-4bbc-b435-e4a890afc399,completed,2023-03-06 20:43:42.066461,,
a82e87ae-d5f2-41be-ac5a-7dd64becaae0,completed,2023-03-06 20:43:42.066461,,
a8313e39-94ce-4649-892f-402c9ff91f50,completed,2023-03-06 20:43:42.066461,,
a83af1ad-3172-4b33-8617-09fba7b84af4,completed,2023-03-06 20:43:42.066461,,
a83d63b4-7870-4601-81ae-fb5d3b11f2de,completed,2023-03-06 20:43:42.066461,,
a8455f09-e2e9-478b-a9b9-e9fb0ba0e5ba,completed,2023-03-06 20:43:42.066461,,
a846665a-ef0c-494a-80c3-1723bfbbed8d,completed,2023-03-06 20:43:42.066461,,
a847b543-d7ce-4e75-a2aa-7681c79ae4d3,completed,2023-03-06 20:43:42.066461,,
a8695408-2909-43e2-816a-828948b239f2,completed,2023-03-06 20:43:42.066461,,
a86e1192-c2cd-4cdb-a2ca-83fb200add99,completed,2023-03-06 20:43:42.066461,,
a87d52c5-16d7-4a23-854d-12293c08e73e,completed,2023-03-06 20:43:42.066461,,
a87d97e4-5b93-450e-a1b4-4a1aefcfc657,completed,2023-03-06 20:43:42.066461,,
a87e5a69-808c-403f-84f5-8a8aec1a9d79,completed,2023-03-06 20:43:42.066461,,
a87fe9b0-9142-4ec7-a9b1-bfd2fb236f62,completed,2023-03-06 20:43:42.066461,,
a88369e4-a3bb-4c0b-8daa-07c17d3f2b0d,completed,2023-03-06 20:43:42.066461,,
a8992ebe-9e47-4c72-8f05-2c098ac18737,completed,2023-03-06 20:43:42.066461,,
a89df8fc-b53d-4be2-a05b-4222c380e91e,completed,2023-03-06 20:43:42.066461,,
a8a20a48-b442-4290-aca6-e0438c8260a1,completed,2023-03-06 20:43:42.066461,,
a8a22111-34b6-42b8-a15d-0ae1833e4b27,completed,2023-03-06 20:43:42.066461,,
a8a8b511-22de-4674-8337-7968ab246c81,completed,2023-03-06 20:43:42.066461,,
a8aa7a41-5156-4b97-aee9-306a637bb1e0,completed,2023-03-06 20:43:42.066461,,
a8adbe74-2420-4984-a8cf-be1801faf519,completed,2023-03-06 20:43:42.066461,,
a8af16f7-5ad6-46f4-a9de-9e029db69d11,completed,2023-03-06 20:43:42.066461,,
a8af9f18-b190-46ec-a51b-d202e83a9579,completed,2023-03-06 20:43:42.066461,,
a8bbf1d6-53c2-4761-a602-cc98773cb2a6,completed,2023-03-06 20:43:42.066461,,
a8c26943-372c-4f80-82f2-4c79091df82f,completed,2023-03-06 20:43:42.066461,,
a8c3bdc5-cd04-4bb7-8eb9-47ffd3d08d56,completed,2023-03-06 20:43:42.066461,,
a8c52dd3-5775-488a-a51b-af07dee3fe9b,completed,2023-03-06 20:43:42.066461,,
a8c85e4f-3d14-4406-85d5-eec697937092,completed,2023-03-06 20:43:42.066461,,
a8cd77a4-8aeb-472b-9354-a0b3426534f8,completed,2023-03-06 20:43:42.066461,,
a8ce894d-db10-45f0-aca2-389b729650c2,completed,2023-03-06 20:43:42.066461,,
a8d5f80a-a591-4771-9650-4d14f207bef5,completed,2023-03-06 20:43:42.066461,,
a8dd55fc-80ce-4227-b5a5-10185dbbaaf5,completed,2023-03-06 20:43:42.066461,,
a8dd5797-1641-4113-9a2c-f2e68c2d70fb,completed,2023-03-06 20:43:42.066461,,
a8ded2fc-8628-452e-9add-7feb0603f2d7,completed,2023-03-06 20:43:42.066461,,
a8e61072-1a34-4d15-bda4-ffa57ef4664e,completed,2023-03-06 20:43:42.066461,,
a8f6319c-8666-44fa-bbe0-51a11418ff62,completed,2023-03-06 20:43:42.066461,,
a8fb1800-e359-45c6-b2a9-aaa10cbdba78,completed,2023-03-06 20:43:42.066461,,
a8fe7a77-66de-4a0f-af85-c092cd93bc5d,completed,2023-03-06 20:43:42.066461,,
a9015caa-d97b-477b-926f-567a0f09f938,completed,2023-03-06 20:43:42.066461,,
a91338f7-e787-4203-a4f6-387a56f1dfec,completed,2023-03-06 20:43:42.066461,,
a91ec9cd-598e-4ea2-b67a-528da46ec20a,completed,2023-03-06 20:43:42.066461,,
a9240d44-74f0-4fc2-bf7d-9522d692ad0d,completed,2023-03-06 20:43:42.066461,,
a92c8ed9-9b22-4dfb-9808-28b7a5e8f91d,completed,2023-03-06 20:43:42.066461,,
a9478ae1-9b51-4bd0-a3e5-b129c4122753,completed,2023-03-06 20:43:42.066461,,
a949e242-c1b5-4688-b5b5-fc931d5d2bfc,completed,2023-03-06 20:43:42.066461,,
a94b79cc-7d79-4ffd-87d6-444fcc62f075,completed,2023-03-06 20:43:42.066461,,
a9524427-5c51-4e9a-aa26-71e2b97887b4,completed,2023-03-06 20:43:42.066461,,
a9532132-7950-429f-9fdb-b84f74edf030,completed,2023-03-06 20:43:42.066461,,
a95e3493-ca70-43b4-8e05-ee57d8323de2,completed,2023-03-06 20:43:42.066461,,
a95eedf4-7a35-4649-92fb-318331d7fec9,completed,2023-03-06 20:43:42.066461,,
a9614b1d-8840-444b-890a-db87be0ec874,completed,2023-03-06 20:43:42.066461,,
a962e6ca-9493-4c76-93d1-051f8471a310,completed,2023-03-06 20:43:42.066461,,
a96843fd-e094-4862-b325-579035967695,completed,2023-03-06 20:43:42.066461,,
a97d8ee1-59d1-45e7-8b92-c66cda8603e8,completed,2023-03-06 20:43:42.066461,,
a9832c93-6eca-403e-a4d1-5ed971f144f3,completed,2023-03-06 20:43:42.066461,,
a98c5d67-8707-48e7-93b6-28e69eb23759,completed,2023-03-06 20:43:42.066461,,
a990d4cd-53bf-4248-82b7-e6f9191e5513,completed,2023-03-06 20:43:42.066461,,
a99ecfcf-d8a2-49e1-841f-a7b230914bc6,completed,2023-03-06 20:43:42.066461,,
a9a47cbf-dc69-4bef-baeb-5c2075227e79,completed,2023-03-06 20:43:42.066461,,
a9a692c5-79c3-4c99-9652-d639ac55e81c,completed,2023-03-06 20:43:42.066461,,
a9a7985b-29e0-4bc6-85a9-970172993c31,completed,2023-03-06 20:43:42.066461,,
a9b875e4-ceb3-4015-a940-d4eb59b49f34,completed,2023-03-06 20:43:42.066461,,
a9b883b1-03d6-4827-a052-d9ae08baf0aa,completed,2023-03-06 20:43:42.066461,,
a9c012d2-183d-4607-903f-a09744ad8e5f,completed,2023-03-06 20:43:42.066461,,
a9c39820-0174-4ee8-b43b-634c2e16c227,completed,2023-03-06 20:43:42.066461,,
a9c7c4a2-f7bd-4644-80b3-4eb3c131ed6b,completed,2023-03-06 20:43:42.066461,,
a9d63083-02c8-48cd-9398-4cecb594a6c1,completed,2023-03-06 20:43:42.066461,,
a9d85771-aa6c-413f-b67d-017c912056a9,completed,2023-03-06 20:43:42.066461,,
a9de5515-91ab-49bf-9e10-73ab1e9a9164,completed,2023-03-06 20:43:42.066461,X,
a9e71966-0ae7-4f82-a1ed-7369795bf2c9,completed,2023-03-06 20:43:42.066461,,
a9e8292d-d0dd-43ae-bb96-63ed1a6ecf29,completed,2023-03-06 20:43:42.066461,,
a9e986ff-351a-4797-9a69-fbcbfa9353e4,completed,2023-03-06 20:43:42.066461,,
a9f37a27-a25a-4cb7-b91e-b67c03ba2fc5,completed,2023-03-06 20:43:42.066461,,
a9f660cf-f3c8-4c8c-b7af-d4a6d0048a97,completed,2023-03-06 20:43:42.066461,,
a9f9e13c-5fcb-41d4-9079-5add929aaab8,completed,2023-03-06 20:43:42.066461,,
aa0b1a9e-aebe-458d-bb03-74a02a98df58,completed,2023-03-06 20:43:42.066461,,
aa137c58-fa24-42c0-881a-ad7231c5165d,completed,2023-03-06 20:43:42.066461,,
aa1583c2-c9e6-4be2-81a7-5ef6cccfa553,completed,2023-03-06 20:43:42.066461,,
aa192112-9a8c-4761-9ffb-a6b21a03948d,completed,2023-03-06 20:43:42.066461,,
aa1b4f96-b31b-4338-951b-3785673912b6,completed,2023-03-06 20:43:42.066461,,
aa24b413-46e0-4daa-b193-c7c5f4878c0c,completed,2023-03-06 20:43:42.066461,,
aa39fd78-ff78-466f-b41d-4b0914cedab4,completed,2023-03-06 20:43:42.066461,,
aa3ed1b3-7ee0-48f3-b105-182f91995406,completed,2023-03-06 20:43:42.066461,,
aa4bb5ca-d819-4c93-85e1-f15bb86875b8,completed,2023-03-06 20:43:42.066461,,
aa4e85c4-3bee-4be0-affe-1d83820688b3,completed,2023-03-06 20:43:42.066461,,
aa53adef-6233-45a5-abc3-901a9c3ef110,completed,2023-03-06 20:43:42.066461,,
aa5b5f54-e1ca-47a1-b316-e57bd2d3bd27,completed,2023-03-06 20:43:42.066461,X,
aa5ebc6f-a1d9-4627-a1a0-a7de0ddf15d6,completed,2023-03-06 20:43:42.066461,,
aa678258-3465-4ea0-83f8-4c022ba4ffe1,completed,2023-03-06 20:43:42.066461,,
aa68cb24-4c31-47cc-bae0-93005114ec70,completed,2023-03-06 20:43:42.066461,,
aa74320b-8bbc-41d7-8d30-23969b089051,completed,2023-03-06 20:43:42.066461,,
aa7aae12-b740-45d2-8837-38161a6fad6c,completed,2023-03-06 20:43:42.066461,,
aa7baef8-7c04-49d8-93d3-ce940e9a2604,completed,2023-03-06 20:43:42.066461,,
aa83f234-e6eb-4543-b2ce-7ebfe72b0011,completed,2023-03-06 20:43:42.066461,,
aa87b526-2922-4508-ac51-ebd15eaf318e,completed,2023-03-06 20:43:42.066461,,
aa95b22b-1b4c-4aaa-a4d4-077a416a56b3,completed,2023-03-06 20:43:42.066461,,
aaa119d8-bf10-47ff-bd8e-bda8b7db447f,completed,2023-03-06 20:43:42.066461,,
aaa65f92-2090-42dd-9c26-8ef652196b2b,completed,2023-03-06 20:43:42.066461,,
aaac0b09-028c-49a6-936a-f47e75fcb4ea,completed,2023-03-06 20:43:42.066461,,
aabc47b0-b434-4662-99d9-502712194b42,completed,2023-03-06 20:43:42.066461,,
aac7b244-d822-4fe0-a475-e245f3009569,completed,2023-03-06 20:43:42.066461,,
ab0f0a37-53b7-4d4d-9fad-1cb7c358e29e,completed,2023-03-06 20:43:42.066461,,
ab10bcb9-30ae-47a8-8776-686ff8ec3b8d,completed,2023-03-06 20:43:42.066461,,
ab1311e3-4f1a-4e5d-972b-04e287375dbc,completed,2023-03-06 20:43:42.066461,,
ab156cbc-76bb-4247-af66-0e2dfc25dae5,completed,2023-03-06 20:43:42.066461,,
ab24f113-4f4f-4d5e-b9e2-9f5baf6e6fcd,completed,2023-03-06 20:43:42.066461,,
ab29f7e0-af72-4fc6-a1ae-91489fc7f003,completed,2023-03-06 20:43:42.066461,,
ab2ea713-8784-4d2a-a3c0-eb88d599ce75,completed,2023-03-06 20:43:42.066461,,
ab2ffc8e-429f-42e4-9e6a-149cb62fc7f2,completed,2023-03-06 20:43:42.066461,,
ab337660-301f-434a-a15b-877ec7f131aa,completed,2023-03-06 20:43:42.066461,,
ab338b4d-ed06-40d5-a006-71c8cc8d119a,completed,2023-03-06 20:43:42.066461,,
ab377d5a-3e6b-472a-af3d-61000220e92d,completed,2023-03-06 20:43:42.066461,,
ab42c810-316a-4ba5-af36-f3d9944949e0,completed,2023-03-06 20:43:42.066461,,
ab449ca1-98e6-4792-b9d1-2039a671c6fa,completed,2023-03-06 20:43:42.066461,,
ab478303-c68a-419b-a8bd-ab55147a0ffa,completed,2023-03-06 20:43:42.066461,,
ab488a0f-888f-4d9e-a6e1-cdaa892f9411,completed,2023-03-06 20:43:42.066461,,
ab4b724a-a597-45d4-8abc-841fe0e1f75c,completed,2023-03-06 20:43:42.066461,,
ab56c7c9-91cf-44ff-a7a9-bf5525eaf374,completed,2023-03-06 20:43:42.066461,,
ab57c1af-53d1-4e3d-bf5d-d88d99ba3c98,completed,2023-03-06 20:43:42.066461,,
ab59c325-ba45-456d-8368-e5416ab07ac1,completed,2023-03-06 20:43:42.066461,,
ab6a5fbb-de94-484f-aa75-396515275510,completed,2023-03-06 20:43:42.066461,,
ab6eb1fa-cca7-4e43-9971-b81edbb99d10,completed,2023-03-06 20:43:42.066461,,
ab761c33-be30-41ff-b5fb-8e054b1a9a1d,completed,2023-03-06 20:43:42.066461,,
ab7fa9c7-9416-4ebb-b419-6df1f8975ab8,completed,2023-03-06 20:43:42.066461,,
ab933361-ffbf-4dce-9b06-41be90a8040a,completed,2023-03-06 20:43:42.066461,,
ab9a3a90-3eac-4afd-b195-22f0592177eb,completed,2023-03-06 20:43:42.066461,,
aba48b3a-8665-4774-aecf-f265aad98b02,completed,2023-03-06 20:43:42.066461,,
abac0fe1-af06-4a75-b7d7-c64bdc7e4b50,completed,2023-03-06 20:43:42.066461,,
abb17d8b-7cd9-42ae-b86c-d4bf5035ec29,completed,2023-03-06 20:43:42.066461,,
abb445b7-c3f1-4598-a4c8-d6f0b3cf0241,completed,2023-03-06 20:43:42.066461,,
abba4ffa-8f29-4e49-8e66-4df2db828d23,completed,2023-03-06 20:43:42.066461,,
abbdb18f-7a53-4421-bb6a-561e20c28dd4,completed,2023-03-06 20:43:42.066461,,
abc05307-a5c2-4385-a660-9cf20a80dec4,completed,2023-03-06 20:43:42.066461,,
abc5e4c5-fcd5-470f-afa5-049e3b74da6e,completed,2023-03-06 20:43:42.066461,,
abc75d9c-17d6-4aca-8687-07dd0dec7959,completed,2023-03-06 20:43:42.066461,,
abcab7ae-7da1-43de-8d55-4fc0941091a2,completed,2023-03-06 20:43:42.066461,,
abd110cc-5b4c-47a2-aeca-ef850a89a025,completed,2023-03-06 20:43:42.066461,,
abd27262-e321-4dc5-b8d1-f27b2be8da57,completed,2023-03-06 20:43:42.066461,,
abe730d3-f396-40a2-b245-b3931eea6a0e,completed,2023-03-06 20:43:42.066461,,
abea5b90-b2b1-4446-8c8a-9180801f5341,completed,2023-03-06 20:43:42.066461,,
abec6c4d-f138-4e0c-adef-6204b627e7d0,completed,2023-03-06 20:43:42.066461,,
abf07292-5d2e-44ae-b081-21aa28ab8528,completed,2023-03-06 20:43:42.066461,,
abf2e3dc-8f30-4eee-b57a-9043e886443f,completed,2023-03-06 20:43:42.066461,,
abf71c37-4a11-4871-a40b-950016d547ae,completed,2023-03-06 20:43:42.066461,,
abf9e6f1-ceb0-4afe-ab3a-277d4d2b91f6,completed,2023-03-06 20:43:42.066461,,
abfa56d7-7be1-4696-ae9b-327817df4de5,completed,2023-03-06 20:43:42.066461,,
ac0232c1-986d-4ebc-ba6a-56e205e0cce8,completed,2023-03-06 20:43:42.066461,,
ac06298e-cb03-4ed8-976d-f9b18eb740ac,completed,2023-03-06 20:43:42.066461,,
ac0e41d5-63e5-488c-a0d2-172316b2708a,completed,2023-03-06 20:43:42.066461,,
ac0ed5e3-aae8-418d-a780-75db296fc1ce,completed,2023-03-06 20:43:42.066461,,
ac103f2d-dbd9-4770-81ce-97d599f40e67,completed,2023-03-06 20:43:42.066461,,
ac143510-e366-47c3-9b5b-0238abf09034,completed,2023-03-06 20:43:42.066461,,
ac18836e-0d89-4960-8119-4db094ec61bd,completed,2023-03-06 20:43:42.066461,,
ac1ba5c1-cc03-49bc-8c98-a19df62c53bd,completed,2023-03-06 20:43:42.066461,,
ac1ef8e8-7112-4bee-8079-6d9ac5deb3cb,completed,2023-03-06 20:43:42.066461,,
ac23ceb6-e5aa-4736-910b-075b00ba33e2,completed,2023-03-06 20:43:42.066461,,
ac27c24f-bf86-4804-9877-d93b77039383,completed,2023-03-06 20:43:42.066461,,
ac281c35-5375-402d-bdc8-202ed240beef,completed,2023-03-06 20:43:42.066461,,
ac3019a8-5ed8-49b6-8665-681bb44403d4,completed,2023-03-06 20:43:42.066461,,
ac3232f6-5670-4890-aed8-1193829ae986,completed,2023-03-06 20:43:42.066461,,
ac39a9ab-7807-4737-9a73-c7b4dbb3b08b,completed,2023-03-06 20:43:42.066461,,
ac450f8f-c00a-4854-af4a-e3ada9c7934e,completed,2023-03-06 20:43:42.066461,,
ac472170-7702-4ffe-b16e-7e3f43ae72fa,completed,2023-03-06 20:43:42.066461,,
ac4f82ef-ae99-43c8-a046-97f9070e8945,completed,2023-03-06 20:43:42.066461,,
ac53a19e-1ad1-4776-bbf7-9e8b26e05d50,completed,2023-03-06 20:43:42.066461,,
ac546fea-6100-491a-a8a6-cf76497d9007,completed,2023-03-06 20:43:42.066461,,
ac56f820-90cc-40e7-aee6-934fe7a80383,completed,2023-03-06 20:43:42.066461,,
ac5b08b7-3463-4a36-90a0-0240b0fadf36,completed,2023-03-06 20:43:42.066461,,
ac61aef9-4e6a-40e7-bf89-8a721b4d3d59,completed,2023-03-06 20:43:42.066461,,
ac6689a7-63fc-40f1-9943-f197641611b6,completed,2023-03-06 20:43:42.066461,,
ac6831c0-963f-4cfd-97f5-e018bbc7442b,completed,2023-03-06 20:43:42.066461,,
ac7630b5-cffa-436a-b583-148364514275,completed,2023-03-06 20:43:42.066461,,
ac769968-e595-41ac-84d5-ace02c14d113,completed,2023-03-06 20:43:42.066461,,
ac9a8c58-ff8e-4186-870b-f9870e33b4da,completed,2023-03-06 20:43:42.066461,,
aca2ebc5-adbe-4436-8384-a3b76f29fe11,completed,2023-03-06 20:43:42.066461,,
acb129f5-97c7-40dc-bc21-0fb382eae543,completed,2023-03-06 20:43:42.066461,,
acb19717-1791-4679-854e-8d1de8109974,completed,2023-03-06 20:43:42.066461,,
acba3051-2db6-49c3-a545-5bdae58beba5,completed,2023-03-06 20:43:42.066461,,
acbe7d35-26f8-4148-84b0-3e81b6bb67d1,completed,2023-03-06 20:43:42.066461,,
acd52f06-9923-4d00-baa2-8224b71047ee,completed,2023-03-06 20:43:42.066461,,
acdc2e91-290d-4889-b8df-c04a6e94bb4d,completed,2023-03-06 20:43:42.066461,,
acdeb8dd-d42d-4073-9f13-aa54378486b4,completed,2023-03-06 20:43:42.066461,,
ace6e972-9b19-4d18-85a2-06c15725738f,completed,2023-03-06 20:43:42.066461,,
acef2dd2-5455-4605-b9c3-fd379f28294a,completed,2023-03-06 20:43:42.066461,,
ad03daf7-e358-41f7-bc64-57846c5a9b1f,completed,2023-03-06 20:43:42.066461,,
ad0587b7-66a0-42ac-9a7e-d693394fa383,completed,2023-03-06 20:43:42.066461,,
ad1e1434-01b2-4d36-ba1f-75995e92cc84,completed,2023-03-06 20:43:42.066461,,
ad2351ee-007c-48de-8ce1-2ac13d51a4ab,completed,2023-03-06 20:43:42.066461,,
ad33077b-236c-4046-8f2c-4d27d3ed20af,completed,2023-03-06 20:43:42.066461,,
ad333988-7c5f-40cb-aa49-a4663bbf2e92,completed,2023-03-06 20:43:42.066461,,
ad38ff56-290c-4caa-ba54-57cab4bf04d9,completed,2023-03-06 20:43:42.066461,,
ad4b67c7-ea4d-44d5-a577-364f8b434648,completed,2023-03-06 20:43:42.066461,,
ad52753e-fafb-474b-aade-19b637038fef,completed,2023-03-06 20:43:42.066461,,
ad527737-0b63-46d1-bab9-d358879bed2a,completed,2023-03-06 20:43:42.066461,,
ad5700dc-1e7f-4fdd-905a-324ae3685f42,completed,2023-03-06 20:43:42.066461,,
ad572614-ef4d-4704-915c-f77f8bea69e6,completed,2023-03-06 20:43:42.066461,,
ad5dc4af-c9c6-4413-acaf-bb8218b3b126,completed,2023-03-06 20:43:42.066461,,
ad6031c7-115e-441b-9bca-73b47d6b6ba4,completed,2023-03-06 20:43:42.066461,,
ad713de8-59d3-43df-ac58-584e7fff6d02,completed,2023-03-06 20:43:42.066461,,
ad730fcb-e59e-43b5-aa72-8e05163935e7,completed,2023-03-06 20:43:42.066461,,
ad745044-7842-4384-b0cb-69fdba2cc42b,completed,2023-03-06 20:43:42.066461,,
ad7e776e-2b2f-4054-9e0f-5ee414bb40fd,completed,2023-03-06 20:43:42.066461,,
ad85b1e3-2494-41f2-b243-e2b778a5d396,completed,2023-03-06 20:43:42.066461,,
ad8a5641-639c-46a2-ad27-6beb7976637a,completed,2023-03-06 20:43:42.066461,,
ad8b3b12-7663-4a1d-b65a-21fb513b85c7,completed,2023-03-06 20:43:42.066461,,
ad8cb50b-06b5-4bdf-8c43-e76caf03b752,completed,2023-03-06 20:43:42.066461,,
ad9420fd-7b26-441a-ac5b-06782f3ba790,completed,2023-03-06 20:43:42.066461,,
ad99f41b-5194-41b3-b466-a188ac927e6c,completed,2023-03-06 20:43:42.066461,,
ad9a564c-2e00-47f6-963c-3f9b961ab321,completed,2023-03-06 20:43:42.066461,,
ad9cf2e2-c055-45af-813f-169277a45d03,completed,2023-03-06 20:43:42.066461,,
ada3e6ff-395e-4e57-8e56-81e810e3a0dd,completed,2023-03-06 20:43:42.066461,,
ada95f64-d2cf-4b09-b652-5bcd4c6016db,completed,2023-03-06 20:43:42.066461,,
adab3820-9078-47fc-b53a-993a5e29be5e,completed,2023-03-06 20:43:42.066461,,
adb25b5c-af1f-4eb9-8a17-0eecd4860e9f,completed,2023-03-06 20:43:42.066461,,
adb33d37-3dc4-4ded-bdab-8ddbfe7ad132,completed,2023-03-06 20:43:42.066461,,
adb7fc2c-81b4-4238-b55b-0c323efa4176,completed,2023-03-06 20:43:42.066461,,
adc68d6d-4e95-4baa-a373-81874e25af9a,completed,2023-03-06 20:43:42.066461,,
add15203-9ef8-4f42-b482-b1379bc89828,completed,2023-03-06 20:43:42.066461,,
add74c07-5cda-4533-bb4f-a0c58b6ca836,completed,2023-03-06 20:43:42.066461,,
addb37f2-9054-42f4-8d86-1d9f14cb88a7,completed,2023-03-06 20:43:42.066461,,
addd2283-c197-4ee6-86bd-960a964d2754,completed,2023-03-06 20:43:42.066461,,
adddf8fe-0073-4367-8a08-9bc3684d8a60,completed,2023-03-06 20:43:42.066461,,
ade11e67-d639-4c3d-b394-e105e8d77f60,completed,2023-03-06 20:43:42.066461,,
ade3f1b0-80f5-4480-88b3-73bbe847c398,completed,2023-03-06 20:43:42.066461,,
ade4223d-4572-4aab-ba3f-8cde641b8a11,completed,2023-03-06 20:43:42.066461,,
ade8ac6e-9233-4edb-99c1-5885f063bef7,completed,2023-03-06 20:43:42.066461,,
adf0a532-640d-4185-9b16-f1fc512eacf5,completed,2023-03-06 20:43:42.066461,,
adfc2bf1-b709-4375-8694-9d852f2bc01f,completed,2023-03-06 20:43:42.066461,,
adfccb0b-0a2d-4b0a-9628-935ee1ab5314,completed,2023-03-06 20:43:42.066461,,
ae05ceb7-39d8-4192-881c-1e190e60d2f9,completed,2023-03-06 20:43:42.066461,,
ae0f56ed-fe82-41c8-90c2-1c17495e0674,completed,2023-03-06 20:43:42.066461,,
ae1830bc-3c6f-4b1b-b660-cac6ab56918b,completed,2023-03-06 20:43:42.066461,,
ae1b3e2c-d859-434e-8183-642c2cfbbf61,completed,2023-03-06 20:43:42.066461,,
ae1e8a3f-d95a-4eef-8be0-0eeb2c912b0e,completed,2023-03-06 20:43:42.066461,,
ae1f835b-f65d-42fa-bf89-d1fe5a679b0e,completed,2023-03-06 20:43:42.066461,,
ae29bc7f-27e0-4aef-ac9f-a357d5ac2e85,completed,2023-03-06 20:43:42.066461,,
ae29f9f1-5490-487b-a8e6-55399ad48248,completed,2023-03-06 20:43:42.066461,,
ae31bbe0-f0be-4c5f-8a51-8b12710e46d7,completed,2023-03-06 20:43:42.066461,,
ae3f15c4-da54-404a-8c88-06af2e690701,completed,2023-03-06 20:43:42.066461,,
ae4317e9-537d-4a19-b47e-e7da107e8dfc,completed,2023-03-06 20:43:42.066461,,
ae47950e-f99c-47e1-ad7e-daddfa3f40f4,completed,2023-03-06 20:43:42.066461,,
ae47c426-14d3-4f9d-a7b4-49e91c792837,completed,2023-03-06 20:43:42.066461,,
ae47e4e5-fa7c-4a15-9f2e-ca986b4f749e,completed,2023-03-06 20:43:42.066461,,
ae4800fa-5284-4d19-a3a2-ac1a24b0806d,completed,2023-03-06 20:43:42.066461,,
ae542c9e-6c53-465a-87a1-ee4a59b1a92f,completed,2023-03-06 20:43:42.066461,,
ae575157-427d-44ed-9a46-5c9f75d4570d,completed,2023-03-06 20:43:42.066461,,
ae626a46-1b71-4ee8-9b1a-5fe77aa2bfdd,completed,2023-03-06 20:43:42.066461,,
ae69fc75-5133-4159-8d16-4e473b679c3d,completed,2023-03-06 20:43:42.066461,,
ae78c8b2-1be1-49c1-bb63-4e05796523a9,completed,2023-03-06 20:43:42.066461,,
ae79c9ea-6f9d-4e92-86fa-143b65aadf5b,completed,2023-03-06 20:43:42.066461,,
ae7d44a4-d765-4721-8015-8b53cb84c938,completed,2023-03-06 20:43:42.066461,,
ae87a57e-40f4-4740-8b30-3f72ef313dac,completed,2023-03-06 20:43:42.066461,,
ae8d7dc6-263f-4ba5-ad9d-701ae12029cc,completed,2023-03-06 20:43:42.066461,,
ae9df0d0-d024-486e-852f-ee7098a19eab,completed,2023-03-06 20:43:42.066461,,
aea98edd-e3a8-4985-b6f9-638504b85411,completed,2023-03-06 20:43:42.066461,,
aeaf7883-53c7-4596-99ca-88ec0f5dc19f,completed,2023-03-06 20:43:42.066461,,
aeb6c9ac-801d-492e-8828-164586ca7336,completed,2023-03-06 20:43:42.066461,,
aebd7c55-f627-4457-967f-108ef7034ebd,completed,2023-03-06 20:43:42.066461,,
aed2f4f8-6cc5-4b9a-b947-bde931f50f8c,completed,2023-03-06 20:43:42.066461,,
aedbdcc7-4807-49a9-b568-f4b108162266,completed,2023-03-06 20:43:42.066461,,
aedc69e0-54fe-48c2-9a18-7fba79680ec9,completed,2023-03-06 20:43:42.066461,,
aedf5d36-2742-41d7-b217-6baafab151b4,completed,2023-03-06 20:43:42.066461,,
aee530f2-b7da-492e-b680-db94cd200ba4,completed,2023-03-06 20:43:42.066461,,
aeee8573-7396-4c4f-a46f-126402eb9629,completed,2023-03-06 20:43:42.066461,,
aef28359-df8a-4d28-9ee3-e22d545a455b,completed,2023-03-06 20:43:42.066461,,
aef560ec-87a1-4d89-881d-52f56fe88552,completed,2023-03-06 20:43:42.066461,,
aef662a5-e678-4ca6-a1eb-455b7db8031b,completed,2023-03-06 20:43:42.066461,,
aefab193-5742-403b-b51e-42a5fa25dc30,completed,2023-03-06 20:43:42.066461,,
af071dc3-8c3a-492f-b2de-d377b63f6b50,completed,2023-03-06 20:43:42.066461,,
af0a8250-c6fd-4066-82ec-87b6bb027a23,completed,2023-03-06 20:43:42.066461,,
af11b082-1112-44fd-b705-cf7208be5a84,completed,2023-03-06 20:43:42.066461,,
af148c99-629a-4cea-bc1c-e303b4b7a408,completed,2023-03-06 20:43:42.066461,,
af233d0b-648a-40af-9fd4-f6226d467e19,completed,2023-03-06 20:43:42.066461,,
af2ce98c-e920-4ee3-a445-cc2dbc0cf889,completed,2023-03-06 20:43:42.066461,,
af2e3645-eeb4-492b-b9d2-3af4feffa158,completed,2023-03-06 20:43:42.066461,,
af3e0fcb-f91f-49be-acad-6ff4bac76f5b,completed,2023-03-06 20:43:42.066461,,
af3f0250-4ba5-4f85-af84-167d6d62e5a1,completed,2023-03-06 20:43:42.066461,,
af43c3dd-76a7-4b72-b5ce-d0c698dbe6a5,completed,2023-03-06 20:43:42.066461,,
af464f49-2350-4033-8fec-b166d0f315d0,completed,2023-03-06 20:43:42.066461,,
af4abb27-03d5-4134-8253-fca39fc82ac0,completed,2023-03-06 20:43:42.066461,,
af4afab2-71f6-4220-80e5-1cf71585cbb4,completed,2023-03-06 20:43:42.066461,,
af4d9cba-bdab-4d01-ba2a-822ce88121a1,completed,2023-03-06 20:43:42.066461,,
af5a96c3-351d-407b-8d73-5468edf71887,completed,2023-03-06 20:43:42.066461,,
af5ee930-92f8-4919-9077-d1113cd21875,completed,2023-03-06 20:43:42.066461,,
af623f8f-18e5-459c-a8d1-0a7029e909c0,completed,2023-03-06 20:43:42.066461,,
af6c3198-f694-478a-8de4-f0c597571270,completed,2023-03-06 20:43:42.066461,,
af7273c5-4bb9-43e7-ba57-8c600528a776,completed,2023-03-06 20:43:42.066461,,
af745e99-d63c-40fc-9c79-6ebdc0b39962,completed,2023-03-06 20:43:42.066461,,
af7823d7-432a-49ad-8413-4d1a99c2df33,completed,2023-03-06 20:43:42.066461,,
af7e34a8-f7c1-4ecb-b6b2-397852c7f95a,completed,2023-03-06 20:43:42.066461,,
af81a012-aa08-4526-af23-92e66ca9753d,completed,2023-03-06 20:43:42.066461,,
af909910-ad0b-4a65-a0cb-bb83bf66f78c,completed,2023-03-06 20:43:42.066461,,
af93243f-db11-407b-9855-c7fe14d86513,completed,2023-03-06 20:43:42.066461,,
af95c66e-9f37-473c-a94a-e71d1e5ce8ce,completed,2023-03-06 20:43:42.066461,,
af992827-9ff1-4d7b-b7f8-c19d91d6e996,completed,2023-03-06 20:43:42.066461,,
afa11472-ea06-47b7-8d38-9ea609edec3f,completed,2023-03-06 20:43:42.066461,,
afa8c239-4c89-4aa3-8556-2dadf1b330c3,completed,2023-03-06 20:43:42.066461,,
afac41e8-5ec6-4b0a-8c9e-03c5ea8310c5,completed,2023-03-06 20:43:42.066461,,
afb42aa2-4736-4c8d-af5b-65f9fc8e4935,completed,2023-03-06 20:43:42.066461,,
afb4e515-f6b8-438b-b39a-9fc56aba36f5,completed,2023-03-06 20:43:42.066461,,
afbba7d7-47f9-4b9f-b953-14d45a90ebb9,completed,2023-03-06 20:43:42.066461,,
afbcd8cf-774b-40e2-87fb-3126a4f80e0f,completed,2023-03-06 20:43:42.066461,,
afc050a8-5164-410a-9968-73634cc6c044,completed,2023-03-06 20:43:42.066461,,
afc6cb75-2f30-4f6c-9eaa-da454f996557,completed,2023-03-06 20:43:42.066461,,
afc7ad95-804a-4c24-b834-ab234720af48,completed,2023-03-06 20:43:42.066461,,
afd7b4cb-7193-4561-8750-1e04d4c5892f,completed,2023-03-06 20:43:42.066461,,
afda8b59-0ea9-4562-b31a-3f4cf23acdc0,completed,2023-03-06 20:43:42.066461,,
afe4a263-66b9-4411-8ba4-dbbc87bbb43a,completed,2023-03-06 20:43:42.066461,,
afe6bd95-3e63-45ce-828d-22fc9f2101a0,completed,2023-03-06 20:43:42.066461,,
affa5911-7aae-4f25-80bf-7c394b950ca9,completed,2023-03-06 20:43:42.066461,,
b016d2cd-cb5d-4a25-a00f-387d103987a5,completed,2023-03-06 20:43:42.066461,,
b01b6e91-c02d-4647-9323-234cea4cd2c2,completed,2023-03-06 20:43:42.066461,,
b021e00f-0718-4c7b-a408-ea0603082824,completed,2023-03-06 20:43:42.066461,,
b022151e-18ad-4ad1-b1eb-ee0f93453497,completed,2023-03-06 20:43:42.066461,,
b02b7890-8fa1-4f2a-8a48-e8daffaab203,completed,2023-03-06 20:43:42.066461,,
b0396b39-d397-4bd4-b665-c63bebe6580c,completed,2023-03-06 20:43:42.066461,,
b03f6321-f687-4dfc-be14-80b6750e8d25,completed,2023-03-06 20:43:42.066461,,
b044fabb-4f0d-415f-bd27-7ec7e72b5d82,completed,2023-03-06 20:43:42.066461,,
b049a480-e827-41d3-a240-da5a40d60d68,completed,2023-03-06 20:43:42.066461,,
b058a44a-98b6-4ee4-bfeb-d8eacff7d035,completed,2023-03-06 20:43:42.066461,,
b05c28c7-173c-45ef-bbf4-03563434b23d,completed,2023-03-06 20:43:42.066461,,
b0721181-1ee4-46de-a7ba-0259f5b5de34,completed,2023-03-06 20:43:42.066461,,
b0758687-c7ac-43a4-bd90-c9adf95d1f38,completed,2023-03-06 20:43:42.066461,,
b080b73f-1582-4140-85d7-a03849890326,completed,2023-03-06 20:43:42.066461,,
b0856a0f-990f-4afb-a60c-1d05f7b152b5,completed,2023-03-06 20:43:42.066461,,
b08d1f25-022a-4d80-8000-972691a2d5b4,completed,2023-03-06 20:43:42.066461,,
b0925ea7-2dbf-4423-a685-43d995c83fcb,completed,2023-03-06 20:43:42.066461,,
b0afe623-fe2d-4b2c-9b19-c8f9f43fb0e3,completed,2023-03-06 20:43:42.066461,,
b0b08ff3-d5b8-4378-883a-43507cb45dc8,completed,2023-03-06 20:43:42.066461,,
b0b2fee1-088d-457d-8820-7831e2de363f,completed,2023-03-06 20:43:42.066461,,
b0ccbfff-7d86-4f61-8be8-ac158842c867,completed,2023-03-06 20:43:42.066461,,
b0d42f0b-39c3-4b36-95ff-f607ef70247d,completed,2023-03-06 20:43:42.066461,,
b0d4de35-6b7c-4c5e-bd90-7d32ddcd3cef,completed,2023-03-06 20:43:42.066461,,
b0d7b081-5cbc-42c8-86af-26a77328b022,completed,2023-03-06 20:43:42.066461,,
b0dfd17e-f8a0-489a-ace0-e660aaa905f9,completed,2023-03-06 20:43:42.066461,,
b0eeb5ce-e067-4ebe-be5a-879276ddc3fe,completed,2023-03-06 20:43:42.066461,,
b0f253de-f370-4431-aa3b-4e25186c7bb5,completed,2023-03-06 20:43:42.066461,,
b0f95f33-dae5-4194-8fee-4e6e1497b4f8,completed,2023-03-06 20:43:42.066461,,
b0ff40b0-ebd0-46e6-abd3-c36ead9e74aa,completed,2023-03-06 20:43:42.066461,,
b11017cb-6078-4627-8976-0b088c28f183,completed,2023-03-06 20:43:42.066461,,
b118c5cf-4133-4768-b0b4-0bdd9b38b403,completed,2023-03-06 20:43:42.066461,,
b120aeb7-b15e-4164-b7d4-bd936c530253,completed,2023-03-06 20:43:42.066461,,
b120f688-0af5-4536-ab87-b97f848a3764,completed,2023-03-06 20:43:42.066461,,
b12e3082-73fc-4de1-8c51-87c0edf22ad3,completed,2023-03-06 20:43:42.066461,,
b13eae72-4445-42d8-9f72-05058e2ba1e1,completed,2023-03-06 20:43:42.066461,,
b14a64ca-6fd5-43d9-8b74-200945269772,completed,2023-03-06 20:43:42.066461,,
b14e836c-d154-4642-96db-13f3f5e566a7,completed,2023-03-06 20:43:42.066461,,
b1508f5b-5cf8-480c-86b5-dadef32fb57e,completed,2023-03-06 20:43:42.066461,,
b152e213-8b1c-446e-a29e-3e80349b08d8,completed,2023-03-06 20:43:42.066461,,
b157fa40-358f-4e99-8176-b5546dd6d712,completed,2023-03-06 20:43:42.066461,,
b15efaa9-8a24-434c-bd43-3cf77a123e2c,completed,2023-03-06 20:43:42.066461,,
b16123fb-348c-40dc-b604-fda95c611270,completed,2023-03-06 20:43:42.066461,,
b16a91ec-0b6c-4a80-a320-6aeccbfed3a7,completed,2023-03-06 20:43:42.066461,,
b16be300-717c-4a5a-aa52-7c4a5e3b4c22,completed,2023-03-06 20:43:42.066461,,
b16cd453-15af-4f75-b5c0-6468a69cc4e3,completed,2023-03-06 20:43:42.066461,,
b174ec6b-3bf7-4a22-b0d0-2cd9c25e1dcd,completed,2023-03-06 20:43:42.066461,,
b17725e8-1ac8-42e4-85ca-f8d246e0e708,completed,2023-03-06 20:43:42.066461,,
b179bb6b-5809-4046-a837-9c27434f7705,completed,2023-03-06 20:43:42.066461,,
b180e974-f7a4-458e-acb1-1afe5811cb5b,completed,2023-03-06 20:43:42.066461,,
b18dad01-11e9-4f3c-89e3-2eea40bf5829,completed,2023-03-06 20:43:42.066461,,
b18dda12-4abd-42c7-880b-cfc04f0ff2cf,completed,2023-03-06 20:43:42.066461,,
b1945590-daa1-4eb9-a313-98b39f7cd3a5,completed,2023-03-06 20:43:42.066461,,
b19bc077-8c80-464c-9e5a-0371610c78f7,completed,2023-03-06 20:43:42.066461,,
b19f7820-7965-452e-9fbd-9f9228357132,completed,2023-03-06 20:43:42.066461,,
b1a840ff-a372-431a-9457-53fadda3978c,completed,2023-03-06 20:43:42.066461,,
b1b123db-dcb0-4682-95d7-80194d9dc477,completed,2023-03-06 20:43:42.066461,,
b1ba8437-02f0-4079-acc0-13d239fe288d,completed,2023-03-06 20:43:42.066461,,
b1c0824d-3293-4074-a080-b51f6ae6a834,completed,2023-03-06 20:43:42.066461,,
b1c9b4dd-b7f5-41f1-81b6-87c3135f24f2,completed,2023-03-06 20:43:42.066461,,
b1ca2bff-23da-407c-92f7-d7df928c428d,completed,2023-03-06 20:43:42.066461,,
b1d4bdac-78f9-4412-8419-5e93f700b901,completed,2023-03-06 20:43:42.066461,,
b1db37a1-3f19-4fbe-ba8a-24ee5d4f7f27,completed,2023-03-06 20:43:42.066461,,
b1eaa2e2-b1cc-4732-bf64-41120cddbde3,completed,2023-03-06 20:43:42.066461,,
b1f1ddd2-12a6-498f-bc62-6253b3ecf8c2,completed,2023-03-06 20:43:42.066461,,
b1f5d369-be3a-49b6-9499-2ee3a6f67783,completed,2023-03-06 20:43:42.066461,,
b1f7874b-2db4-43dc-a5be-c0cbdba887ca,completed,2023-03-06 20:43:42.066461,,
b1fb07e3-37d1-4f84-a3bc-390988e252b8,completed,2023-03-06 20:43:42.066461,,
b1fd740f-334a-49e2-8b5f-6575735ed8fc,completed,2023-03-06 20:43:42.066461,,
b1fe4cc0-decb-40ae-8c94-c621f9bd0f80,completed,2023-03-06 20:43:42.066461,,
b2075a0a-6fc1-4156-8939-9232bdc7d3dc,completed,2023-03-06 20:43:42.066461,,
b20bb074-bdda-46e0-ba15-914eee4fafc7,completed,2023-03-06 20:43:42.066461,,
b20c0288-304f-431d-bb9d-4517c68b19a0,completed,2023-03-06 20:43:42.066461,,
b20de499-29df-491b-bf08-f9b5f4df926e,completed,2023-03-06 20:43:42.066461,,
b2135b96-27c9-49f3-88d0-1d79b7ffd712,completed,2023-03-06 20:43:42.066461,,
b21e48ea-015c-4ad5-9ed7-871147ba4476,completed,2023-03-06 20:43:42.066461,,
b2202c85-a7a9-4630-8151-a9ea3ab75ddd,completed,2023-03-06 20:43:42.066461,,
b226ff7f-27ec-4488-86c5-de3236212d39,completed,2023-03-06 20:43:42.066461,,
b22749ad-fbef-44f7-880d-f71ca1341c55,completed,2023-03-06 20:43:42.066461,,
b2322b1c-206e-40a5-96e6-22ad898ef1af,completed,2023-03-06 20:43:42.066461,,
b23c5084-3743-4db1-bc24-de83a2a447db,completed,2023-03-06 20:43:42.066461,,
b2598862-6010-4181-98ba-ff9bd8f7fda3,completed,2023-03-06 20:43:42.066461,,
b25a2435-0205-4c07-a43d-b82b729d02c3,completed,2023-03-06 20:43:42.066461,,
b25b8373-eb4d-4c52-9ba4-6bd5fc9d8c26,completed,2023-03-06 20:43:42.066461,,
b25e9f55-8aae-4ae6-b53e-1c6b4fd3faec,completed,2023-03-06 20:43:42.066461,,
b27466f2-2649-4903-970a-d3236a84f5bd,completed,2023-03-06 20:43:42.066461,,
b277e887-44d1-43c2-9574-065c02640deb,completed,2023-03-06 20:43:42.066461,,
b27ba67b-5e3f-4b30-b91a-4a8e36bcb00e,completed,2023-03-06 20:43:42.066461,,
b27d5171-b4ba-40df-8e21-3ba52a1bb65d,completed,2023-03-06 20:43:42.066461,,
b282b8e3-d387-4d46-b161-3f60a2bc032f,completed,2023-03-06 20:43:42.066461,,
b2851558-d594-4e63-97bb-cab5fab54d03,completed,2023-03-06 20:43:42.066461,,
b28b224b-0bb3-4c6e-8cfa-0c18b9e2ac77,completed,2023-03-06 20:43:42.066461,,
b28c8d08-6258-4b9d-99ff-156def1d5cd8,completed,2023-03-06 20:43:42.066461,,
b28f3cdc-664c-440d-99d0-feee9b1a9a8d,completed,2023-03-06 20:43:42.066461,,
b295d7de-5d56-430f-ab00-27846af866c3,completed,2023-03-06 20:43:42.066461,,
b2a4fe57-45c8-444d-9e72-f919dd33bb64,completed,2023-03-06 20:43:42.066461,,
b2aaf1a5-a9e7-43fc-a25b-fb0a37f76489,completed,2023-03-06 20:43:42.066461,,
b2b4cc09-8698-49d2-a0c7-dce69f1c4779,completed,2023-03-06 20:43:42.066461,,
b2bd7f9e-ab5a-4358-9c7a-4c19e7a0d5be,completed,2023-03-06 20:43:42.066461,,
b2d43b2b-7428-4590-9638-f85ca635ca17,completed,2023-03-06 20:43:42.066461,,
b2d68cfd-d6c0-4ebc-a48d-ebe8720792a2,completed,2023-03-06 20:43:42.066461,,
b2e7c9c8-9977-48b1-913b-4d771e7ddff5,completed,2023-03-06 20:43:42.066461,,
b2f5d41a-51fc-415c-b627-8669fbece40f,completed,2023-03-06 20:43:42.066461,,
b2f6ff50-e34e-4bac-a9e5-0b9307d0cf00,completed,2023-03-06 20:43:42.066461,,
b2f915b6-b92f-4663-88a1-292a2bfe877d,completed,2023-03-06 20:43:42.066461,,
b2fa5e50-f277-4c7e-8d8b-11bee1fb3779,completed,2023-03-06 20:43:42.066461,,
b2fa6328-da57-4d4c-925c-3936969a5d6c,completed,2023-03-06 20:43:42.066461,,
b2fbdd3a-d4c1-42a6-bf31-d44c1508ebcd,completed,2023-03-06 20:43:42.066461,,
b2fe90a1-63a2-44ca-b18c-66e154e8c57d,completed,2023-03-06 20:43:42.066461,,
b305934f-ba6a-4830-9de5-52577aaa25bc,completed,2023-03-06 20:43:42.066461,,
b3198b41-9a30-4ddc-b0f0-bef6b73cf906,completed,2023-03-06 20:43:42.066461,,
b31bb250-fe89-4580-b3ea-edd41c5a4f2c,completed,2023-03-06 20:43:42.066461,,
b325ba79-dd05-4ec8-b7f0-89c8c8e8fa5c,completed,2023-03-06 20:43:42.066461,,
b32ad422-af85-4f94-91b4-c34c3e19cbaf,completed,2023-03-06 20:43:42.066461,,
b32c23e2-cc3e-4d75-815a-325df8714355,completed,2023-03-06 20:43:42.066461,,
b32efa11-376e-4313-a767-03bfe92ab2ad,completed,2023-03-06 20:43:42.066461,,
b333d397-ace9-45aa-bfd6-62f9945dade3,completed,2023-03-06 20:43:42.066461,,
b3370cbd-52f6-45cf-86d0-272c4f6c6ce9,completed,2023-03-06 20:43:42.066461,,
b3398cca-6acc-4afc-9f11-656586122aa3,completed,2023-03-06 20:43:42.066461,,
b33ba3bb-6df8-4c11-9459-ac23083b2522,completed,2023-03-06 20:43:42.066461,,
b33c5625-b377-41f0-bfee-1126301f2e1d,completed,2023-03-06 20:43:42.066461,,
b33caa5a-bac3-4453-8070-a6f1a326ad1d,completed,2023-03-06 20:43:42.066461,,
b33dd032-38c5-4751-9b75-ea2a84c98ee3,completed,2023-03-06 20:43:42.066461,,
b351eba9-f1cd-4b6f-b10a-91bbf8ef5774,completed,2023-03-06 20:43:42.066461,,
b356966b-ac71-4b0a-9358-41cff3ffca35,completed,2023-03-06 20:43:42.066461,,
b35cf884-e190-4079-8852-32848b58d356,completed,2023-03-06 20:43:42.066461,,
b36579c0-aef7-42ef-b992-95d44968cad7,completed,2023-03-06 20:43:42.066461,,
b366c25f-6871-476b-bb6f-edae5a5f0f95,completed,2023-03-06 20:43:42.066461,,
b368972b-bb22-4d65-b962-40ad6230f0c7,completed,2023-03-06 20:43:42.066461,,
b36d619f-573c-4c75-89dd-d7b8d84cc9af,completed,2023-03-06 20:43:42.066461,,
b374850c-3aa8-4248-b99b-2e202752ce9e,completed,2023-03-06 20:43:42.066461,,
b379891a-aef7-4d2a-88d5-39c983d82485,completed,2023-03-06 20:43:42.066461,,
b37c9e97-d1e8-4751-bea9-c7c278d6f493,completed,2023-03-06 20:43:42.066461,,
b37e5c3a-1aae-4244-bf18-339c890b920e,completed,2023-03-06 20:43:42.066461,,
b381687a-6cf8-47a7-92f8-de44670107ff,completed,2023-03-06 20:43:42.066461,,
b3830f94-46fa-4a58-9342-c3e7a86c342c,completed,2023-03-06 20:43:42.066461,,
b3836f9b-66ee-4966-880f-c2d26666b504,completed,2023-03-06 20:43:42.066461,,
b3916521-7b22-4f40-9511-081358393fbc,completed,2023-03-06 20:43:42.066461,,
b3975ff2-4bef-44bc-8cdf-0b825a576c85,completed,2023-03-06 20:43:42.066461,,
b39c9ce9-853e-43fa-89c6-52a49d9c6a2b,completed,2023-03-06 20:43:42.066461,,
b3a4880d-f6e5-4c5f-b505-39f7810ece6a,completed,2023-03-06 20:43:42.066461,,
b3bc677f-f4bd-4aeb-8259-151a904a9bf0,completed,2023-03-06 20:43:42.066461,X,
b3bf5c82-1fde-476b-8610-bd4e0bf4ef58,completed,2023-03-06 20:43:42.066461,,
b3c49018-85e2-4eba-ae48-5382923aac19,completed,2023-03-06 20:43:42.066461,,
b3c4bd2f-5c8c-4deb-b9aa-8cf4ba3c3b26,completed,2023-03-06 20:43:42.066461,,
b3d19adf-b238-4397-bfa4-4cbecc1b8153,completed,2023-03-06 20:43:42.066461,,
b3d99e26-ab53-4f4b-8bc7-7ec00a160774,completed,2023-03-06 20:43:42.066461,,
b3d9c3e0-0258-463f-aeff-3efc275fd094,completed,2023-03-06 20:43:42.066461,,
b3e7f7e5-bae9-446b-9823-5c68ae7af595,completed,2023-03-06 20:43:42.066461,,
b3f01cd3-5300-4dba-8f40-284218f17d92,completed,2023-03-06 20:43:42.066461,,
b3f5271e-83f7-4173-bd61-02397bb14bad,completed,2023-03-06 20:43:42.066461,,
b3f790ec-e6bc-4835-8307-eac5830f3a61,completed,2023-03-06 20:43:42.066461,,
b4066e01-f3d0-4c42-88e7-f8c2700be987,completed,2023-03-06 20:43:42.066461,,
b4089d94-44f3-4c0f-b286-7cd752ea7650,completed,2023-03-06 20:43:42.066461,,
b4174887-e3c1-4e59-a1c9-89f805858116,completed,2023-03-06 20:43:42.066461,,
b419a5d0-2d9b-4a9a-aa50-17c6227e6c4c,completed,2023-03-06 20:43:42.066461,,
b425eb85-e5ae-4938-bc4f-c82ac13438cb,completed,2023-03-06 20:43:42.066461,,
b433078b-ccd4-44bc-be28-a8af430b5b51,completed,2023-03-06 20:43:42.066461,,
b4431a9f-ce00-4cec-8d47-cbd1b2069394,completed,2023-03-06 20:43:42.066461,,
b44fee1c-977e-499e-a1e9-f8f99ac99413,completed,2023-03-06 20:43:42.066461,,
b450bf36-e5ed-49c7-bf52-8844528cb7a8,completed,2023-03-06 20:43:42.066461,,
b45f5c2c-622e-45cd-9c9d-eea4cc396a6f,completed,2023-03-06 20:43:42.066461,,
b460999f-6f72-45aa-bd57-1ed3dcf545ec,completed,2023-03-06 20:43:42.066461,,
b466a2d5-df50-4f42-8415-e5cfb37da71e,completed,2023-03-06 20:43:42.066461,,
b46d47b8-1af7-4e9b-8029-bc2746570c2f,completed,2023-03-06 20:43:42.066461,,
b46dfbe4-bdeb-4a9c-a815-af2f7fac8bef,completed,2023-03-06 20:43:42.066461,,
b46ff6e9-e8fd-4319-aa47-79da7a857ab1,completed,2023-03-06 20:43:42.066461,,
b47219a8-a300-4426-81d3-857c144f5065,completed,2023-03-06 20:43:42.066461,,
b478e304-c6c3-45d2-9c93-932496207157,completed,2023-03-06 20:43:42.066461,,
b483bb61-754b-4a6d-abfe-702189152da5,completed,2023-03-06 20:43:42.066461,X,
b48e16d9-8c60-42dd-865d-3a6d62b0527a,completed,2023-03-06 20:43:42.066461,,
b497ebd2-cc45-4efc-bd29-2596eab53ac1,completed,2023-03-06 20:43:42.066461,,
b49cf417-6d4b-4aca-9ed0-5d4c9ae60cf4,completed,2023-03-06 20:43:42.066461,,
b4a0066b-ed4a-4fe1-8332-0b986eed2e8b,completed,2023-03-06 20:43:42.066461,,
b4a91eb8-c3cc-4292-b3cf-47509641a4c8,completed,2023-03-06 20:43:42.066461,,
b4ade6f2-b83c-46b3-bbf2-ca08e384ca51,completed,2023-03-06 20:43:42.066461,,
b4afa2ff-692a-4ea6-aabe-0429c47efd72,completed,2023-03-06 20:43:42.066461,,
b4b5e6d5-be4c-48ce-adcd-07fa0fd1ba94,completed,2023-03-06 20:43:42.066461,,
b4bbec2c-1abc-4bc1-b311-1ebbcb945f17,completed,2023-03-06 20:43:42.066461,,
b4c13b54-2c30-4bdd-8eaa-ad2fda922c41,completed,2023-03-06 20:43:42.066461,,
b4caae99-c611-48b7-bcab-11d4078ba54a,completed,2023-03-06 20:43:42.066461,,
b4cc70c4-5c85-4344-90eb-5a96acdab655,completed,2023-03-06 20:43:42.066461,,
b4d9ca3d-f2f3-4c1c-a3e7-6dedceeb6c53,completed,2023-03-06 20:43:42.066461,,
b4e0de57-c9f2-4e28-ad3d-5220646b06de,completed,2023-03-06 20:43:42.066461,,
b4e61eb6-e62c-45af-a0d7-ae00b46da389,completed,2023-03-06 20:43:42.066461,,
b4e9d0bc-6950-42b4-9edf-66c22d845f86,completed,2023-03-06 20:43:42.066461,,
b4f7b01c-17c4-4152-b79b-f3d4e005c19f,completed,2023-03-06 20:43:42.066461,,
b4fe4273-3c22-4d1f-8493-ef65671226b8,completed,2023-03-06 20:43:42.066461,,
b500eef1-ad53-4e74-9144-e8df53fcea3e,completed,2023-03-06 20:43:42.066461,,
b505eb81-450f-446e-ab0d-7a42be693ad0,completed,2023-03-06 20:43:42.066461,,
b50c4c39-3149-4326-8669-af03930038d9,completed,2023-03-06 20:43:42.066461,,
b50ec964-4f1e-4cbb-9213-f5814081a3dc,completed,2023-03-06 20:43:42.066461,,
b5112786-af16-49dd-8206-146bc0e984cf,completed,2023-03-06 20:43:42.066461,,
b522812e-add8-4a4e-8542-32e085964cfc,completed,2023-03-06 20:43:42.066461,,
b52aa890-8e10-4d39-954a-8f2df5bccd4b,completed,2023-03-06 20:43:42.066461,,
b52ed544-bae0-445a-b226-c332b3c34360,completed,2023-03-06 20:43:42.066461,,
b537d02b-faf1-419d-95c4-cfabcfff1a57,completed,2023-03-06 20:43:42.066461,,
b53a8168-fada-49e0-bbd5-680e7bc1efb7,completed,2023-03-06 20:43:42.066461,,
b54058e4-86b1-49c7-a179-6a9b05b17632,completed,2023-03-06 20:43:42.066461,,
b549fabf-9577-43f0-8846-2321e4beab1c,completed,2023-03-06 20:43:42.066461,,
b5517c78-c4fb-4cf2-bc10-1a3f723fe2ec,completed,2023-03-06 20:43:42.066461,,
b558777e-cf63-44c6-9543-e7e31a156312,completed,2023-03-06 20:43:42.066461,,
b55f22bb-caa1-4522-8bef-7217143b1748,completed,2023-03-06 20:43:42.066461,,
b56676f6-0ed3-44e7-b7e6-efbd6ab215af,completed,2023-03-06 20:43:42.066461,,
b566e7cb-a5b8-436c-baa0-9c363f8d0d49,completed,2023-03-06 20:43:42.066461,,
b568598d-1f5e-45fd-8d8b-7e7a64da03aa,completed,2023-03-06 20:43:42.066461,,
b56972a2-038c-4f05-a266-21925990f0fd,completed,2023-03-06 20:43:42.066461,,
b5697d90-008e-441a-b259-89cc897ece49,completed,2023-03-06 20:43:42.066461,,
b56d542f-4a41-4e27-b8b6-4a98dfc15526,completed,2023-03-06 20:43:42.066461,,
b581292b-d9fb-4f7e-a10a-d310afef38c9,completed,2023-03-06 20:43:42.066461,,
b5938cbc-cf4c-41bd-b0ac-6527fa742621,completed,2023-03-06 20:43:42.066461,,
b594cbd2-d5ea-4ec4-8886-8f36db3aca6b,completed,2023-03-06 20:43:42.066461,,
b5a141df-4af0-4678-a1f8-0cef94554baa,completed,2023-03-06 20:43:42.066461,,
b5a39205-68ff-45c7-b68d-5c676bc16b5b,completed,2023-03-06 20:43:42.066461,,
b5ac167e-34b7-47a1-a08c-b052eb360c77,completed,2023-03-06 20:43:42.066461,,
b5b302f4-8925-4932-a611-c884a09c08ad,completed,2023-03-06 20:43:42.066461,,
b5ba2d58-518e-4d58-b12d-a66d7d77075a,completed,2023-03-06 20:43:42.066461,,
b5bc1a94-b675-4f62-87df-4f0c9905d3b8,completed,2023-03-06 20:43:42.066461,,
b5be7066-d237-4952-a075-b32b953808fb,completed,2023-03-06 20:43:42.066461,,
b5c30302-0401-4eaa-ad28-1ef5b3251360,completed,2023-03-06 20:43:42.066461,,
b5c899ee-192f-4eab-9dc0-2de0252e1a60,completed,2023-03-06 20:43:42.066461,,
b5d2855b-3aef-4772-acee-02a36055064f,completed,2023-03-06 20:43:42.066461,,
b5d2c25c-bf52-43b6-aa87-082ee8e99879,completed,2023-03-06 20:43:42.066461,,
b5d3e72f-5324-42d7-8e50-d09d81a47c7b,completed,2023-03-06 20:43:42.066461,,
b5d90bca-eadd-46b6-9348-43b924717be9,completed,2023-03-06 20:43:42.066461,,
b5dcbbe7-98b2-488b-90fb-be15ee788738,completed,2023-03-06 20:43:42.066461,,
b5e099a7-1f6d-4795-a08b-f8b93a82ff24,completed,2023-03-06 20:43:42.066461,,
b5e73d43-0ea9-491b-bcde-ed98236b7b87,completed,2023-03-06 20:43:42.066461,,
b5eaddff-512f-4977-a991-2cceedf77b27,completed,2023-03-06 20:43:42.066461,,
b5edf67a-593f-4d8c-802d-1a5a0b0020bf,completed,2023-03-06 20:43:42.066461,,
b5f13440-c109-4d72-b689-ada54b88c1e1,completed,2023-03-06 20:43:42.066461,,
b5fb56f0-2b34-4e04-a884-4e975a5872be,completed,2023-03-06 20:43:42.066461,,
b5fcfa3b-a10d-448e-b981-a46e4a75de07,completed,2023-03-06 20:43:42.066461,,
b6016e1c-93f9-4cd9-8db6-30e59a3a2cc7,completed,2023-03-06 20:43:42.066461,,
b60c931e-3e03-46c9-ad8d-b3ff9a5dc9d7,completed,2023-03-06 20:43:42.066461,,
b61a21ea-de3b-4c9e-935c-a1e9e2468827,completed,2023-03-06 20:43:42.066461,,
b61c4caa-02e1-4bb9-916b-33c1ddbe93dc,completed,2023-03-06 20:43:42.066461,,
b61d3449-5e6e-4dc7-886c-25582554b5d6,completed,2023-03-06 20:43:42.066461,,
b6253df5-ca6a-4927-b773-50360368cef6,completed,2023-03-06 20:43:42.066461,,
b6468530-b03d-4c9f-b097-c090dc3ca867,completed,2023-03-06 20:43:42.066461,,
b6472c81-818e-4249-b172-39d3a1dfbc00,completed,2023-03-06 20:43:42.066461,,
b651271a-24fe-4221-bc86-f56e1ed6b1bd,completed,2023-03-06 20:43:42.066461,,
b65259a2-d13a-416b-b772-d5faf6faab62,completed,2023-03-06 20:43:42.066461,,
b6616b1c-a56b-4b67-b2cf-2fa04a7f70ff,completed,2023-03-06 20:43:42.066461,,
b6618cb4-979b-4686-9e10-c997c0028f55,completed,2023-03-06 20:43:42.066461,,
b663e02e-1761-487b-8362-38802109cb7a,completed,2023-03-06 20:43:42.066461,,
b6647c32-2621-42fd-a9ab-e1a58dcc10b7,completed,2023-03-06 20:43:42.066461,,
b66ef56b-704c-41ac-91e1-e23a172d05c4,completed,2023-03-06 20:43:42.066461,,
b673e8b8-1768-41c9-a690-29ba0339c215,completed,2023-03-06 20:43:42.066461,,
b67679ea-ae9b-4ab2-b296-3dd4a1c024c1,completed,2023-03-06 20:43:42.066461,,
b67ff507-3643-4bd1-9b8c-60996be52494,completed,2023-03-06 20:43:42.066461,,
b68945d0-fc17-4452-83e4-e74bf4dd4eb9,completed,2023-03-06 20:43:42.066461,,
b6972612-46df-49df-80c1-4e64119c6c4f,completed,2023-03-06 20:43:42.066461,,
b69b5159-17c6-4468-a24c-3cb31658dc05,completed,2023-03-06 20:43:42.066461,,
b6a483ea-20eb-40f7-b1a0-d114fdce9ab8,completed,2023-03-06 20:43:42.066461,,
b6a6703d-c7b9-45a6-8231-ac374863ffb1,completed,2023-03-06 20:43:42.066461,,
b6aa8c3d-a59b-4af0-bfb3-a65b132f8e66,completed,2023-03-06 20:43:42.066461,,
b6b34f80-dfd9-43c2-8df0-d8c1554f0648,completed,2023-03-06 20:43:42.066461,,
b6b9f2c9-5e8f-4d0a-be2f-4ade4392667f,completed,2023-03-06 20:43:42.066461,,
b6c18713-8c37-433d-b9ca-7c5ad4681c99,completed,2023-03-06 20:43:42.066461,,
b6c348fb-a75f-4088-b0f4-f83086733cad,completed,2023-03-06 20:43:42.066461,,
b6c57de3-d2b0-4bee-ae5e-8aedf162af25,completed,2023-03-06 20:43:42.066461,,
b6c5b83c-e6b5-4237-a88d-83c3cef999bf,completed,2023-03-06 20:43:42.066461,,
b6c86947-5e85-4d27-a160-a615259a1fad,completed,2023-03-06 20:43:42.066461,,
b6cc7589-ca91-4de9-a1e6-16dda0b30595,completed,2023-03-06 20:43:42.066461,,
b6d72aad-5881-488f-ba2a-289a0eb72221,completed,2023-03-06 20:43:42.066461,X,
b6deddb3-6186-4206-aafa-f0785df8a76f,completed,2023-03-06 20:43:42.066461,,
b6e471b3-5464-4a8a-a8f4-4ee25603dbb2,completed,2023-03-06 20:43:42.066461,,
b6e86dea-8657-481b-9e9d-8747b2ad0a69,completed,2023-03-06 20:43:42.066461,,
b6e89d08-78b6-46f7-a892-029ae6000195,completed,2023-03-06 20:43:42.066461,,
b6ee888b-dc47-420f-8431-285d076cde30,completed,2023-03-06 20:43:42.066461,,
b6f28baf-5abe-4e56-a3f1-b6f6a13145eb,completed,2023-03-06 20:43:42.066461,,
b70c6cf5-dfe6-405f-a3bd-91e62b351e91,completed,2023-03-06 20:43:42.066461,,
b70fe9d6-02b1-4977-b138-03fc88888e52,completed,2023-03-06 20:43:42.066461,,
b7108fac-a0ac-40c3-a564-ec98d23d5a9d,completed,2023-03-06 20:43:42.066461,,
b714c4e5-52bd-49b2-8a82-b0093fc209f6,completed,2023-03-06 20:43:42.066461,,
b716973f-5600-4805-b02c-52449b76fa7d,completed,2023-03-06 20:43:42.066461,,
b716d3cd-27cd-40c3-95ee-06878d4493bc,completed,2023-03-06 20:43:42.066461,,
b71c4c53-5e2f-492e-addc-bac582a0a337,completed,2023-03-06 20:43:42.066461,,
b71e4aac-d914-4148-902e-51048f4bd46a,completed,2023-03-06 20:43:42.066461,,
b72208f8-6f28-4e1b-a4e7-a0fb3ac7ed77,completed,2023-03-06 20:43:42.066461,,
b729bb02-0486-4cdd-a61f-7b33ee80d318,completed,2023-03-06 20:43:42.066461,,
b732e863-a1d1-4331-a5ac-20f2645268a4,completed,2023-03-06 20:43:42.066461,,
b73ab1c6-a379-452d-928c-0c76677233d0,completed,2023-03-06 20:43:42.066461,,
b741d9ea-62ee-42be-8dde-5787470be3ad,completed,2023-03-06 20:43:42.066461,,
b7537950-5852-4073-a994-1b31a81249cf,completed,2023-03-06 20:43:42.066461,,
b755c153-0c7e-4bb7-b76b-f6f93884bfd9,completed,2023-03-06 20:43:42.066461,,
b75bc429-0a2e-4791-97a7-db70d5748aca,completed,2023-03-06 20:43:42.066461,,
b76fcc73-d08c-4118-b2a1-7125881b4e7a,completed,2023-03-06 20:43:42.066461,,
b7711591-5a0d-4e1b-84c8-e7397b370bab,completed,2023-03-06 20:43:42.066461,,
b771dc4d-42f3-4b4d-a2b1-62b12471cd0b,completed,2023-03-06 20:43:42.066461,,
b7788d87-a6e4-4f64-a25e-59602fbf0692,completed,2023-03-06 20:43:42.066461,,
b77bd7e7-1610-41ea-a904-74f38c3df20f,completed,2023-03-06 20:43:42.066461,,
b78a64e7-e239-42f1-902e-a665856c41fb,completed,2023-03-06 20:43:42.066461,,
b78e5cce-5915-49ca-8f0c-4f206f0dac67,completed,2023-03-06 20:43:42.066461,,
b7961901-73a3-4047-83aa-d061673e7b2a,completed,2023-03-06 20:43:42.066461,,
b7a7444c-d661-4731-bf0d-278c31cd271b,completed,2023-03-06 20:43:42.066461,,
b7aa07cb-507d-42bc-87d6-1f9f6af69ebb,completed,2023-03-06 20:43:42.066461,,
b7adaa2f-62e9-413b-9343-f8ae1a6277b0,completed,2023-03-06 20:43:42.066461,,
b7b5b0b0-93fb-4a58-a6bd-295289e5f2c0,completed,2023-03-06 20:43:42.066461,,
b7b75ebc-a9e0-4512-963b-96d905fc52f3,completed,2023-03-06 20:43:42.066461,,
b7b7c879-9602-44ac-b3c9-b009ca2ddd76,completed,2023-03-06 20:43:42.066461,,
b7b7fdda-66da-4632-ad03-313eb640b87b,completed,2023-03-06 20:43:42.066461,,
b7b81766-fd2d-4fb6-a09c-078287bba648,completed,2023-03-06 20:43:42.066461,,
b7b8dbc7-06a7-4dbf-9901-efea6ffcb44b,completed,2023-03-06 20:43:42.066461,,
b7c9946f-2a64-48de-8c62-66dace5322ca,completed,2023-03-06 20:43:42.066461,,
b7cbc4a9-27af-45f1-8ac5-7cec29626fd7,completed,2023-03-06 20:43:42.066461,,
b7cca7c6-c73a-4cd0-8057-64a8195c8756,completed,2023-03-06 20:43:42.066461,,
b7cfb665-8f18-4bc3-94f4-9d1fc694ec0d,completed,2023-03-06 20:43:42.066461,,
b7d7624f-fb3e-47ed-818c-e0c7f3435007,completed,2023-03-06 20:43:42.066461,,
b7d77bed-0f9d-4461-ac2e-7102e8910b22,completed,2023-03-06 20:43:42.066461,,
b7d8799c-c605-4fee-bfc5-2faa70c24c0f,completed,2023-03-06 20:43:42.066461,,
b7db719c-08f3-4b4e-b072-a2fd72bb30ae,completed,2023-03-06 20:43:42.066461,,
b7e3b924-8985-4a9c-a803-3cb328823419,completed,2023-03-06 20:43:42.066461,,
b7f0f312-3cb5-4e14-a68b-39a73554a636,completed,2023-03-06 20:43:42.066461,,
b7f0ff13-dd35-4422-bfad-b78a60b2bf42,completed,2023-03-06 20:43:42.066461,,
b7f2c85c-e255-4a6c-85ee-ceedbef105b8,completed,2023-03-06 20:43:42.066461,,
b7f583b8-7cd0-4d22-a5b2-1e775e370e0a,completed,2023-03-06 20:43:42.066461,,
b803f31c-21f8-476d-a664-b4e37b7eb127,completed,2023-03-06 20:43:42.066461,,
b8094a22-a0ba-42b5-bb70-8df04cb1a63f,completed,2023-03-06 20:43:42.066461,,
b80add63-d32e-46a6-99b4-2a79be30f4cc,completed,2023-03-06 20:43:42.066461,,
b812f9dc-a22f-4c3d-8855-1ee7590b778a,completed,2023-03-06 20:43:42.066461,,
b8134708-db95-40db-acc9-5e9acb70f66d,completed,2023-03-06 20:43:42.066461,,
b819600d-3fc1-4e6c-a96e-6f129f1606a0,completed,2023-03-06 20:43:42.066461,,
b81b1fa1-8484-413d-91c2-07fbec4309eb,completed,2023-03-06 20:43:42.066461,,
b8235783-371d-427e-ba02-bef1a89af01a,completed,2023-03-06 20:43:42.066461,,
b82724e8-24b8-4644-a080-471a42c478f6,completed,2023-03-06 20:43:42.066461,,
b8407e39-88ae-431f-8dde-bf8751b86277,completed,2023-03-06 20:43:42.066461,,
b8560528-4d52-4876-97dc-fc8a5fda3f22,completed,2023-03-06 20:43:42.066461,,
b86949c7-b615-4785-88cf-73cbcf1ed22c,completed,2023-03-06 20:43:42.066461,,
b869568c-ff47-4d80-833c-e064dfbe8903,completed,2023-03-06 20:43:42.066461,,
b86c2321-acd7-46bc-9fae-cb03ce92ee3a,completed,2023-03-06 20:43:42.066461,,
b86e16e5-7579-49ad-a808-e76dc294fc9f,completed,2023-03-06 20:43:42.066461,,
b87a5267-7718-425d-8b47-311b0c662cbd,completed,2023-03-06 20:43:42.066461,,
b883428b-bbae-44e6-a58b-2e6647cd7736,completed,2023-03-06 20:43:42.066461,,
b88c9030-7155-4dee-9111-9dca45b8ce0f,completed,2023-03-06 20:43:42.066461,,
b88d0f92-3d0f-4855-b98f-2c0c0f63f0e1,completed,2023-03-06 20:43:42.066461,,
b896b64a-eaa5-4ca5-8278-02614e6f639e,completed,2023-03-06 20:43:42.066461,,
b897ad64-051e-4ecb-ba12-858cb1b6b089,completed,2023-03-06 20:43:42.066461,,
b8abe88c-1180-4763-ae1a-83c5c72b41f4,completed,2023-03-06 20:43:42.066461,,
b8af3bf1-f700-4a55-a711-3d3a50ce314e,completed,2023-03-06 20:43:42.066461,,
b8b134f2-8b07-44d6-8d2a-4a9a2f839d83,completed,2023-03-06 20:43:42.066461,,
b8b25677-4f1f-4494-8066-c785d3ee4751,completed,2023-03-06 20:43:42.066461,,
b8bdeefd-7ca0-45f5-9545-e44a0f450562,completed,2023-03-06 20:43:42.066461,,
b8c0ce8d-d899-4d11-b51a-8b0e6d5b862a,completed,2023-03-06 20:43:42.066461,,
b8ce1595-a606-4ee5-afbf-0e4da7e08d69,completed,2023-03-06 20:43:42.066461,,
b8d9509a-4712-44f2-856b-8cc922a76ca5,completed,2023-03-06 20:43:42.066461,,
b8db0f74-782c-4e10-8ce9-87e4fc153265,completed,2023-03-06 20:43:42.066461,,
b8dc260f-5dd1-478c-9cc7-cee6a9366cb6,completed,2023-03-06 20:43:42.066461,,
b8e1197d-e470-4beb-9819-dfba1539d00b,completed,2023-03-06 20:43:42.066461,,
b8e16aa5-d9c5-4513-911a-f12dfd41dba1,completed,2023-03-06 20:43:42.066461,,
b8e8aae1-8f8d-4521-bd0c-88f93a3cd72d,completed,2023-03-06 20:43:42.066461,,
b8eaf62e-658d-4229-adbe-a81ba0584d98,completed,2023-03-06 20:43:42.066461,,
b8ebba02-899d-42ff-99ec-4530f6f606de,completed,2023-03-06 20:43:42.066461,,
b8f3c007-2975-4bfd-8dd1-f6a9b52885f2,completed,2023-03-06 20:43:42.066461,,
b8f4dfcb-3085-4832-a2d6-8a07f1e7d5a9,completed,2023-03-06 20:43:42.066461,,
b8f9aa7b-550f-425d-999a-d680a40a3b79,completed,2023-03-06 20:43:42.066461,,
b8fa202c-aeb1-4aa8-bbe2-be8b5a2b39c9,completed,2023-03-06 20:43:42.066461,X,
b908f279-679d-4951-b238-005449c504ea,completed,2023-03-06 20:43:42.066461,,
b90a6443-6661-4d0c-9e86-f96993ea3bd1,completed,2023-03-06 20:43:42.066461,,
b90bb953-7ec1-483f-ae3c-8511e4f6c5d9,completed,2023-03-06 20:43:42.066461,,
b9189160-def6-4b4a-89cd-229bfd598481,completed,2023-03-06 20:43:42.066461,,
b91c30fa-ad0b-4053-967b-b87ec8dca294,completed,2023-03-06 20:43:42.066461,,
b9204513-d2e3-4115-a1ba-aa63427c90e3,completed,2023-03-06 20:43:42.066461,,
b9229829-40d6-4654-b7bb-164c1947bcd4,completed,2023-03-06 20:43:42.066461,,
b9258a22-34e5-4295-bf19-550837e6b484,completed,2023-03-06 20:43:42.066461,,X
b929bdc7-d120-4969-bf11-2c5b5cf8a272,completed,2023-03-06 20:43:42.066461,,
b92a6ea4-102c-4620-be08-fccca83f742e,completed,2023-03-06 20:43:42.066461,,
b92a94ed-49f6-429c-b2e5-d0e1f5fa2555,completed,2023-03-06 20:43:42.066461,,
b9413fce-e079-4aa0-961d-5b8588ea8ca7,completed,2023-03-06 20:43:42.066461,,
b941864f-26a3-44f5-b4cb-1f2ad50d8fbb,completed,2023-03-06 20:43:42.066461,,
b942c8b9-f51b-4bf9-9a47-fc491ce56e9d,completed,2023-03-06 20:43:42.066461,,
b9432ab8-59d8-4ce9-b4e5-7dc43da7c3e8,completed,2023-03-06 20:43:42.066461,,
b94749b1-8212-4777-a459-242fc2bd88bb,completed,2023-03-06 20:43:42.066461,,
b9488c2c-d281-4c58-8c84-0fef77d62a00,completed,2023-03-06 20:43:42.066461,,
b9525582-6074-4343-93b2-32577f36f155,completed,2023-03-06 20:43:42.066461,,
b9544074-12ca-4fba-a612-3b29771a9149,completed,2023-03-06 20:43:42.066461,,
b9582137-88e6-4cce-a0de-c419181411b2,completed,2023-03-06 20:43:42.066461,,
b95f87ba-52a7-4e20-846c-aa6f4c873e37,completed,2023-03-06 20:43:42.066461,,
b961b61b-9a1d-49e4-861d-32545e77af9c,completed,2023-03-06 20:43:42.066461,,
b9754a1f-b708-4fe4-a715-e9da0cdcfee3,completed,2023-03-06 20:43:42.066461,,
b9823829-c65c-4e92-9cc4-e897174a3582,completed,2023-03-06 20:43:42.066461,,
b984c049-6c4d-4b14-ae94-2b9d4c16aa1c,completed,2023-03-06 20:43:42.066461,,
b98da2f5-0e60-487f-88f7-801d7ada8827,completed,2023-03-06 20:43:42.066461,,
b9924cba-918a-41d6-8dae-29dd8436da50,completed,2023-03-06 20:43:42.066461,,
b9987bf0-9f15-4c6c-abb9-196647437aac,completed,2023-03-06 20:43:42.066461,,
b99ce28e-27df-40bf-9ed3-cecf848b6639,completed,2023-03-06 20:43:42.066461,,
b9a10557-9f09-489b-83db-286e79bb46b9,completed,2023-03-06 20:43:42.066461,,
b9a68a0b-727d-45c4-8789-4febb9d06044,completed,2023-03-06 20:43:42.066461,,
b9af2b4c-444e-4136-8aed-cd8e0a2563a5,completed,2023-03-06 20:43:42.066461,,
b9b43d37-dc48-40f8-9927-022f5e953432,completed,2023-03-06 20:43:42.066461,,
b9b806f1-ed1d-4379-acc2-2a23fdf02d76,completed,2023-03-06 20:43:42.066461,,
b9bf7ad5-084e-4bcb-ac94-24414acb4609,completed,2023-03-06 20:43:42.066461,,
b9c0dbd1-112c-4561-b200-d1b2346047ae,completed,2023-03-06 20:43:42.066461,,
b9c3a2a6-57b9-4791-96a3-904780bf03f1,completed,2023-03-06 20:43:42.066461,,
b9dbd752-015e-444c-8c8b-b1b7890cee0c,completed,2023-03-06 20:43:42.066461,,
b9eece43-2bcf-48ae-b49c-3ce56daafb83,completed,2023-03-06 20:43:42.066461,,
b9f325e5-73b2-4e14-be8c-40dda7e423bb,completed,2023-03-06 20:43:42.066461,,
b9f6ced6-ba00-4287-b3de-d91ab87b3eb4,completed,2023-03-06 20:43:42.066461,,
ba05a0eb-a54e-4af7-8cf6-56752c2a486c,completed,2023-03-06 20:43:42.066461,,
ba0c3f7d-8a35-4b66-811f-6f17bfd05e35,completed,2023-03-06 20:43:42.066461,,
ba0e7b1a-0ac6-4a22-ba67-2ce4aaced767,completed,2023-03-06 20:43:42.066461,,
ba15ac7a-cf2d-4f68-bd75-7b94a0c08421,completed,2023-03-06 20:43:42.066461,,
ba217a55-5f58-402c-8818-2c410bc6ff9f,completed,2023-03-06 20:43:42.066461,,
ba453268-63f1-4c56-8666-e2fa0c5d212f,completed,2023-03-06 20:43:42.066461,,
ba4eee90-58d3-4788-af2f-61c887b9f9c8,completed,2023-03-06 20:43:42.066461,,
ba55a772-c051-485b-889c-d310074c7e58,completed,2023-03-06 20:43:42.066461,,
ba57ae6c-e614-4cb5-921d-3df8ce00119f,completed,2023-03-06 20:43:42.066461,,
ba70149e-17a7-435f-b4d1-a8a609c041c7,completed,2023-03-06 20:43:42.066461,,
ba75fdb4-4ead-4958-8254-03b96912304a,completed,2023-03-06 20:43:42.066461,,
ba7a370a-dc8b-43b6-89d3-3480fe97a13c,completed,2023-03-06 20:43:42.066461,,
ba7bf40d-a729-417b-9485-b02f3453a076,completed,2023-03-06 20:43:42.066461,,
ba7e1723-bc34-4363-9f99-59cf65afcf8e,completed,2023-03-06 20:43:42.066461,,
ba7e9b3e-d9a7-4da2-8ea9-6bb4d7337b1c,completed,2023-03-06 20:43:42.066461,,
ba8d8c9c-a82c-4aa3-85b9-d8527e3f95f6,completed,2023-03-06 20:43:42.066461,,
ba8d958a-5e1a-41d1-bfcd-9499068dae6a,completed,2023-03-06 20:43:42.066461,,
ba8f4c6a-eecb-4741-8ada-3440ce64da5a,completed,2023-03-06 20:43:42.066461,,
baa7d6d7-9425-44ef-90a8-3fa10bcaab40,completed,2023-03-06 20:43:42.066461,,
baa836ae-88db-4c54-92ef-9e17d07a305b,completed,2023-03-06 20:43:42.066461,,
bab07bff-5e26-4049-94df-4af08fead1a6,completed,2023-03-06 20:43:42.066461,,
bab1c2cd-e0a1-4963-9b95-1062b441891c,completed,2023-03-06 20:43:42.066461,,
bac7da5d-11d9-4249-97f4-8f2dee52cd75,completed,2023-03-06 20:43:42.066461,,
bacd78de-b43c-417c-98e9-7de8bde568e1,completed,2023-03-06 20:43:42.066461,,
bae061d9-42ba-4569-b2c1-c3cb15ef6845,completed,2023-03-06 20:43:42.066461,,
bae9866d-42d7-4789-a194-e68a889f733b,completed,2023-03-06 20:43:42.066461,,
bae9ebab-f597-473b-b99b-96d4fe57874e,completed,2023-03-06 20:43:42.066461,,
baeb2366-029a-467c-b3f4-a00cefd954b6,completed,2023-03-06 20:43:42.066461,,
baee7d6d-120f-416d-b5f3-95f80adc1a9e,completed,2023-03-06 20:43:42.066461,,
bafda9f2-551d-43b1-b557-45b1497c6061,completed,2023-03-06 20:43:42.066461,,
bafefb41-619d-4c18-8e00-b4fa0599de2c,completed,2023-03-06 20:43:42.066461,,
bb01587e-62e5-4312-9fbc-fca343fc264e,completed,2023-03-06 20:43:42.066461,,
bb041007-d8f9-409c-8a4d-1fe812b06a0e,completed,2023-03-06 20:43:42.066461,,
bb126d62-840b-4495-9a27-f96ec37a4113,completed,2023-03-06 20:43:42.066461,,
bb148c85-c3d9-4eb6-8fc0-82b258101efe,completed,2023-03-06 20:43:42.066461,,
bb1894fd-d146-419c-9c0e-6cc9c2a8f4bf,completed,2023-03-06 20:43:42.066461,,
bb209349-07a9-4a12-8698-5116765a3162,completed,2023-03-06 20:43:42.066461,,
bb20f331-2ca3-4ac2-8b1c-1e28688bc71f,completed,2023-03-06 20:43:42.066461,,
bb24db1a-b1d1-445c-b2c8-98e06985179b,completed,2023-03-06 20:43:42.066461,,
bb258726-b72f-4a98-8904-b25fb742bfbb,completed,2023-03-06 20:43:42.066461,,
bb2679ad-2709-4f77-b4b6-a4a4dd49618a,completed,2023-03-06 20:43:42.066461,,
bb46e51d-deca-4ab8-a566-d4febeb7f990,completed,2023-03-06 20:43:42.066461,,
bb4a1aa1-8f41-4414-8067-c4770e479fc5,completed,2023-03-06 20:43:42.066461,,
bb515da4-8189-4778-8e19-c121253e2b77,completed,2023-03-06 20:43:42.066461,,
bb5f4fd3-6650-4b72-bb8b-796e35ed87e9,completed,2023-03-06 20:43:42.066461,,
bb6c1a2d-4bc7-4205-8343-c351f68880ab,completed,2023-03-06 20:43:42.066461,,
bb731035-a6b6-45bc-ad2b-e4a704df9318,completed,2023-03-06 20:43:42.066461,,
bb7b3840-ab56-47df-a750-5d6f00f722de,completed,2023-03-06 20:43:42.066461,,
bb81f19f-f4bc-44ff-9420-0aba15f4fb60,completed,2023-03-06 20:43:42.066461,,
bb8534a3-97d1-4d4f-9041-cb404849a7af,completed,2023-03-06 20:43:42.066461,,
bb86c6e1-f005-43e9-9b1e-5ba9db55ee3e,completed,2023-03-06 20:43:42.066461,,
bb8d96f5-e42f-49e7-bb7d-54771c49908f,completed,2023-03-06 20:43:42.066461,,
bb9318ea-a8ee-4eef-8979-ff9acd52467e,completed,2023-03-06 20:43:42.066461,,
bb944ef5-cd7c-44cf-a532-4d521d4be1ef,completed,2023-03-06 20:43:42.066461,,
bb991801-26f5-4172-bae7-4e23bd7b1720,completed,2023-03-06 20:43:42.066461,,
bb9bc666-da6f-4caf-a5e6-e56bf1e82411,completed,2023-03-06 20:43:42.066461,,
bba10426-7017-4457-85ee-c84b98a9cb2e,completed,2023-03-06 20:43:42.066461,,
bba5f6c0-2376-407f-b050-c4fd1f57d613,completed,2023-03-06 20:43:42.066461,,
bbb0f2fb-695b-4bb4-808c-be317a72a312,completed,2023-03-06 20:43:42.066461,,
bbb5dc2c-fc6b-49b9-8300-f40e6d66247c,completed,2023-03-06 20:43:42.066461,,
bbb692dc-501b-414e-b60d-b80aec3cd1a6,completed,2023-03-06 20:43:42.066461,,
bbb6ec2a-1e03-42e4-bd0a-6ed17723f1ed,completed,2023-03-06 20:43:42.066461,X,
bbb742d8-1f4e-4163-8bf2-b4528475f520,completed,2023-03-06 20:43:42.066461,,
bbb8b03a-2ce3-4516-91ce-9898c8eb105b,completed,2023-03-06 20:43:42.066461,,
bbc5dbcf-3b4b-4925-8710-887f3c4b5071,completed,2023-03-06 20:43:42.066461,X,
bbcc4c3f-020b-4aa7-8124-21454d31516d,completed,2023-03-06 20:43:42.066461,,
bbcd90dc-b00e-429d-aae5-87ef5499b84c,completed,2023-03-06 20:43:42.066461,,
bbce0ed3-0d2c-44c1-892c-0625521d9e93,completed,2023-03-06 20:43:42.066461,X,
bbd4c2fe-c414-497e-8e60-c6a311b2e27f,completed,2023-03-06 20:43:42.066461,,
bbdb26d8-42ad-44f7-b4ea-4dd9d9c9ec3b,completed,2023-03-06 20:43:42.066461,,
bbe3ef0b-c293-40dc-a9b8-57abaabf6e93,completed,2023-03-06 20:43:42.066461,X,
bbf5181d-ae62-456b-bd00-615ae1f8187e,completed,2023-03-06 20:43:42.066461,,
bbf8ab9b-09fb-4180-b631-988d63565b7d,completed,2023-03-06 20:43:42.066461,,
bbfa5562-f08f-407b-90fa-d415adce6f39,completed,2023-03-06 20:43:42.066461,,
bc042148-3d6a-4ece-b9f4-51bc01fb9c2d,completed,2023-03-06 20:43:42.066461,,
bc05bdb3-dda5-4fd3-91b2-7315a8e058c0,completed,2023-03-06 20:43:42.066461,,
bc1499c0-a74a-4525-ae89-24164b6526cd,completed,2023-03-06 20:43:42.066461,,
bc25c4ab-06ad-4393-bffd-e775265b13d2,completed,2023-03-06 20:43:42.066461,,
bc2ad946-5c8a-40ee-9bcf-a7e570588ec5,completed,2023-03-06 20:43:42.066461,,
bc356b71-6e79-41b4-913e-7c5381b714a1,completed,2023-03-06 20:43:42.066461,,
bc376003-d1a2-42cb-9b59-2a5c6af5cce2,completed,2023-03-06 20:43:42.066461,,
bc4f0c7c-40c2-4c7f-9d5d-e60366968015,completed,2023-03-06 20:43:42.066461,,
bc4fffa7-ca90-4c48-8dd2-a9646a252187,completed,2023-03-06 20:43:42.066461,,
bc585b9f-fb6e-45dd-8765-6a49b85c8a20,completed,2023-03-06 20:43:42.066461,,
bc58a717-695c-48f6-8db8-6750380bd0a8,completed,2023-03-06 20:43:42.066461,,
bc5e7c35-0c21-4f55-8d91-c624417124bf,completed,2023-03-06 20:43:42.066461,,
bc60e561-17de-42b5-9164-1b6ec41bca71,completed,2023-03-06 20:43:42.066461,,
bc65d2b1-a642-49ea-aa80-0eda33c6d3be,completed,2023-03-06 20:43:42.066461,,
bc69197b-8a4e-40fc-926f-08147685ae94,completed,2023-03-06 20:43:42.066461,,
bc6ec6a6-a297-458b-bc11-972776580f57,completed,2023-03-06 20:43:42.066461,,
bc72bf1a-1268-4211-91e4-7f6578985f90,completed,2023-03-06 20:43:42.066461,,
bc963551-9a9e-494b-8ccd-854caeeaf736,completed,2023-03-06 20:43:42.066461,,
bc9ee02d-a341-4334-b7e0-327a37a136ff,completed,2023-03-06 20:43:42.066461,,
bca4b4e9-0258-4220-a459-229e3581629a,completed,2023-03-06 20:43:42.066461,,
bca51f99-50f4-483f-87a1-1253f0d801c2,completed,2023-03-06 20:43:42.066461,,
bca5bd75-25f9-45f7-8191-435f74c37936,completed,2023-03-06 20:43:42.066461,,
bcac92b4-9fd9-40b1-bf9c-af8e25092cf5,completed,2023-03-06 20:43:42.066461,,
bcb02f81-4575-483d-a8dc-965b9628e509,completed,2023-03-06 20:43:42.066461,,
bcb2ce06-3aa7-4040-8fe4-c7e3d6ce9f0e,completed,2023-03-06 20:43:42.066461,,
bcb38d1e-51ab-416d-9e22-3b3235e95614,completed,2023-03-06 20:43:42.066461,,
bcb5563b-caff-4fad-8c52-5b7cc54173f4,completed,2023-03-06 20:43:42.066461,,
bcb5a410-cc3f-4f6a-b1a8-46beaa73b520,completed,2023-03-06 20:43:42.066461,X,
bcc53f4f-d997-48ad-ad17-aa71e8e5994e,completed,2023-03-06 20:43:42.066461,,
bcd0597a-bdfb-4742-a1f8-90ca7cb1af27,completed,2023-03-06 20:43:42.066461,,
bcdcb942-e8dd-4bc9-91e6-4e9308463e94,completed,2023-03-06 20:43:42.066461,,
bce2074b-7870-4714-b59f-4a5bc5def115,completed,2023-03-06 20:43:42.066461,,
bce2f070-9585-4452-8c87-5b1df50a23cb,completed,2023-03-06 20:43:42.066461,,
bcedfe26-14c2-40fa-b230-7161f09b851a,completed,2023-03-06 20:43:42.066461,,
bcef87c4-09bd-4895-9f7f-fbad5173023c,completed,2023-03-06 20:43:42.066461,,
bcf7279c-69dd-400f-98c5-d140c4e132ad,completed,2023-03-06 20:43:42.066461,,
bcf9db54-0438-44fc-978e-bf74553524d7,completed,2023-03-06 20:43:42.066461,,
bcfdd76d-2e73-45bf-a2b0-0abafdc69d56,completed,2023-03-06 20:43:42.066461,,
bd00dc57-eef7-49ba-8df3-09444111299d,completed,2023-03-06 20:43:42.066461,,
bd09593f-998a-4c28-a646-cab66d919749,completed,2023-03-06 20:43:42.066461,,
bd0d3dde-2738-416b-b14e-6b0c6c51e290,completed,2023-03-06 20:43:42.066461,,
bd131f49-84fe-4a25-b709-320d531ba4f1,completed,2023-03-06 20:43:42.066461,,
bd16aed9-2e3e-471c-a660-f94b0f006b5f,completed,2023-03-06 20:43:42.066461,,
bd2193ca-61fc-4f5e-ae7f-8996c8fae544,completed,2023-03-06 20:43:42.066461,,
bd399c00-68d4-4750-bbbe-4d31a38b5100,completed,2023-03-06 20:43:42.066461,,
bd3bb9b9-8f24-4be4-9b6a-40e0359de2b5,completed,2023-03-06 20:43:42.066461,,
bd405078-d99e-473b-a150-1ff5d30b3017,completed,2023-03-06 20:43:42.066461,,
bd44bf01-13c4-41ae-86d9-95de300c0676,completed,2023-03-06 20:43:42.066461,,
bd4f7341-aa5e-4f49-b448-cc13b39e7131,completed,2023-03-06 20:43:42.066461,,
bd53ba5c-d2e3-45c3-8685-77fe98697f2c,completed,2023-03-06 20:43:42.066461,,
bd57775b-8020-4c3e-9b63-21e4ba6be7c1,completed,2023-03-06 20:43:42.066461,,
bd58011d-fcce-4835-ac7a-422855fa1516,completed,2023-03-06 20:43:42.066461,,
bd588e86-6e68-4d2f-bb2d-fff0f18f99c5,completed,2023-03-06 20:43:42.066461,,
bd599e9c-3de7-46e2-b135-6c25b4cdf30c,completed,2023-03-06 20:43:42.066461,,
bd5f525a-510d-42b7-962b-317062964ae8,completed,2023-03-06 20:43:42.066461,,
bd65dc5a-3786-4e74-ae5d-47c312e9839c,completed,2023-03-06 20:43:42.066461,,
bd68c57d-89cf-40ee-840f-3736a9ab40d2,completed,2023-03-06 20:43:42.066461,,
bd68e0ee-532d-4f5a-ad8c-91bc1d2d9469,completed,2023-03-06 20:43:42.066461,,
bd69314c-9c87-4ab0-8cd0-a4737c74f77e,completed,2023-03-06 20:43:42.066461,,
bd6b74db-5377-4f42-99ce-086c9685d9a8,completed,2023-03-06 20:43:42.066461,,
bd6cfdb2-04f8-427b-ae99-6c7b413fa7b9,completed,2023-03-06 20:43:42.066461,,
bd6dfdf0-d84c-4b9a-9786-985c8df87427,completed,2023-03-06 20:43:42.066461,,
bd719382-e25f-4d14-a618-23f6ea41961e,completed,2023-03-06 20:43:42.066461,,
bd8139e7-a1f2-4c82-ac8c-8f85b67779a4,completed,2023-03-06 20:43:42.066461,,
bd895518-ec63-4f68-a488-92ee1c98a724,completed,2023-03-06 20:43:42.066461,,
bd8ac095-87d7-43b6-8077-dd39c8ce5e23,completed,2023-03-06 20:43:42.066461,,
bd8e6a97-e912-4f3b-9ae1-52e94aaaca2e,completed,2023-03-06 20:43:42.066461,,
bd9408e1-1997-4315-a6c4-130756cfd87f,completed,2023-03-06 20:43:42.066461,,
bdac839a-6f49-41af-aac1-b4841a73c718,completed,2023-03-06 20:43:42.066461,,
bdad08e4-e45a-40b9-ac3f-b291161a21ec,completed,2023-03-06 20:43:42.066461,,
bdbe8a42-83ba-48e0-ab32-ed33e0fb4de0,completed,2023-03-06 20:43:42.066461,,
bdc01114-11f8-4a2b-9c70-c5f803c7158c,completed,2023-03-06 20:43:42.066461,,
bdc39d81-c4af-480e-bd85-a2ce89180a0f,completed,2023-03-06 20:43:42.066461,,
bdc72973-09cd-41d0-b2d0-40e2c904fdfe,completed,2023-03-06 20:43:42.066461,,
bddb44cd-1a03-467f-b12f-cb62a789561b,completed,2023-03-06 20:43:42.066461,,
bde67571-9031-4855-b631-624f14d4392c,completed,2023-03-06 20:43:42.066461,,
bde77edc-53a1-4f5e-81be-2c342556e6b2,completed,2023-03-06 20:43:42.066461,,
bdefe228-a78e-4173-80d1-9e9508c1b471,completed,2023-03-06 20:43:42.066461,,
bdf64006-6100-4eaf-ad85-7acb7aea3164,completed,2023-03-06 20:43:42.066461,,
bdf71903-c508-4a57-89eb-59d7d835ce42,completed,2023-03-06 20:43:42.066461,,
bdf837ab-73d0-458d-9dca-0480bba58dc6,completed,2023-03-06 20:43:42.066461,,
bdfaddc6-ecd0-4642-9638-6823fb4fc212,completed,2023-03-06 20:43:42.066461,,
bdfdf76b-4537-4f28-a570-eeabb3af74b4,completed,2023-03-06 20:43:42.066461,,
be0dbe3f-9e89-4a93-8c5d-ddbb4cc77e97,completed,2023-03-06 20:43:42.066461,,
be0e1599-b1b0-40c3-bd87-f48b884c4661,completed,2023-03-06 20:43:42.066461,,
be14deda-086b-489b-84cb-e4017ab1d6a7,completed,2023-03-06 20:43:42.066461,,
be1c59e5-3836-4b91-a06e-4c2b5f25ffe1,completed,2023-03-06 20:43:42.066461,,
be24375a-cc6c-4efa-9ba1-e06f68aa70cc,completed,2023-03-06 20:43:42.066461,,
be272eb4-6402-4c92-b0e5-8bd6a6d48a6e,completed,2023-03-06 20:43:42.066461,,
be2a9e8a-9871-458d-a263-1840d8c137f3,completed,2023-03-06 20:43:42.066461,,
be2d1717-6268-4735-835f-07741f114406,completed,2023-03-06 20:43:42.066461,,
be30b3ee-048c-4f47-8934-ac7fa53646b2,completed,2023-03-06 20:43:42.066461,,
be33ec91-70d7-4d5f-a093-b5809b457d08,completed,2023-03-06 20:43:42.066461,,
be3d156d-2ea5-4048-b32c-1dd4f2b747a4,completed,2023-03-06 20:43:42.066461,,
be49676c-6474-405b-b521-5434059be049,completed,2023-03-06 20:43:42.066461,,
be4d9647-dbb8-43a3-b58f-aa6857390515,completed,2023-03-06 20:43:42.066461,,
be4e309b-8854-4d19-be86-2ed6b3c84619,completed,2023-03-06 20:43:42.066461,,
be58b561-54a2-4a54-9c0a-06c5ed985600,completed,2023-03-06 20:43:42.066461,,
be6580b4-5792-4273-9887-7afdab69eb49,completed,2023-03-06 20:43:42.066461,,
be661d3a-a8d2-4e9b-9efa-389b3f04c04d,completed,2023-03-06 20:43:42.066461,,
be6e6656-32b5-45f4-8296-84e0f3c9edf7,completed,2023-03-06 20:43:42.066461,,
be7c062b-8751-4b8b-ba8a-224865587300,completed,2023-03-06 20:43:42.066461,,
be7c15d9-5d5f-4b14-88c7-40dca9d049a1,completed,2023-03-06 20:43:42.066461,,
be80e8d6-a42c-4ccd-a46e-ae71d7cfdc0a,completed,2023-03-06 20:43:42.066461,,
be8638fb-8f92-4628-a151-787f2700353b,completed,2023-03-06 20:43:42.066461,,
be8a4fe1-e5dc-46fe-acca-4ad59fafa94d,completed,2023-03-06 20:43:42.066461,,
be934059-98f5-4153-bd9a-2d87c6fcb4f6,completed,2023-03-06 20:43:42.066461,,
be9391cc-6add-4bd3-9a7f-6c5304f318ed,completed,2023-03-06 20:43:42.066461,,
be9d576e-7706-42fe-92a5-816534595f66,completed,2023-03-06 20:43:42.066461,,
bea7296d-6294-4d05-b34f-433e369f0739,completed,2023-03-06 20:43:42.066461,,
beb5bc02-7916-4fc4-bc3d-87de440f7c91,completed,2023-03-06 20:43:42.066461,,
bebfb1cd-c937-4c8a-9d06-972d31c902cf,completed,2023-03-06 20:43:42.066461,,
bec1490c-dec2-48e0-ace9-160dbdd62188,completed,2023-03-06 20:43:42.066461,,
bec28a9f-c314-4004-8141-da2c84ffef89,completed,2023-03-06 20:43:42.066461,,
bec3b2bd-ebb1-43bd-87cb-608091b22cb9,completed,2023-03-06 20:43:42.066461,,
bec7ddfa-ecd0-4b15-be50-74c96581de85,completed,2023-03-06 20:43:42.066461,,
bec94597-2ec0-465b-8313-e10869b0c86a,completed,2023-03-06 20:43:42.066461,,
becc0c33-88fb-4285-9528-08bd535a8f30,completed,2023-03-06 20:43:42.066461,,
bed05512-6940-42ed-8e78-3982aa549aad,completed,2023-03-06 20:43:42.066461,,
bed0771a-5329-49d9-b027-0fa7d92227d0,completed,2023-03-06 20:43:42.066461,,
bed3a8e6-3676-40d2-a808-81eb0a57e20a,completed,2023-03-06 20:43:42.066461,,
bed4869b-edae-4d78-bb1a-eb396b8e1688,completed,2023-03-06 20:43:42.066461,X,
bedc9b0d-fc24-4148-9d2c-4e3f49d574db,completed,2023-03-06 20:43:42.066461,,
bedd621f-58fa-4f3c-9e4d-24a78b6c2aa6,completed,2023-03-06 20:43:42.066461,,
bede1cf4-033e-4e50-b7d7-e877f5d9a380,completed,2023-03-06 20:43:42.066461,,
beec1d86-a8f7-44f0-9507-c90b34184996,completed,2023-03-06 20:43:42.066461,,
beee6db7-faa3-41e0-8c31-a9221ca5c4b1,completed,2023-03-06 20:43:42.066461,,
befd37d2-8717-49a1-9a15-53cc76350c4f,completed,2023-03-06 20:43:42.066461,X,
bf05fc8f-df9f-4afb-8905-8cc644a1cbd8,completed,2023-03-06 20:43:42.066461,,
bf07f1fa-c62c-418d-b5e6-d818d05db758,completed,2023-03-06 20:43:42.066461,,
bf10bf2e-19f5-42c4-b08c-7ab8e57bb19f,completed,2023-03-06 20:43:42.066461,,
bf200112-e2df-4f13-b969-e948cc1167b5,completed,2023-03-06 20:43:42.066461,,
bf2a774e-f161-41fe-895e-b2f2a8f2f44a,completed,2023-03-06 20:43:42.066461,,
bf2fe6ac-4e0b-48e6-8936-766c6bbf7208,completed,2023-03-06 20:43:42.066461,,
bf3c09d1-f138-4d4f-a488-256967b31690,completed,2023-03-06 20:43:42.066461,,
bf42201a-6054-4f62-807a-6ca9f14f6a2d,completed,2023-03-06 20:43:42.066461,,
bf4320dd-a5c6-4e17-9297-6e2c46426f77,completed,2023-03-06 20:43:42.066461,,
bf48d8af-6ad6-4c07-b524-44dd485b8a0b,completed,2023-03-06 20:43:42.066461,,
bf4e8a77-21ce-40c5-95a4-6088dd712e00,completed,2023-03-06 20:43:42.066461,,
bf688201-e8f7-4374-a2ce-94116709569d,completed,2023-03-06 20:43:42.066461,,
bf699d69-6d8f-425d-8160-a1d016433530,completed,2023-03-06 20:43:42.066461,,
bf71e0bf-fd39-469b-b2b7-5001dbabf8b9,completed,2023-03-06 20:43:42.066461,,
bf763b59-1c13-4056-aa3b-061df6e2209c,completed,2023-03-06 20:43:42.066461,,
bf765275-cf22-4cca-ab07-b5cf1e4c63eb,completed,2023-03-06 20:43:42.066461,,
bf84a202-5bdb-4c6a-afb4-b8f2d9662614,completed,2023-03-06 20:43:42.066461,,
bf855933-1bf5-4865-ad42-65cb15149ff8,completed,2023-03-06 20:43:42.066461,,
bf8cc739-da2c-4836-8043-13fbf706c68b,completed,2023-03-06 20:43:42.066461,,
bf8d647f-28d4-4b3d-92d9-93c83812b2f7,completed,2023-03-06 20:43:42.066461,,
bf905358-3ecc-46b3-b570-c36b77e1a621,completed,2023-03-06 20:43:42.066461,,
bf9a93f5-74d5-40f6-8d02-f9673b2bbd9d,completed,2023-03-06 20:43:42.066461,,
bfaeb225-0ab0-4e64-8975-1262c1158bcb,completed,2023-03-06 20:43:42.066461,,
bfb5e353-0592-40aa-93af-202a03e631c4,completed,2023-03-06 20:43:42.066461,,
bfbf43e7-21ab-4307-94a1-3d74533b7e34,completed,2023-03-06 20:43:42.066461,,
bfc0b826-1587-49e1-b180-45124d703e2b,completed,2023-03-06 20:43:42.066461,,
bfc184d1-3913-4907-b782-336f3a3ea712,completed,2023-03-06 20:43:42.066461,,
bfc7ac2f-2c42-4084-a8e0-98aef0142a05,completed,2023-03-06 20:43:42.066461,,
bfcd7e82-4a8a-48f9-93f0-1cc35f38ea54,completed,2023-03-06 20:43:42.066461,,
bfd30192-8360-44b3-98f8-acc1cc962914,completed,2023-03-06 20:43:42.066461,,
bfd81e65-374a-48c0-8569-4fc374671ae9,completed,2023-03-06 20:43:42.066461,,
bfded9a7-1c1a-4728-ac42-02e00baf1bc8,completed,2023-03-06 20:43:42.066461,,
bfe54dac-c715-4c60-bab8-62740ca88c10,completed,2023-03-06 20:43:42.066461,,
bfeb864f-f8db-4208-b9c5-d2883b4f159b,completed,2023-03-06 20:43:42.066461,,
bfeedf65-c84c-4cd5-90f2-c41620ed1410,completed,2023-03-06 20:43:42.066461,,
bff08e0e-9977-4e02-9dcc-34e8140abaea,completed,2023-03-06 20:43:42.066461,,
bffb115d-4ada-4c2f-8946-70d1a40e027b,completed,2023-03-06 20:43:42.066461,,
c0092dae-5437-4ab9-a298-72fb865e4b35,completed,2023-03-06 20:43:42.066461,,
c017392b-5cdf-4982-b7c1-b08ea285e6e2,completed,2023-03-06 20:43:42.066461,,
c017e95f-174e-4195-9a13-92d12e1fff72,completed,2023-03-06 20:43:42.066461,,
c017fb58-09d9-44f1-8de3-9fb134b026b3,completed,2023-03-06 20:43:42.066461,,
c01b4f6f-9cad-46af-921b-2ec5802d5839,completed,2023-03-06 20:43:42.066461,,
c024d9e5-c378-4cea-914e-2008ee695e12,completed,2023-03-06 20:43:42.066461,,
c02547e1-a59a-4ab8-b91d-158d2e498e9b,completed,2023-03-06 20:43:42.066461,,
c025b5cc-fc39-4596-af46-ca5153a538d3,completed,2023-03-06 20:43:42.066461,,
c02ae2a6-6d69-4974-9e36-fcd821196722,completed,2023-03-06 20:43:42.066461,,
c02f3623-31c0-4fce-91f1-7b3f5b5a03ae,completed,2023-03-06 20:43:42.066461,,
c0306f0c-4845-45a3-a4f8-37a44a342107,completed,2023-03-06 20:43:42.066461,,
c030d86e-52fb-49e2-810f-93b2a958a5df,completed,2023-03-06 20:43:42.066461,,
c036dfc5-0ead-4732-ab74-a8ec624f8aad,completed,2023-03-06 20:43:42.066461,,
c042c942-53d0-44ba-9432-ab4884621e66,completed,2023-03-06 20:43:42.066461,,
c0457831-1a4c-4591-a81e-bdba239f8bd2,completed,2023-03-06 20:43:42.066461,,
c0475337-0136-4ec7-ad8f-211a5f8f0d26,completed,2023-03-06 20:43:42.066461,,
c047aa65-5476-4efe-8d28-3a8d1c615743,completed,2023-03-06 20:43:42.066461,,
c057f823-7c91-4ec8-83ad-9ea5dc6042fa,completed,2023-03-06 20:43:42.066461,,
c05d3f58-a713-4822-bb46-021ba8c52de3,completed,2023-03-06 20:43:42.066461,,
c06588ec-4616-448f-a581-63a8cdfc2cdd,completed,2023-03-06 20:43:42.066461,,
c068c70e-6211-49ab-8a7a-ae57b8f074d2,completed,2023-03-06 20:43:42.066461,,
c071e339-4e77-4ece-9780-ac5e552eba09,completed,2023-03-06 20:43:42.066461,,
c073d084-ada5-4791-9beb-e75d006f0c10,completed,2023-03-06 20:43:42.066461,,
c075bfdc-f49d-4cca-9cad-66d6cf962bad,completed,2023-03-06 20:43:42.066461,,
c07ac253-9f73-4d89-9df5-1a0dc5a33422,completed,2023-03-06 20:43:42.066461,,
c092f49e-d64e-4ac9-bc03-bbdf002ed2e7,completed,2023-03-06 20:43:42.066461,,
c09328fa-dcc2-4981-823f-3984465c87bd,completed,2023-03-06 20:43:42.066461,,
c09e5002-1339-4c88-81ff-489a541e048c,completed,2023-03-06 20:43:42.066461,,
c0a2d7a6-21c3-41dd-80a2-20a6f71e4b6b,completed,2023-03-06 20:43:42.066461,,
c0a4e485-6939-48dc-8785-cc2fae85c716,completed,2023-03-06 20:43:42.066461,,
c0ab04b7-e41e-4924-9283-909dc2edabf2,completed,2023-03-06 20:43:42.066461,,
c0ac4fa8-34d5-48f4-9a0f-f2312663a98e,completed,2023-03-06 20:43:42.066461,,
c0b317d3-8424-4c49-9764-7fe94e6255ad,completed,2023-03-06 20:43:42.066461,,
c0c33d37-51b4-46ab-a0d5-43e80f5ee275,completed,2023-03-06 20:43:42.066461,,
c0caea24-c24f-4945-a8d2-2b3d3cdf795f,completed,2023-03-06 20:43:42.066461,,
c0db11a6-a8ab-4342-9a1b-a123c7e5fa8e,completed,2023-03-06 20:43:42.066461,,
c0e467a9-7eaa-4d21-ae44-19e3a399e6b1,completed,2023-03-06 20:43:42.066461,,
c0e76446-8941-43cf-b3e3-89c4f4448c4d,completed,2023-03-06 20:43:42.066461,,
c0e9437f-1f8e-4a96-a8c1-487595d606d2,completed,2023-03-06 20:43:42.066461,,
c0ef0657-0987-40a9-aadc-66ca431a18c0,completed,2023-03-06 20:43:42.066461,,
c0f191e8-89d9-4877-8039-5765668759cb,completed,2023-03-06 20:43:42.066461,,
c0f5a9de-6bf3-4af9-bc60-e2b620847922,completed,2023-03-06 20:43:42.066461,,
c0f5e4e4-e06d-42b0-947f-19ecc68139ab,completed,2023-03-06 20:43:42.066461,,
c0f9190e-44db-4557-bb7b-21837af12068,completed,2023-03-06 20:43:42.066461,,
c101ac7e-4bf7-405d-b427-7901a8e8c8cb,completed,2023-03-06 20:43:42.066461,,
c102e5fd-1943-4337-8cc8-855570a33d33,completed,2023-03-06 20:43:42.066461,,
c1031ae8-ed19-4df5-acca-4140a72a4317,completed,2023-03-06 20:43:42.066461,,
c1062c5a-ac90-42f5-8555-9287ea283f74,completed,2023-03-06 20:43:42.066461,,
c11a4e4b-ec00-46ad-9b44-a90746680e81,completed,2023-03-06 20:43:42.066461,,
c11de258-3808-47c3-a280-0097a768ded7,completed,2023-03-06 20:43:42.066461,,
c122591c-16c9-4796-926a-a83cc1bd437f,completed,2023-03-06 20:43:42.066461,,
c1276d53-6bcd-497c-b878-204d89e35889,completed,2023-03-06 20:43:42.066461,,
c1291db2-75dc-4224-b308-20f1c420f213,completed,2023-03-06 20:43:42.066461,,
c12e5a63-1631-4917-96f6-e62f943d0bcf,completed,2023-03-06 20:43:42.066461,,
c1328f8e-01eb-40c4-8586-6d7ed136e688,completed,2023-03-06 20:43:42.066461,,
c13bc452-8c1c-4db3-aaf7-142ce3ed4f0f,completed,2023-03-06 20:43:42.066461,,
c142a4c6-6349-448a-a9b5-29aa5178599d,completed,2023-03-06 20:43:42.066461,,
c14422b6-b843-4154-ab52-12d093c25ba7,completed,2023-03-06 20:43:42.066461,,
c14bbcb8-46bd-4e86-8677-503bc56b5ab1,completed,2023-03-06 20:43:42.066461,,
c14c5520-f8c5-4022-bb2f-3db80511165f,completed,2023-03-06 20:43:42.066461,,
c15201fe-5fdd-4f57-9403-d4ca76476e91,completed,2023-03-06 20:43:42.066461,,
c1553229-e049-465c-aa5b-4a0aa40711c6,completed,2023-03-06 20:43:42.066461,,
c1562f2c-2143-4d04-ba5f-899f1ff49514,completed,2023-03-06 20:43:42.066461,,
c1691cc3-7d0b-4e17-b224-d18bd106ae0d,completed,2023-03-06 20:43:42.066461,,
c173d354-1bb9-4c48-8ecc-88d70db1be64,completed,2023-03-06 20:43:42.066461,,
c17cb626-8230-4f11-afe1-c078c2c464d5,completed,2023-03-06 20:43:42.066461,,
c17cff00-38e1-42c5-9f31-f4571f0398ca,completed,2023-03-06 20:43:42.066461,,
c17e7232-89d1-47cb-a569-cf0c22406952,completed,2023-03-06 20:43:42.066461,,
c17e8e35-efdb-43e8-a7a3-535289476893,completed,2023-03-06 20:43:42.066461,,
c17f8353-e71f-4b00-94df-aa0114c80af1,completed,2023-03-06 20:43:42.066461,,
c1815b47-86e5-4e35-b481-88b02cc72709,completed,2023-03-06 20:43:42.066461,,
c1932948-3d1f-4217-bcb2-27baa02784d7,completed,2023-03-06 20:43:42.066461,,
c1938f63-194d-4abd-b74f-42c67dad9098,completed,2023-03-06 20:43:42.066461,,
c1959c4e-f996-485a-8553-98306eac5685,completed,2023-03-06 20:43:42.066461,,
c19b553d-cc51-41af-b010-2cb2e42af02d,completed,2023-03-06 20:43:42.066461,,
c1bbb9cf-bb28-4850-b38f-59345e8ddb8f,completed,2023-03-06 20:43:42.066461,,
c1bfeeda-994a-4538-bd07-e339d6f42285,completed,2023-03-06 20:43:42.066461,,
c1c01cad-1762-4184-940c-923c383d84c5,completed,2023-03-06 20:43:42.066461,,
c1ca7a6e-467f-4315-bfe1-2392c25919f0,completed,2023-03-06 20:43:42.066461,,
c1cd526d-82ed-482c-91f7-c9c35e9342b3,completed,2023-03-06 20:43:42.066461,,
c1cf7c11-ec2a-425a-8e10-77e6f76d34d2,completed,2023-03-06 20:43:42.066461,,
c1d6b966-30dc-454c-8ea6-59738523045d,completed,2023-03-06 20:43:42.066461,,
c1db008e-9d5b-471b-bc30-7dfa5b3dd60f,completed,2023-03-06 20:43:42.066461,,
c1dd15a8-63a7-4e9d-8bb4-0994fbcc5c3d,completed,2023-03-06 20:43:42.066461,,
c1e1053d-7997-4e01-ba22-1d6862dab5dc,completed,2023-03-06 20:43:42.066461,,
c1e7f18d-b80e-4302-8238-d59b97fc5ab6,completed,2023-03-06 20:43:42.066461,,
c1e9a32a-55d1-4352-805f-ef7d71c33824,completed,2023-03-06 20:43:42.066461,,
c1eb8b7f-5152-483c-b2b9-f1e2924e78ed,completed,2023-03-06 20:43:42.066461,,
c1eff137-78da-4f5c-a8b8-f71fdf8a185d,completed,2023-03-06 20:43:42.066461,,
c1f07ee8-9fa4-4474-b581-1d47203dfe4f,completed,2023-03-06 20:43:42.066461,,
c2103d1d-d943-4af8-baf4-5f817ce21958,completed,2023-03-06 20:43:42.066461,,
c2133c3b-ea61-455c-b06c-223feac91578,completed,2023-03-06 20:43:42.066461,,
c22bb79d-77b8-427e-9d2f-befb46a2b5da,completed,2023-03-06 20:43:42.066461,,
c22e440c-0c53-4a75-b912-104fef6bbe32,completed,2023-03-06 20:43:42.066461,,
c239f42b-a9ca-4b23-9ce0-58b342c09555,completed,2023-03-06 20:43:42.066461,,
c23f3160-7e36-4a39-b01c-edb7478880f0,completed,2023-03-06 20:43:42.066461,,
c241d6d4-4d22-4ba5-a4b6-76e907023179,completed,2023-03-06 20:43:42.066461,,
c243f511-1d62-4343-a669-1a55b5b170af,completed,2023-03-06 20:43:42.066461,,
c250a77c-fd1b-4c65-96a9-3703cc901328,completed,2023-03-06 20:43:42.066461,,
c2544b27-6a67-439f-89da-d589887c4877,completed,2023-03-06 20:43:42.066461,,
c266298e-b418-4887-96fc-1e1fe1cd5800,completed,2023-03-06 20:43:42.066461,,
c271487c-6d39-4e62-80c0-9d75143d27a7,completed,2023-03-06 20:43:42.066461,,
c273f9df-35e7-4c9c-8eb7-4cb2ae5cfdf9,completed,2023-03-06 20:43:42.066461,,
c27c5717-bd7c-46a5-8a72-a2f617b1e255,completed,2023-03-06 20:43:42.066461,,
c2861d4c-1efe-4a9d-a603-ddcbd7e945f7,completed,2023-03-06 20:43:42.066461,,
c28d80c6-b417-41fa-95cd-4fcc6d81cc33,completed,2023-03-06 20:43:42.066461,,
c292ce6c-21de-4ccf-b351-f94c2a9d254d,completed,2023-03-06 20:43:42.066461,,
c294d069-66a3-48a4-af74-8c3a0c087451,completed,2023-03-06 20:43:42.066461,,
c29f99ec-8138-4892-b0db-6e790a8e01ba,completed,2023-03-06 20:43:42.066461,,
c2a1f179-e7e7-41cd-a33b-683b9eedd8e8,completed,2023-03-06 20:43:42.066461,,
c2a49c68-af50-4e66-a49c-bb443d25a468,completed,2023-03-06 20:43:42.066461,,
c2aa2a1d-279d-43ac-8bda-14a2338b42aa,completed,2023-03-06 20:43:42.066461,,
c2ad6590-38a1-434a-92ff-45bb95af2170,completed,2023-03-06 20:43:42.066461,,
c2b0f6ee-936f-450a-8863-b307712c8053,completed,2023-03-06 20:43:42.066461,,
c2b2fb1c-ac23-4966-8b89-76752b45f251,completed,2023-03-06 20:43:42.066461,,
c2b6bac0-f1d3-401f-b898-9b39f5c56b5b,completed,2023-03-06 20:43:42.066461,,
c2b6ebb8-8b7e-4494-a894-23860ef768a4,completed,2023-03-06 20:43:42.066461,,
c2b990fa-db39-4128-9654-f1ee0b5a374e,completed,2023-03-06 20:43:42.066461,,
c2baffae-227c-45fb-be23-5a84020bf2a6,completed,2023-03-06 20:43:42.066461,,
c2d18e1e-9495-4665-a05c-1c331aa74ce3,completed,2023-03-06 20:43:42.066461,,
c2d8104f-f33f-47d5-88a7-edfc30e02b8f,completed,2023-03-06 20:43:42.066461,,
c2db705c-28e8-4d7b-9876-baf80ff9c4af,completed,2023-03-06 20:43:42.066461,,
c2ddaa42-0381-452f-9363-e800803b214f,completed,2023-03-06 20:43:42.066461,,
c2e02d72-2728-426d-aa2a-801a7574acb9,completed,2023-03-06 20:43:42.066461,,
c2e66c97-8f61-4b93-9132-777721821ec8,completed,2023-03-06 20:43:42.066461,,
c2ead12f-df7a-4de7-9be1-54c246da7322,completed,2023-03-06 20:43:42.066461,,
c2f36893-e84c-4771-8b23-07f3719af59e,completed,2023-03-06 20:43:42.066461,,
c2fa48e1-6f2b-4663-be9e-e9b28ec457e7,completed,2023-03-06 20:43:42.066461,,
c2ffd36b-6017-4a1b-9e80-534d270db14c,completed,2023-03-06 20:43:42.066461,,
c3130c49-aa22-40c5-9f50-a1978c402389,completed,2023-03-06 20:43:42.066461,,
c3169805-5214-48f1-9618-3811fb242ef0,completed,2023-03-06 20:43:42.066461,,
c31ce63b-cd41-4e48-b221-9065f388b3d0,completed,2023-03-06 20:43:42.066461,,
c323aef3-e200-45bf-8949-9fe2fa0c6e97,completed,2023-03-06 20:43:42.066461,,
c325d917-faaa-4b4f-917d-bc687cb28ae2,completed,2023-03-06 20:43:42.066461,,
c3359263-31d2-4293-b4a5-c978175c66d4,completed,2023-03-06 20:43:42.066461,,
c33dc5e8-da96-4248-97f3-0a3cecc3666a,completed,2023-03-06 20:43:42.066461,,
c33e7db8-6615-4828-aa03-6a904beaf1f5,completed,2023-03-06 20:43:42.066461,,
c3432a2b-c5f2-4bc0-97eb-46fe2af236ca,completed,2023-03-06 20:43:42.066461,,
c34a866a-b38b-4e8c-94e1-f0a4734ca1be,completed,2023-03-06 20:43:42.066461,,
c34d3118-f77b-4230-a8cd-78392b461f22,completed,2023-03-06 20:43:42.066461,,
c35576ec-7170-4b0e-93c3-a2ff467c3a7b,completed,2023-03-06 20:43:42.066461,,
c355be42-dce9-4343-abba-c10a883bdf76,completed,2023-03-06 20:43:42.066461,,
c35937fd-a38e-40fa-8fc9-84fdce7cb0df,completed,2023-03-06 20:43:42.066461,,
c36191d3-2bec-4f36-bbf6-a5fbb4cb81a1,completed,2023-03-06 20:43:42.066461,,
c3640c91-b2fa-4aec-b315-b5cb95bf68a6,completed,2023-03-06 20:43:42.066461,,
c369ede3-6065-421c-bfa9-fb675c5b9d80,completed,2023-03-06 20:43:42.066461,,
c36fa7cc-b9e5-4a85-9a9d-f493da6c9c0b,completed,2023-03-06 20:43:42.066461,,
c3725d35-5556-41a0-ba76-1774a4ae8beb,completed,2023-03-06 20:43:42.066461,,
c376c752-f9a1-4f9f-88d9-05051ab428d0,completed,2023-03-06 20:43:42.066461,,
c3797757-b019-424e-93f7-fa696bfea952,completed,2023-03-06 20:43:42.066461,,
c37ac14b-b381-4455-8e9b-a65bd492790f,completed,2023-03-06 20:43:42.066461,,
c37bea6b-83c3-4d3e-a938-1da413615f91,completed,2023-03-06 20:43:42.066461,,X
c37e1432-f221-4cf7-98b4-c5cb95510c5e,completed,2023-03-06 20:43:42.066461,,
c37f3d1e-2e6e-4f8b-9ea6-065f415c6f99,completed,2023-03-06 20:43:42.066461,,
c3859982-5416-4565-94ac-72d53232a0dd,completed,2023-03-06 20:43:42.066461,,
c3872ed5-21ca-47f5-9898-49709359b0a6,completed,2023-03-06 20:43:42.066461,,
c3899dfe-84b0-460a-aa75-0f03c87d4940,completed,2023-03-06 20:43:42.066461,,
c38a734b-135a-4ee5-b2d9-4effddf01a24,completed,2023-03-06 20:43:42.066461,,
c3909b77-2c15-4050-84a3-02fcbd64dbb9,completed,2023-03-06 20:43:42.066461,,
c396bd46-dcaf-45d6-97b4-f9674c505767,completed,2023-03-06 20:43:42.066461,,
c3a25b35-44b6-4b21-8dcf-b51e9f68e48a,completed,2023-03-06 20:43:42.066461,,
c3a82f3c-4c83-4b71-b52e-2607f027eb2c,completed,2023-03-06 20:43:42.066461,,
c3a8e709-caca-4e3b-b710-f46a6fda9924,completed,2023-03-06 20:43:42.066461,,
c3abed99-e388-4c9b-86d4-a72cca7994d7,completed,2023-03-06 20:43:42.066461,,
c3ae52e9-22a7-47a9-a1f7-8d9c61363531,completed,2023-03-06 20:43:42.066461,,
c3b449e7-3132-43a9-ae9d-2c5f6e673216,completed,2023-03-06 20:43:42.066461,,
c3bd7bda-1784-4d73-a8fd-c00fa8554fee,completed,2023-03-06 20:43:42.066461,,
c3bf862b-1708-41c9-b8bd-422970f5764e,completed,2023-03-06 20:43:42.066461,,
c3cb0422-3e62-4260-8a02-460f8286845d,completed,2023-03-06 20:43:42.066461,,
c3cf9b79-0e9e-4a6c-926e-0d2741a78ed1,completed,2023-03-06 20:43:42.066461,,
c3d03452-fddf-4397-841d-17ab825742e3,completed,2023-03-06 20:43:42.066461,,
c3d71a1e-96b6-490a-ad54-a2f0cf26e087,completed,2023-03-06 20:43:42.066461,,
c3d83aa1-b21d-4726-95a8-82cc91913c4c,completed,2023-03-06 20:43:42.066461,,
c3d92acc-e75d-4506-84a8-5894daa710b3,completed,2023-03-06 20:43:42.066461,,
c3dba4c0-c426-46c6-aafd-16a01356b962,completed,2023-03-06 20:43:42.066461,,
c3de10d0-59fe-454e-ad09-893643752263,completed,2023-03-06 20:43:42.066461,,
c3e0a8a3-92bc-480f-b8c8-41c09ed06686,completed,2023-03-06 20:43:42.066461,,
c3e162a0-6076-4b8e-ab7d-96afdec46317,completed,2023-03-06 20:43:42.066461,,
c3e97d43-9b6f-4363-ad86-a909bf722abd,completed,2023-03-06 20:43:42.066461,,
c3eae65b-7f63-4405-8128-ce96d98f7fb9,completed,2023-03-06 20:43:42.066461,,
c3ed7596-0116-4c8c-8340-8493b6e89a90,completed,2023-03-06 20:43:42.066461,,
c3f7461d-292e-4187-8ed5-794401bb6c34,completed,2023-03-06 20:43:42.066461,,
c3f7d31d-2029-4287-a276-19c1d9b0c543,completed,2023-03-06 20:43:42.066461,X,
c3f8ff81-eebc-4949-9ff7-aa510ed96a91,completed,2023-03-06 20:43:42.066461,,
c3fb53d7-0426-49f0-81cb-9c423836f2c0,completed,2023-03-06 20:43:42.066461,,
c40d2314-80f8-4a46-9783-fbfdd45d7718,completed,2023-03-06 20:43:42.066461,,
c40ffc6c-9c35-4d5d-9eff-c9e7c71b96f3,completed,2023-03-06 20:43:42.066461,,
c413511a-36de-4c30-acad-77045c4e604d,completed,2023-03-06 20:43:42.066461,,
c413f99b-f9ec-4a48-b461-24f605a36bd7,completed,2023-03-06 20:43:42.066461,,
c4159513-9f7c-4154-949b-2bea56c040b9,completed,2023-03-06 20:43:42.066461,,
c417173c-0be1-4a29-ac3b-8a50b9820874,completed,2023-03-06 20:43:42.066461,,
c422a89f-6b14-4865-b904-e896c21258bb,completed,2023-03-06 20:43:42.066461,,
c42c5414-9b95-42c5-a3fb-b55a2e62d6c6,completed,2023-03-06 20:43:42.066461,,
c43b65ee-b58a-4bde-8b57-bf9822e6f56b,completed,2023-03-06 20:43:42.066461,X,
c43b91b7-5396-46b8-9735-6aae3958f017,completed,2023-03-06 20:43:42.066461,,
c4475905-c54e-4fc6-bcb2-23c99b8ca5bb,completed,2023-03-06 20:43:42.066461,,
c4483ebd-0e29-41cc-845a-d21eef54fad2,completed,2023-03-06 20:43:42.066461,,
c44e0ed1-b752-49d3-8a91-6db1d1cb8536,completed,2023-03-06 20:43:42.066461,,
c44e5096-0df1-460f-9600-29496460d5fe,completed,2023-03-06 20:43:42.066461,,
c44e7f31-58b6-4e99-9ca3-0533c68abe50,completed,2023-03-06 20:43:42.066461,,
c450c051-7dbb-4bab-95b4-6f5a0dd0143a,completed,2023-03-06 20:43:42.066461,,
c474c2a7-b978-4764-80ae-64ddcc93990f,completed,2023-03-06 20:43:42.066461,,
c47ba185-360a-4656-bfa1-37c71fb80ccd,completed,2023-03-06 20:43:42.066461,,
c48029be-51ce-4302-8be8-77bca2bea492,completed,2023-03-06 20:43:42.066461,,
c48529bd-1177-4208-8772-87cd09aa4692,completed,2023-03-06 20:43:42.066461,,
c485cf8b-7d15-42a6-9627-2d4539bcdb28,completed,2023-03-06 20:43:42.066461,,
c4975f1e-a181-417d-ac3f-8efda5dfc432,completed,2023-03-06 20:43:42.066461,,
c4a024e7-630e-41d4-8246-c8624c8ce5c1,completed,2023-03-06 20:43:42.066461,,
c4a1f980-8631-46b3-be1b-64b893d6f7d4,completed,2023-03-06 20:43:42.066461,,
c4a47aa8-a533-4f1f-82e6-f1373e6968db,completed,2023-03-06 20:43:42.066461,,
c4ae3eed-6d4e-4044-a8e5-8ac2ab40db76,completed,2023-03-06 20:43:42.066461,,
c4b92de8-0492-420d-9b4f-78eebe6f7622,completed,2023-03-06 20:43:42.066461,,
c4c9c3b6-b354-4375-91a2-60096957e032,completed,2023-03-06 20:43:42.066461,,
c4cbdab4-52fb-40cd-b714-84b1ae7e189f,completed,2023-03-06 20:43:42.066461,,
c4cc719a-1102-4abc-9d6d-5da5be77b740,completed,2023-03-06 20:43:42.066461,,
c4d5f524-37b0-4030-9346-62f81b95dd8f,completed,2023-03-06 20:43:42.066461,,
c4e10221-cd3d-4b6b-afc3-f8dd5e310679,completed,2023-03-06 20:43:42.066461,,
c4e9cc60-7bb3-4a74-b731-757f92bb58f3,completed,2023-03-06 20:43:42.066461,,
c4eaddb4-cd24-447d-9d23-325fd81049f7,completed,2023-03-06 20:43:42.066461,,
c4ec932c-cb0c-4331-bc0a-1c0f5fd8c67c,completed,2023-03-06 20:43:42.066461,,
c4ef8696-8928-48a6-8803-d8d45b4b0309,completed,2023-03-06 20:43:42.066461,,
c4f0ba55-f0e7-45cb-8ef7-a62a95128e20,completed,2023-03-06 20:43:42.066461,X,
c4f2302d-fa35-466c-9d8d-b515f43d730d,completed,2023-03-06 20:43:42.066461,,
c4f478be-7f54-48c6-98fe-0be0f6b7bdd9,completed,2023-03-06 20:43:42.066461,,
c4f86cec-f754-4038-8202-ce3dda446a87,completed,2023-03-06 20:43:42.066461,,
c50299ad-f9db-4200-a106-48d59f60d2f0,completed,2023-03-06 20:43:42.066461,,
c5193bdc-d0f0-4067-a955-d7c799be8558,completed,2023-03-06 20:43:42.066461,,
c525f01b-5dea-4b99-b628-11221769e44e,completed,2023-03-06 20:43:42.066461,,
c5341878-7df5-41c3-a18f-fbfebba3ec56,completed,2023-03-06 20:43:42.066461,,
c536c088-fe23-4d6c-a2bd-cbe3ea77fb42,completed,2023-03-06 20:43:42.066461,,
c53952ec-383d-4be9-886e-449078fb907e,completed,2023-03-06 20:43:42.066461,,
c5420935-1489-4252-9acc-cc27f585a1c6,completed,2023-03-06 20:43:42.066461,X,
c54596de-0534-4406-abd1-319ef8ec92a1,completed,2023-03-06 20:43:42.066461,,
c55622f9-2804-47c1-95d9-6f11847ba75a,completed,2023-03-06 20:43:42.066461,,
c558d25f-f5df-40d5-bdc4-336417ac97a3,completed,2023-03-06 20:43:42.066461,,
c5598e0d-1ebd-405e-a8b0-9e21cd1a1731,completed,2023-03-06 20:43:42.066461,,
c57123de-dae2-4afc-9f66-b40d07885fdf,completed,2023-03-06 20:43:42.066461,,
c58118cf-c04a-46ac-9435-1926080e2d3d,completed,2023-03-06 20:43:42.066461,,
c58404c2-8870-4453-ad72-16c0db70b269,completed,2023-03-06 20:43:42.066461,,
c586bab0-32c0-4174-83c4-38c69e862cf9,completed,2023-03-06 20:43:42.066461,,
c5926a75-1454-4199-9502-6868c8ecf1e7,completed,2023-03-06 20:43:42.066461,,
c592f33a-788a-4434-a444-c2d603a3f459,completed,2023-03-06 20:43:42.066461,,
c593795c-6e45-4ff7-831e-0f7d65c0bd26,completed,2023-03-06 20:43:42.066461,,
c59ea138-a5e7-490a-bec7-bb485a0d515f,completed,2023-03-06 20:43:42.066461,,
c5ab6c74-acf0-48ac-ae92-c1e1d362e6c0,completed,2023-03-06 20:43:42.066461,,
c5ad58d9-46e9-47aa-b331-048c40ca9865,completed,2023-03-06 20:43:42.066461,,
c5af1eea-e809-43a3-826c-5d84c3cd5ab9,completed,2023-03-06 20:43:42.066461,,
c5afcb6f-8f90-44a8-bc1c-aec8ecf97b2f,completed,2023-03-06 20:43:42.066461,,
c5b01572-9fb3-499c-85a4-500db11b202a,completed,2023-03-06 20:43:42.066461,,
c5b2e744-6e3d-41fe-80f0-29c18f732bb6,completed,2023-03-06 20:43:42.066461,,
c5c14d1d-5654-4f3e-a49d-e8e3d1b83b66,completed,2023-03-06 20:43:42.066461,,
c5c1f2a9-c6a4-47f9-afd3-48c2ef7ca6af,completed,2023-03-06 20:43:42.066461,,
c5c214d3-d8f0-46a4-a84d-a2bcc30d40f3,completed,2023-03-06 20:43:42.066461,,
c5ca2ea3-3f5a-40da-82ad-8917ec16587d,completed,2023-03-06 20:43:42.066461,,
c5d82d4c-edff-4163-91fa-2ef9af06ec39,completed,2023-03-06 20:43:42.066461,,
c5d879e1-c5b1-4ce8-9536-80b26414d510,completed,2023-03-06 20:43:42.066461,,
c5d9a795-617e-4a46-84f4-3a4e65a59c57,completed,2023-03-06 20:43:42.066461,,
c5e318fd-deae-4997-bbca-da31a506be7c,completed,2023-03-06 20:43:42.066461,,
c60dc3f5-eed6-4e79-a8df-f447551d1828,completed,2023-03-06 20:43:42.066461,,
c616ed86-67d8-4cac-bcde-f5e1f1e8b743,completed,2023-03-06 20:43:42.066461,,
c6190649-6c63-454d-a632-c4c4c7711397,completed,2023-03-06 20:43:42.066461,,
c62b6307-469d-4418-bc7f-cb37b7df6f1d,completed,2023-03-06 20:43:42.066461,,
c62b6875-0fa6-4259-9a1c-f80843270d30,completed,2023-03-06 20:43:42.066461,,
c6344080-689a-4c53-a941-2b5e6067ef23,completed,2023-03-06 20:43:42.066461,,
c646967b-5e85-44ab-84a5-0f95275ba03a,completed,2023-03-06 20:43:42.066461,,
c648a452-831c-4b85-a949-28837fe5c7d5,completed,2023-03-06 20:43:42.066461,,
c6553428-98e6-414c-8d89-c54bcbb4b210,completed,2023-03-06 20:43:42.066461,,
c6579412-d5ac-4a9a-a999-569467ff4e10,completed,2023-03-06 20:43:42.066461,,
c659023c-62f5-48ef-9e59-7796fa8cedfb,completed,2023-03-06 20:43:42.066461,X,
c65d12e9-9b97-4379-9e19-592caa147155,completed,2023-03-06 20:43:42.066461,,
c65e207a-2078-4c89-aa47-6123bf4375a2,completed,2023-03-06 20:43:42.066461,,
c65e2bc2-90e5-484a-867a-205bb3670c06,completed,2023-03-06 20:43:42.066461,,
c65e4627-ade4-4e3b-b830-aa7322687c08,completed,2023-03-06 20:43:42.066461,,
c667b272-bf2b-4d91-9252-75b0ce477616,completed,2023-03-06 20:43:42.066461,,
c67056cc-dfc5-4aea-b529-b3782bf0bb96,completed,2023-03-06 20:43:42.066461,,
c67a776c-0696-4e03-a143-05e5bdaa69e8,completed,2023-03-06 20:43:42.066461,,
c67ad59b-e435-46d2-849e-ead0e874ed9f,completed,2023-03-06 20:43:42.066461,,
c67b2c59-0fea-4dba-bc55-078ee4d4d705,completed,2023-03-06 20:43:42.066461,,
c68455a8-e038-4e92-b41d-ae17bb4690fb,completed,2023-03-06 20:43:42.066461,,
c687a1ae-e69a-4b02-a1c8-9d65e63635a4,completed,2023-03-06 20:43:42.066461,,
c698a14e-dfdf-4716-8358-faa254a5b25d,completed,2023-03-06 20:43:42.066461,,
c6abd842-f6c9-49f9-aa54-2cc5a83fe847,completed,2023-03-06 20:43:42.066461,,
c6b311b1-65fb-40ea-a23c-ffaa14e886f6,completed,2023-03-06 20:43:42.066461,,
c6b9bbd8-2bd3-491d-8b9a-ad5ab69e1a53,completed,2023-03-06 20:43:42.066461,,
c6bb6602-f05c-4777-92e5-80011a59c091,completed,2023-03-06 20:43:42.066461,,
c6c652b6-efbc-4c8e-bbf2-2162a444db91,completed,2023-03-06 20:43:42.066461,,
c6cdbda2-7d1a-4268-9f5a-3baa1eecdc6b,completed,2023-03-06 20:43:42.066461,,
c6cf3d6d-3305-456e-b96b-39987eaa16af,completed,2023-03-06 20:43:42.066461,,
c6def729-64e8-4694-8f3c-9969812901c0,completed,2023-03-06 20:43:42.066461,,
c6df7e31-9ad3-4da4-811c-e95a6da1aa31,completed,2023-03-06 20:43:42.066461,,
c6e525b1-568c-4df0-a54e-c4007c94b641,completed,2023-03-06 20:43:42.066461,,
c6f0d81e-e675-400d-8e33-506dc7004d7f,completed,2023-03-06 20:43:42.066461,,
c6f4680d-3fa6-4498-b7dc-a78bdf557c6a,completed,2023-03-06 20:43:42.066461,,
c6f51fd9-2a6a-4bb1-b03a-818dbc417f90,completed,2023-03-06 20:43:42.066461,,
c6f75ae9-c69e-4ada-972a-48443bf72d3f,completed,2023-03-06 20:43:42.066461,,
c6fdd3c0-a7b2-4e3f-91c0-53c8250b6c26,completed,2023-03-06 20:43:42.066461,,
c6ff57fa-05fd-4402-9530-7a993362f5f1,completed,2023-03-06 20:43:42.066461,,
c705a6c7-ea9d-4e83-bc56-1ca356c30b4a,completed,2023-03-06 20:43:42.066461,,
c707ebad-1af1-4952-bb9c-5ce7665f4326,completed,2023-03-06 20:43:42.066461,,
c70c240b-3397-4727-8bc6-6da976c82111,completed,2023-03-06 20:43:42.066461,,
c70e496d-5aaa-4386-99b4-062641f62e02,completed,2023-03-06 20:43:42.066461,,
c70f3293-ca66-48a7-9b31-b9a91cb80c13,completed,2023-03-06 20:43:42.066461,,
c71f800f-89a4-49b8-ac8f-7b60d763ebc3,completed,2023-03-06 20:43:42.066461,,
c72033ac-96ee-4894-9756-b7c3ed41b1a2,completed,2023-03-06 20:43:42.066461,,
c7233244-30d6-4bb0-a726-da65944d0dd4,completed,2023-03-06 20:43:42.066461,,
c7236098-d288-4f35-afea-b9f7cd54ea27,completed,2023-03-06 20:43:42.066461,,
c726099c-1244-414c-82ad-b9617e698842,completed,2023-03-06 20:43:42.066461,,
c72668f8-b4b9-4a07-9984-ed7c50bc31bb,completed,2023-03-06 20:43:42.066461,,
c736f675-28e6-4472-b176-fd9a269eb394,completed,2023-03-06 20:43:42.066461,,
c73737da-e6ad-4823-9786-df3bb74d79b0,completed,2023-03-06 20:43:42.066461,,
c74433fb-03ce-42e9-a6ea-f8d3b61745f4,completed,2023-03-06 20:43:42.066461,,
c74ce2bf-ac27-4c4f-b69b-899e60e16bf1,completed,2023-03-06 20:43:42.066461,,
c756b5c6-7f0b-4ae9-ac0f-622fa445d648,completed,2023-03-06 20:43:42.066461,,
c7699b93-5184-483e-af34-c658ce3f47b0,completed,2023-03-06 20:43:42.066461,,
c76d55ef-06d7-4d71-9db0-9d5a6186ed0d,completed,2023-03-06 20:43:42.066461,,
c7746c75-fa7c-49ea-a92a-84eb35f5a352,completed,2023-03-06 20:43:42.066461,,
c7878662-d396-452e-ae3b-6cb78a3f0b60,completed,2023-03-06 20:43:42.066461,,
c787d3fb-5e47-4e94-87d6-e7d89eff85b1,completed,2023-03-06 20:43:42.066461,,
c789450b-9aa8-4396-a660-3ad740749256,completed,2023-03-06 20:43:42.066461,,
c78bd61a-6923-41ba-88a9-a7fe656cae16,completed,2023-03-06 20:43:42.066461,,
c78df5fc-d316-4ed5-85ad-acd8e2788e9f,completed,2023-03-06 20:43:42.066461,,
c7953edd-1ae6-4c89-89cc-105c968bf92d,completed,2023-03-06 20:43:42.066461,,
c79d88f7-273e-481a-b6a5-cba3095f561a,completed,2023-03-06 20:43:42.066461,,
c79f2b5e-9fbd-4743-9596-500232e2095f,completed,2023-03-06 20:43:42.066461,,
c7a6bcff-1bd5-4b03-933b-26471e359de8,completed,2023-03-06 20:43:42.066461,,
c7a70792-a237-4276-ae80-e33d0bac5b1b,completed,2023-03-06 20:43:42.066461,,
c7abaf24-d5c4-4b08-b689-c14676110dba,completed,2023-03-06 20:43:42.066461,,
c7af022d-6195-4ab4-b7a7-320b62c42611,completed,2023-03-06 20:43:42.066461,,
c7af2a03-a1a7-4a23-a4ed-6bf0ff39c85b,completed,2023-03-06 20:43:42.066461,,
c7b6fdb3-fa26-472b-8640-b821d9cf119d,completed,2023-03-06 20:43:42.066461,,
c7b8a5ce-3f65-410a-bed3-4fa1be945b9f,completed,2023-03-06 20:43:42.066461,,
c7d82f76-c24e-4464-906c-dbfd26fc9c69,completed,2023-03-06 20:43:42.066461,X,
c7e8d166-7bd3-4a6e-9d93-136c95fee302,completed,2023-03-06 20:43:42.066461,,
c7f155f4-eeec-49e9-bb46-8b45f3dfd85f,completed,2023-03-06 20:43:42.066461,,
c7f7cc47-c153-4717-b655-f4204bd44a52,completed,2023-03-06 20:43:42.066461,,
c7fe7ec6-a9e5-4b2b-b5ef-747161b06a30,completed,2023-03-06 20:43:42.066461,,
c80494c9-0703-4759-8122-0de811b82678,completed,2023-03-06 20:43:42.066461,,
c81386b2-795e-4ed6-8dc0-4612139f402e,completed,2023-03-06 20:43:42.066461,,
c817c8b6-ce16-42fc-ac1f-4f3d04ccd92e,completed,2023-03-06 20:43:42.066461,,
c8259bc6-157c-4995-9f29-5ee66726832c,completed,2023-03-06 20:43:42.066461,,
c8266e9f-e4c0-4237-a477-18c5a52e5d3a,completed,2023-03-06 20:43:42.066461,,
c829999c-86e5-4175-bf09-658ebb37edd2,completed,2023-03-06 20:43:42.066461,,
c82fcca7-428f-4221-9ecd-fc81b93f1331,completed,2023-03-06 20:43:42.066461,,
c837d90c-e125-4ef1-b291-3e263b11afc7,completed,2023-03-06 20:43:42.066461,,
c83b33fe-2842-4d34-a9a1-9ae43bc0f7c9,completed,2023-03-06 20:43:42.066461,,
c85199af-d063-44fa-9c1a-3491c86b45ab,completed,2023-03-06 20:43:42.066461,,
c855063d-12a7-4b3b-8e5d-24059887825c,completed,2023-03-06 20:43:42.066461,,
c859a5ae-feb5-4d47-8be1-d90e9a4ae836,completed,2023-03-06 20:43:42.066461,,
c85d35ca-42c3-482d-bcfa-53c053a93a4d,completed,2023-03-06 20:43:42.066461,,
c8612855-a547-421c-af4f-87ba75d1cf1f,completed,2023-03-06 20:43:42.066461,,
c8709964-5ede-4eb9-aa1b-01ee0453ac55,completed,2023-03-06 20:43:42.066461,,
c872f768-82e6-4e3b-b7c5-4f4111e0bc0b,completed,2023-03-06 20:43:42.066461,,
c87cdbb1-b3b5-4886-aa77-3fdc8b9577ed,completed,2023-03-06 20:43:42.066461,,
c880cec2-c156-40d0-b33a-05e4f46c785b,completed,2023-03-06 20:43:42.066461,X,
c88542ba-cc2e-48b2-8014-f5c2cf377b55,completed,2023-03-06 20:43:42.066461,X,
c885c255-2478-42ac-8923-32f248ff8e4b,completed,2023-03-06 20:43:42.066461,,
c885f0ab-edd2-4998-8734-4ae4933fccdb,completed,2023-03-06 20:43:42.066461,,
c886a3ea-56dd-40a9-960b-7f6163662cd9,completed,2023-03-06 20:43:42.066461,,
c88bb326-c53e-4215-ac0a-cbb1458d3b50,completed,2023-03-06 20:43:42.066461,,
c8998c68-614e-464a-a156-d1952ec29877,completed,2023-03-06 20:43:42.066461,,
c8a0f833-9cdf-41b9-8fc1-5d301f9f10f6,completed,2023-03-06 20:43:42.066461,,
c8aef9b9-b039-4ad3-ae0e-44d638c994c9,completed,2023-03-06 20:43:42.066461,,
c8b2354a-e53b-472c-be04-a476fded9463,completed,2023-03-06 20:43:42.066461,,
c8b45d0f-ad88-42d4-b297-2dc056eee518,completed,2023-03-06 20:43:42.066461,,
c8b49ed9-b47b-428b-b8a4-cea00cfed2be,completed,2023-03-06 20:43:42.066461,,
c8b58610-a399-430a-8985-4332d4dc8ca1,completed,2023-03-06 20:43:42.066461,,
c8bb9a9c-17d4-4665-8800-2fedca6ecad9,completed,2023-03-06 20:43:42.066461,,
c8c06c5e-c330-47c2-8a1e-00bd377ce421,completed,2023-03-06 20:43:42.066461,,
c8d23811-7b15-4f70-9d4d-76645dcac083,completed,2023-03-06 20:43:42.066461,,
c8d4dbb0-848c-4c6e-b372-c226b6392fca,completed,2023-03-06 20:43:42.066461,,
c8dddb6a-60ba-49d1-95c1-d87b636ebb12,completed,2023-03-06 20:43:42.066461,,
c8e577ee-731e-4ec6-bc50-8ff608eec026,completed,2023-03-06 20:43:42.066461,,
c8e94f1c-accf-4e93-81a7-563d8ca3edec,completed,2023-03-06 20:43:42.066461,,
c8ec2702-af33-4270-8bcc-f494df1066e5,completed,2023-03-06 20:43:42.066461,,
c8eeb779-7bfd-4d2e-ab2f-5521e16260c1,completed,2023-03-06 20:43:42.066461,,
c8f1ca47-6ae5-4b47-97e6-733104b3e8ae,completed,2023-03-06 20:43:42.066461,,
c909df0d-0189-4c17-8ea3-812049880767,completed,2023-03-06 20:43:42.066461,,
c90a6a8d-929f-41c9-9b52-29a053d59702,completed,2023-03-06 20:43:42.066461,,
c90b7f5b-945f-41d1-8e8f-3d485cdbaffa,completed,2023-03-06 20:43:42.066461,,
c9100324-666a-4d47-889f-41acb06b02e7,completed,2023-03-06 20:43:42.066461,,
c916ea99-0886-409e-b067-53680ca01e64,completed,2023-03-06 20:43:42.066461,,
c91eb365-b4e8-4802-a44c-e5b30818fd47,completed,2023-03-06 20:43:42.066461,,
c924cc2f-7a62-42b6-9f38-368c810ee930,completed,2023-03-06 20:43:42.066461,,
c9279421-e10d-49ba-92ea-b8b0189b6e0a,completed,2023-03-06 20:43:42.066461,,
c9283dd5-ed77-4d11-bbe7-bc154f31bdce,completed,2023-03-06 20:43:42.066461,,
c9340a9c-1eb5-4598-8f39-755c558b21a7,completed,2023-03-06 20:43:42.066461,,
c9363c19-07fb-4e8d-b65c-35562da8479e,completed,2023-03-06 20:43:42.066461,,
c938cb02-ff22-4091-aad0-cd001abb1242,completed,2023-03-06 20:43:42.066461,,
c93f12bc-4ff9-401e-8e01-1a6c0dfc555a,completed,2023-03-06 20:43:42.066461,,
c949f4fd-9926-4479-b899-8e1a7a11bcc6,completed,2023-03-06 20:43:42.066461,,
c953b4c8-0652-4936-ba53-61921ad740bb,completed,2023-03-06 20:43:42.066461,,
c955ef8f-406c-4235-8d69-0dc357f152b2,completed,2023-03-06 20:43:42.066461,,
c957bd0d-d175-4f13-afb0-c8ddde60e28c,completed,2023-03-06 20:43:42.066461,,
c95cb6b3-462b-42ff-96a7-dc7ee4ba4f0b,completed,2023-03-06 20:43:42.066461,,
c95fb0d3-24d3-4d8e-b83f-05f87e69cffe,completed,2023-03-06 20:43:42.066461,,
c96347ad-a8bc-4304-a189-37c8c7d90028,completed,2023-03-06 20:43:42.066461,,
c9675fa1-33af-46ff-9dff-c97d56c2a3d6,completed,2023-03-06 20:43:42.066461,,
c970023d-8e1e-4e33-ac4d-ea9ed940a9ca,completed,2023-03-06 20:43:42.066461,,
c97ad3f4-1faa-4a52-8461-127fc8d4521a,completed,2023-03-06 20:43:42.066461,,
c98a7ee5-7346-4e66-a1d0-c84c9813c898,completed,2023-03-06 20:43:42.066461,,
c9908acf-1f11-4346-a947-b44110cfeb94,completed,2023-03-06 20:43:42.066461,,
c99a9f38-f44f-4635-8995-89ab2af7f48d,completed,2023-03-06 20:43:42.066461,,
c9aae5c3-46d2-4e8a-87e8-719ce2f4315c,completed,2023-03-06 20:43:42.066461,,
c9af6b30-83df-49b3-93ce-b14158f4556c,completed,2023-03-06 20:43:42.066461,,
c9b2f255-3a15-449d-9377-4b782931c0b9,completed,2023-03-06 20:43:42.066461,,
c9c0e998-60ec-4bf6-a236-cf824c8ae57e,completed,2023-03-06 20:43:42.066461,,
c9c2e7b9-d173-4a22-81d4-62376564369b,completed,2023-03-06 20:43:42.066461,,
c9cc0edd-07a6-45ba-a41b-fef6c16033a5,completed,2023-03-06 20:43:42.066461,,
c9d41811-505a-4959-9307-7e436e454d49,completed,2023-03-06 20:43:42.066461,,
c9d47a74-fbae-45c4-a2e1-a6370cc323fe,completed,2023-03-06 20:43:42.066461,,
c9e5503a-b8e3-4b4c-a477-2e23a5029552,completed,2023-03-06 20:43:42.066461,,
c9f4656b-0d6d-405b-9df5-855707719e13,completed,2023-03-06 20:43:42.066461,,
c9fb702a-a9af-4d75-9f4d-ad4d20d0166c,completed,2023-03-06 20:43:42.066461,,
ca00c4cb-6259-4eef-8bb0-f5f54c9fd0f7,completed,2023-03-06 20:43:42.066461,,
ca0acd36-0870-45fc-a384-71cc9077d10f,completed,2023-03-06 20:43:42.066461,,
ca0d06c5-0373-4ded-852d-903830f4e39f,completed,2023-03-06 20:43:42.066461,,
ca24ee81-1485-4ef5-8fc6-e78621b0d7a1,completed,2023-03-06 20:43:42.066461,,
ca2d05e0-3bb3-4669-82d3-9ef1acc6e533,completed,2023-03-06 20:43:42.066461,,
ca2d1e2c-01f4-42d3-a7f2-df999896938c,completed,2023-03-06 20:43:42.066461,,
ca31a82e-732b-4fe7-9f82-9d22c827ca9f,completed,2023-03-06 20:43:42.066461,,
ca34d7a3-52fe-422f-a010-ea56cc4d2a64,completed,2023-03-06 20:43:42.066461,,
ca36089f-ffb3-4c67-a077-7c8542db943b,completed,2023-03-06 20:43:42.066461,,
ca4e19df-4da0-49bb-bf5e-f4a1d928f555,completed,2023-03-06 20:43:42.066461,,
ca513206-ca39-43f2-84ab-a6958af4691e,completed,2023-03-06 20:43:42.066461,,
ca6dab4f-9ef6-45f3-8fac-1eb5e9bfcad5,completed,2023-03-06 20:43:42.066461,,
ca719524-c23e-459c-985b-854d2934afa2,completed,2023-03-06 20:43:42.066461,,
ca722260-529e-4bf6-87cf-572113cc0e29,completed,2023-03-06 20:43:42.066461,,
ca791b0b-ba76-40ae-a990-b3446098d231,completed,2023-03-06 20:43:42.066461,,
ca837952-bbe4-4262-af3b-bb38af0cf261,completed,2023-03-06 20:43:42.066461,,
ca840cbd-57d6-4726-89c7-0fa775a06bbc,completed,2023-03-06 20:43:42.066461,,
ca8fc7ce-f52f-4628-b170-fc5316d922a7,completed,2023-03-06 20:43:42.066461,,
caa9893e-22fa-4ca8-b370-d5d708f1b7ae,completed,2023-03-06 20:43:42.066461,,X
caa99a26-c452-4eb6-af18-6c28631dd193,completed,2023-03-06 20:43:42.066461,,
caab1b4c-bdeb-43e6-b19a-e89e10310b1b,completed,2023-03-06 20:43:42.066461,,
caae0ea1-0c1d-4e1d-814a-68c2ef074361,completed,2023-03-06 20:43:42.066461,,
caafcb5b-cdee-4b84-b89d-3c31d2f993e1,completed,2023-03-06 20:43:42.066461,,
cab08ba1-f8a0-4ea7-a536-be709f6c975e,completed,2023-03-06 20:43:42.066461,,
cab177b7-d200-4f60-bdd1-830157dc8f56,completed,2023-03-06 20:43:42.066461,,
cabf0970-dec6-4e49-bd77-036f17ad78d5,completed,2023-03-06 20:43:42.066461,X,
cac36fe0-2622-411c-854e-02c4ad4de17b,completed,2023-03-06 20:43:42.066461,,
cac40ba8-003a-4dd6-9ba0-a97597b3623a,completed,2023-03-06 20:43:42.066461,,
cac9f35f-dcc2-401f-aac2-24b757040cf1,completed,2023-03-06 20:43:42.066461,,
cad6b439-4e9c-4e1d-9824-236c39d27093,completed,2023-03-06 20:43:42.066461,,
cad7eef5-98c9-4559-ad29-5d91c003c072,completed,2023-03-06 20:43:42.066461,,
cadb8c0d-e28c-4155-a349-8fe05f7fa424,completed,2023-03-06 20:43:42.066461,,
cae178f0-c0f6-4b15-ab6a-e9d8b180c5be,completed,2023-03-06 20:43:42.066461,,
cae5dfde-6a04-432f-9a88-c8e62be15be6,completed,2023-03-06 20:43:42.066461,,
cae7e7b5-eba3-4e1d-945d-f12803c69139,completed,2023-03-06 20:43:42.066461,,
caf28753-9d29-4e09-990f-d38764d1f55b,completed,2023-03-06 20:43:42.066461,,
caf72b71-a2e9-41cd-b8df-eaf0e3d8b48b,completed,2023-03-06 20:43:42.066461,X,
cb032631-8065-449d-b0d7-98600461ece3,completed,2023-03-06 20:43:42.066461,,
cb060a3f-38a6-4c0a-a6f2-8d1c7b03cc72,completed,2023-03-06 20:43:42.066461,,
cb0b0515-5237-45c2-8e81-614d3bca85cb,completed,2023-03-06 20:43:42.066461,,
cb14ac2c-fac1-47b1-bfff-62cb083a01a8,completed,2023-03-06 20:43:42.066461,,
cb1649a9-6efb-4010-b448-0fdc03f3341b,completed,2023-03-06 20:43:42.066461,,
cb185445-c2f7-4af4-8e7c-b7f9a0935036,completed,2023-03-06 20:43:42.066461,,
cb199db5-43d8-4a00-a5c7-003aba4684e3,completed,2023-03-06 20:43:42.066461,,
cb21ceda-e7f2-46f9-9fd0-fecdef54523b,completed,2023-03-06 20:43:42.066461,,
cb2ab911-16bf-4b8d-93c8-12894a01b03b,completed,2023-03-06 20:43:42.066461,,
cb2e47fe-0b49-4cd7-8642-e13a3f312e16,completed,2023-03-06 20:43:42.066461,,
cb31c301-0e4b-46fe-82b8-da12eab17f03,completed,2023-03-06 20:43:42.066461,,
cb45ba0d-7cec-4613-b248-98a498b11b28,completed,2023-03-06 20:43:42.066461,,
cb467659-118f-472a-a2f6-13802775f4ff,completed,2023-03-06 20:43:42.066461,,
cb4cbe73-7b50-44c3-a9b0-edb18973f1d3,completed,2023-03-06 20:43:42.066461,,
cb5a556d-07b0-4675-9ccf-ada058846f2c,completed,2023-03-06 20:43:42.066461,,
cb66ffc8-faf2-4dba-bb98-2dd81c2e8a29,completed,2023-03-06 20:43:42.066461,,
cb6dab1a-5206-4e62-8611-b131bc674f35,completed,2023-03-06 20:43:42.066461,,
cb7429ed-7252-4e41-b0cc-e0e0b4048f06,completed,2023-03-06 20:43:42.066461,,
cb8cb8a8-b10d-4598-ada8-26c462e4d0a9,completed,2023-03-06 20:43:42.066461,,
cb8d58f9-3ec9-4c71-952d-7658898c3010,completed,2023-03-06 20:43:42.066461,,
cb8ea4ab-9aff-4218-b1e8-c07ef41816c4,completed,2023-03-06 20:43:42.066461,,
cb91d0aa-5a53-44e8-beff-94f4ee371235,completed,2023-03-06 20:43:42.066461,,
cb9e4250-924f-4fa0-8579-8339dc944ab1,completed,2023-03-06 20:43:42.066461,,
cba10d34-8f38-4106-8fed-cca6d3a4d1f3,completed,2023-03-06 20:43:42.066461,,
cba82c70-9d7f-4081-b56a-76a3c4e9f3b3,completed,2023-03-06 20:43:42.066461,,
cbab8f3d-b326-4057-882c-109c3bb04ff3,completed,2023-03-06 20:43:42.066461,,
cbc31578-e2a4-4719-b9b9-cbb7cdbba7d2,completed,2023-03-06 20:43:42.066461,,
cbd1359f-2e0b-4326-a257-40d93505e6c9,completed,2023-03-06 20:43:42.066461,,
cbd54f41-17ff-4211-af70-aad7d97869c7,completed,2023-03-06 20:43:42.066461,,
cbd7946c-c73b-40a1-a372-a1fe80b1a558,completed,2023-03-06 20:43:42.066461,,
cbd79c6c-a63e-4e16-9c4a-1b7b5281d30d,completed,2023-03-06 20:43:42.066461,,
cbd96ecf-a87c-462d-a896-1e5a1fdb88be,completed,2023-03-06 20:43:42.066461,,
cbda6c88-b8cf-48bb-88f9-0d737238757d,completed,2023-03-06 20:43:42.066461,,
cbf34af9-bbad-4eec-b8e7-2aa0b162e5d2,completed,2023-03-06 20:43:42.066461,,
cbf45371-526d-4545-a2d4-01762c4adb37,completed,2023-03-06 20:43:42.066461,,
cbfc48ab-b94e-42b6-925a-40f22af3e5ce,completed,2023-03-06 20:43:42.066461,,
cc04cdb2-b22a-451e-a001-40b06fbf5745,completed,2023-03-06 20:43:42.066461,,
cc0d2ada-55ae-400b-9bce-f9e7675275a5,completed,2023-03-06 20:43:42.066461,,
cc11ce3b-5758-4cf6-a609-d2b8d9beb637,completed,2023-03-06 20:43:42.066461,,
cc289bd3-b38c-4d9c-81e0-83b31dd93016,completed,2023-03-06 20:43:42.066461,,
cc49cfdc-34d9-41e9-abe1-b26d77a777a4,completed,2023-03-06 20:43:42.066461,,
cc4b5356-a21a-44cb-9746-0b8c619809b2,completed,2023-03-06 20:43:42.066461,,
cc50d9d7-c3dd-4f47-87fd-4effb9d4ee36,completed,2023-03-06 20:43:42.066461,,
cc582fb4-cdc1-4d01-a7f0-8f8a2810f032,completed,2023-03-06 20:43:42.066461,,
cc6476f8-468e-43a8-93c3-0c914615833c,completed,2023-03-06 20:43:42.066461,,
cc694466-35db-4ea3-b879-96e0313830de,completed,2023-03-06 20:43:42.066461,,
cc6acba0-45c8-4085-87b7-d0ec0949b53d,completed,2023-03-06 20:43:42.066461,,
cc7b7732-97fe-4c84-81a0-9eb9f699e9dc,completed,2023-03-06 20:43:42.066461,,
cc8933f7-154c-4507-a369-90231968b93e,completed,2023-03-06 20:43:42.066461,,
cc893625-d51c-4cd1-8ce9-b66c135e7bd8,completed,2023-03-06 20:43:42.066461,,
cc910e46-99c2-4698-a0a9-69f9ef886697,completed,2023-03-06 20:43:42.066461,,
cc936a55-c157-48ff-8a39-7e65d4e7ddfa,completed,2023-03-06 20:43:42.066461,,
cc972b3b-c814-4401-9b8d-be37eaa5e681,completed,2023-03-06 20:43:42.066461,,
cc99787e-547c-4491-b3f4-8b1de2b02250,completed,2023-03-06 20:43:42.066461,,
cc9e3f79-9b12-4c32-9958-972afcf29423,completed,2023-03-06 20:43:42.066461,,
cc9fbb76-25f8-4d59-af0f-a6ca1ba032a5,completed,2023-03-06 20:43:42.066461,,
ccaddfed-269a-48b9-86a0-b7310ec67005,completed,2023-03-06 20:43:42.066461,,
ccb05c67-6069-4bfe-a683-9fd93dc24969,completed,2023-03-06 20:43:42.066461,X,
ccb13b2e-15e4-486f-b7a4-5b4edb4f2bc7,completed,2023-03-06 20:43:42.066461,,
ccb949a7-1c9a-4d73-8a68-3ed2140fff1a,completed,2023-03-06 20:43:42.066461,,
ccb9641f-5bd3-4dcf-839a-bf7e4f808c81,completed,2023-03-06 20:43:42.066461,,
ccbb6110-8848-4f72-a1bb-9f42c149d6a5,completed,2023-03-06 20:43:42.066461,,
ccf3d47f-337b-4f0a-b063-91888a555953,completed,2023-03-06 20:43:42.066461,,
ccf725f9-8e35-4498-8e2f-5d349649fe89,completed,2023-03-06 20:43:42.066461,,
ccfac078-4cba-404a-8985-075bbf1ea8eb,completed,2023-03-06 20:43:42.066461,,
cd075704-d76e-436d-8c7f-7ca795e89d28,completed,2023-03-06 20:43:42.066461,,
cd077ddd-830b-4d3c-bfc2-4bafe46e8f59,completed,2023-03-06 20:43:42.066461,,
cd09cac2-1079-4c4a-8b55-ec9b0711f282,completed,2023-03-06 20:43:42.066461,,
cd0b9d60-9a85-49c2-ac32-2f71f40103a8,completed,2023-03-06 20:43:42.066461,,
cd17b401-20a9-4ae5-8ae7-f424cf240e63,completed,2023-03-06 20:43:42.066461,,
cd18edca-d2cd-4259-ab6d-63d6d5acebf3,completed,2023-03-06 20:43:42.066461,,
cd3df571-1736-4228-a75e-2e44bf9bebb2,completed,2023-03-06 20:43:42.066461,,
cd3e6e41-3009-4934-9cd4-17cd6c17621c,completed,2023-03-06 20:43:42.066461,,
cd473947-5891-4cef-a6cb-c45cba0619f2,completed,2023-03-06 20:43:42.066461,,
cd4a8ba0-7c72-4011-9f9a-cc82257a5a85,completed,2023-03-06 20:43:42.066461,,
cd584a1d-d271-464f-86a4-c31d8fd87998,completed,2023-03-06 20:43:42.066461,,
cd5b2bdf-c103-4a81-b2ea-87df9f8e2feb,completed,2023-03-06 20:43:42.066461,,
cd6bf552-7853-417e-b037-e2be317902c5,completed,2023-03-06 20:43:42.066461,,
cd6fb9b8-1b88-42e4-8397-a0efffbdd3ae,completed,2023-03-06 20:43:42.066461,,
cd852309-f798-4081-b1da-5c6d506b69db,completed,2023-03-06 20:43:42.066461,,
cd884afe-8520-4185-8de5-39eab3fe38be,completed,2023-03-06 20:43:42.066461,,
cd88d6c8-6286-4b10-8341-041f39029734,completed,2023-03-06 20:43:42.066461,,
cd99446e-ac12-49d2-9637-bc560afb2d71,completed,2023-03-06 20:43:42.066461,,
cd9d0406-fdaa-421f-9fe6-4a2429577cef,completed,2023-03-06 20:43:42.066461,,
cda65388-ec3e-452d-b14f-2f64f0c568fa,completed,2023-03-06 20:43:42.066461,,
cdbf87f9-c489-4ab6-95c7-dfbd330978f8,completed,2023-03-06 20:43:42.066461,,
cdc118fd-22af-463a-9991-ad2ea1d41503,completed,2023-03-06 20:43:42.066461,,
cdc6fb07-fda2-4b48-b63d-45665d10052f,completed,2023-03-06 20:43:42.066461,,
cdc828eb-1ad6-4076-989a-b92fcd3e1a72,completed,2023-03-06 20:43:42.066461,,
cdd686f0-6365-4e8d-9f75-bdd8a0f99b53,completed,2023-03-06 20:43:42.066461,,
cddb78ce-f986-44c1-b514-72e6961af8ba,completed,2023-03-06 20:43:42.066461,,
cddeb108-dc85-4edf-b37d-f71317a16792,completed,2023-03-06 20:43:42.066461,,
cde0b2a4-fd73-4f22-bfd6-6dbc20218f1e,completed,2023-03-06 20:43:42.066461,,
cdf50a28-ebc3-44a2-b05b-06152cb9db94,completed,2023-03-06 20:43:42.066461,,
cdf8ad8d-f4ca-4678-b07b-b640e956795b,completed,2023-03-06 20:43:42.066461,,
cdfb8900-cbc9-4385-bbfd-0b964b5db043,completed,2023-03-06 20:43:42.066461,,
cdfe565f-7262-4f26-96fd-ee719177f2aa,completed,2023-03-06 20:43:42.066461,,
ce0261f2-171f-4f01-a6a9-937b8bb9fecb,completed,2023-03-06 20:43:42.066461,,
ce123bc6-f98d-4df7-b841-d302eef372c2,completed,2023-03-06 20:43:42.066461,,
ce195eb2-3f69-4f5b-8a8f-60550d7c95b9,completed,2023-03-06 20:43:42.066461,,
ce1ca138-a1cb-4628-85d8-5d4b5b37fff3,completed,2023-03-06 20:43:42.066461,,
ce287d2e-4229-472b-8443-ab56a34c8bfa,completed,2023-03-06 20:43:42.066461,,
ce291af0-26c1-43df-84f5-ba93b258463c,completed,2023-03-06 20:43:42.066461,,
ce2c0b53-28ef-4329-8575-383abf4abc16,completed,2023-03-06 20:43:42.066461,,
ce333772-3535-4c01-b49a-7f9819bb7550,completed,2023-03-06 20:43:42.066461,,
ce34939f-9a62-473f-bb6d-0fc497ae5829,completed,2023-03-06 20:43:42.066461,,
ce360cab-9f2a-47af-a89f-00c24655947d,completed,2023-03-06 20:43:42.066461,,
ce3ce9d1-e3a9-4aec-9940-cb69493b2ddf,completed,2023-03-06 20:43:42.066461,,
ce43ee86-f71c-4b26-9f35-a07625eb2097,completed,2023-03-06 20:43:42.066461,,
ce44ec83-7b79-41cc-a6d7-73d7f1cee25b,completed,2023-03-06 20:43:42.066461,,
ce517dfa-86bb-4d97-b339-4221c593860f,completed,2023-03-06 20:43:42.066461,,
ce5254d0-69fd-473c-8e65-7bb53b16b9fd,completed,2023-03-06 20:43:42.066461,,
ce5c32ea-b5d5-400b-aff3-04423580a38b,completed,2023-03-06 20:43:42.066461,,
ce63dffe-7ab8-4126-b723-42933d843209,completed,2023-03-06 20:43:42.066461,,
ce7c236d-d4c7-49cc-a2e2-424247e97faa,completed,2023-03-06 20:43:42.066461,,
ce8235a4-2cec-4391-9705-03ca766509ba,completed,2023-03-06 20:43:42.066461,,
ce89e0e3-9562-41ce-b791-7df64b8768b1,completed,2023-03-06 20:43:42.066461,,
ce8e77bb-bfdc-43c4-ad15-0dbe2a260916,completed,2023-03-06 20:43:42.066461,,
ce911074-68d3-464d-9fad-0b33888772f3,completed,2023-03-06 20:43:42.066461,,
ce923fd4-a33c-4ba1-8bd4-59c2e04025d1,completed,2023-03-06 20:43:42.066461,,
ceb2e04b-0764-4ab3-ad8b-5b64b2f30e8d,completed,2023-03-06 20:43:42.066461,,
ceb55e7d-ad9f-4981-b55b-59c9a9a3e1ce,completed,2023-03-06 20:43:42.066461,,
ceb6396a-00ab-49cb-b6bb-86a9ee510fe7,completed,2023-03-06 20:43:42.066461,,
cebafc16-373b-420c-80f1-0c36b15ca688,completed,2023-03-06 20:43:42.066461,,
cec1c878-074f-4f70-8a97-2c58b81a5035,completed,2023-03-06 20:43:42.066461,,
cec5eae3-5d5f-4bec-a5e5-841c0afbc4a6,completed,2023-03-06 20:43:42.066461,,
cec9b921-444a-41ef-9302-ec0b58c80a3e,completed,2023-03-06 20:43:42.066461,,
ced24f29-449c-44ad-b2e0-43a920cdac2a,completed,2023-03-06 20:43:42.066461,,
ced413b7-6282-46f2-a2d3-e2fec296a180,completed,2023-03-06 20:43:42.066461,,
ced7f8df-43aa-4ef3-9e66-061ca61b53ef,completed,2023-03-06 20:43:42.066461,,
cee432ba-f343-4375-86f8-b239a1ff2f07,completed,2023-03-06 20:43:42.066461,,
cee8d955-a5af-4d75-8ef3-d95d730303eb,completed,2023-03-06 20:43:42.066461,,
cef4f3ff-42d5-4579-9b59-795dd5ed07c1,completed,2023-03-06 20:43:42.066461,,
cef5794c-b685-4771-bd7e-8d755c8386f7,completed,2023-03-06 20:43:42.066461,X,
cef648ea-8c0a-40f2-b77f-ad7acb2e5205,completed,2023-03-06 20:43:42.066461,,
cef756f6-ef82-43d2-9591-f3f8216fa00d,completed,2023-03-06 20:43:42.066461,,
cef85659-d8d0-44ee-9c7d-4ffe05e5ce3b,completed,2023-03-06 20:43:42.066461,,
cf0231fd-4954-4426-9a80-7a93a5c5ff6e,completed,2023-03-06 20:43:42.066461,,
cf043b15-4d39-4fca-ab7a-94ce622c7be1,completed,2023-03-06 20:43:42.066461,,
cf064cec-398c-429f-bde7-618799f9f637,completed,2023-03-06 20:43:42.066461,,
cf0d8978-7d6d-4b8c-9850-c3fcde3d1468,completed,2023-03-06 20:43:42.066461,,
cf138fef-8365-41c2-81d2-b152acb10431,completed,2023-03-06 20:43:42.066461,,
cf196649-a46b-43f1-8a33-3c5d08833b58,completed,2023-03-06 20:43:42.066461,,
cf2035c5-594b-4a1d-8723-d5fbe8a46ffd,completed,2023-03-06 20:43:42.066461,,
cf2fb43d-d8fc-46c0-826d-3b00dd1b1a28,completed,2023-03-06 20:43:42.066461,,
cf310e05-afdf-4b79-bc12-74083a427e27,completed,2023-03-06 20:43:42.066461,,
cf3881b9-fe88-481b-a94d-0a048cff78a7,completed,2023-03-06 20:43:42.066461,,
cf3b30f3-19d8-44e5-8c48-d3bb554d8f2b,completed,2023-03-06 20:43:42.066461,,
cf3c4a72-2770-4012-910f-18f64134d5b6,completed,2023-03-06 20:43:42.066461,,
cf3caa50-7c18-4125-bb7b-3b56a8536b25,completed,2023-03-06 20:43:42.066461,,
cf439398-b226-4d49-99e7-e5562c4bc5b2,completed,2023-03-06 20:43:42.066461,,
cf48a0a1-f8b5-44ff-9bbb-1e4e0adc6a1b,completed,2023-03-06 20:43:42.066461,,
cf4c2a7d-091a-4328-ad0e-24bbf85d1a4f,completed,2023-03-06 20:43:42.066461,,
cf5f4ebe-20df-44f6-8abc-80ec508facf2,completed,2023-03-06 20:43:42.066461,,
cf5f99d2-6422-41c8-89a6-daa76b71355f,completed,2023-03-06 20:43:42.066461,,
cf635116-fff5-4744-8a1f-bfdc50127011,completed,2023-03-06 20:43:42.066461,,
cf767837-93ce-47e8-aaa3-a57379fb1fde,completed,2023-03-06 20:43:42.066461,,
cf77f70b-c120-4c37-9559-6e7d43f735eb,completed,2023-03-06 20:43:42.066461,X,
cf7914b4-8ee2-4d30-b522-f20f9694ac4f,completed,2023-03-06 20:43:42.066461,,
cf8d13f9-12f8-453d-8327-148216843d3f,completed,2023-03-06 20:43:42.066461,,
cf930d87-c8f8-479c-8b2d-47b5647f6ba1,completed,2023-03-06 20:43:42.066461,,
cf979073-1ed7-49d5-a632-9b161a4492c7,completed,2023-03-06 20:43:42.066461,,
cf985acf-b950-4117-93d3-51e31c072fa1,completed,2023-03-06 20:43:42.066461,,
cf996666-2d0c-4e09-aa78-b845c7498b38,completed,2023-03-06 20:43:42.066461,,
cf9dd731-84e2-47c7-99d4-827fec336701,completed,2023-03-06 20:43:42.066461,,
cf9ea74d-678c-419e-8093-61ca481d726d,completed,2023-03-06 20:43:42.066461,,
cfa51a3d-c0e8-4a21-a96b-0ff64a9ca3a0,completed,2023-03-06 20:43:42.066461,,
cfa6cce2-5644-45d1-a4e2-5dce3e811bf2,completed,2023-03-06 20:43:42.066461,,
cfa75925-1044-4980-bb22-f5aad74156b9,completed,2023-03-06 20:43:42.066461,,
cfaca9f9-e3a3-41b0-90ab-8a15dbad1028,completed,2023-03-06 20:43:42.066461,,
cfcc67b1-c8a8-4c95-a4b7-38341991a344,completed,2023-03-06 20:43:42.066461,,
cfce4763-eef0-47da-957b-c7d79c28634a,completed,2023-03-06 20:43:42.066461,,
cfd522b2-6c3b-4a49-91c0-2b5557e77cab,completed,2023-03-06 20:43:42.066461,,
cfd65a4a-113c-434b-a9d3-1a7a4601c181,completed,2023-03-06 20:43:42.066461,,
cfd7f64b-df62-40ae-a376-024cc968b41b,completed,2023-03-06 20:43:42.066461,,
cfd7f94c-7ee0-46ba-b931-760962b38a55,completed,2023-03-06 20:43:42.066461,,
cfde2420-d447-400e-a45b-445062238642,completed,2023-03-06 20:43:42.066461,,
cfe0135f-7d38-4269-856d-b490c54f8368,completed,2023-03-06 20:43:42.066461,,
cfe05e11-286f-4d27-8d08-25dda469ee27,completed,2023-03-06 20:43:42.066461,,
cff2f295-a6a8-43eb-9a6c-bf7d9891f545,completed,2023-03-06 20:43:42.066461,X,
d008e9ab-de0e-46df-b305-5bded738f9a9,completed,2023-03-06 20:43:42.066461,,
d00a44ae-d082-4571-a7ed-14d8412cb3f2,completed,2023-03-06 20:43:42.066461,,
d01100ad-8fc6-4f61-9343-68561806855f,completed,2023-03-06 20:43:42.066461,,
d0197b7f-be99-4839-8c55-09421f890159,completed,2023-03-06 20:43:42.066461,,
d022449e-2927-4d78-bc23-b1d349088ff6,completed,2023-03-06 20:43:42.066461,,
d02ca3ae-bd13-4944-83b9-2507a802ca77,completed,2023-03-06 20:43:42.066461,,
d02eb8f6-bedf-4230-aaa0-fbe5465bea49,completed,2023-03-06 20:43:42.066461,,
d0356bc9-bcb1-435e-84e4-4864a757510e,completed,2023-03-06 20:43:42.066461,,
d03575a6-7bef-4b96-b86e-4f5a2d3c953a,completed,2023-03-06 20:43:42.066461,,
d03af908-9439-4c44-b1f3-069789731263,completed,2023-03-06 20:43:42.066461,,
d0411580-451a-436f-bd47-38994f75685a,completed,2023-03-06 20:43:42.066461,,
d042fd38-8ca3-4102-b262-cdf4542ff715,completed,2023-03-06 20:43:42.066461,,
d045f277-51e8-4c94-b9c1-ef1a99070c7c,completed,2023-03-06 20:43:42.066461,,
d047c783-dbad-4a3d-bd2e-07c763ddce19,completed,2023-03-06 20:43:42.066461,,
d05d255b-8911-4530-97e6-d3475bbb9f79,completed,2023-03-06 20:43:42.066461,,
d06a1b9e-ad21-47a5-b4e6-1e593b194d9d,completed,2023-03-06 20:43:42.066461,,
d0707519-3d28-438e-8d5d-2ebdbf9b9726,completed,2023-03-06 20:43:42.066461,,
d072c68e-7ca0-47ac-b676-9285d19436af,completed,2023-03-06 20:43:42.066461,,
d0807974-e4f3-4818-b0c6-f9433be61e9c,completed,2023-03-06 20:43:42.066461,,
d081aeff-099e-4e16-a362-4f477185de88,completed,2023-03-06 20:43:42.066461,,
d0854b72-a5bc-41ed-86d4-e1fc1c6d43b7,completed,2023-03-06 20:43:42.066461,,
d08c3978-0bf1-4fe5-be2a-1870230b859b,completed,2023-03-06 20:43:42.066461,,
d08ee4f5-c07c-4610-b993-fa496bd5aa0f,completed,2023-03-06 20:43:42.066461,,
d0a17018-8b6c-4d0a-99fc-34ef3009a0a8,completed,2023-03-06 20:43:42.066461,,
d0a276fa-51b3-47ef-bdab-e8bd8ddcfec1,completed,2023-03-06 20:43:42.066461,,
d0a5f7d8-557b-4548-96f4-48f3236d85f3,completed,2023-03-06 20:43:42.066461,,
d0b0312d-a132-4c1c-b103-e96cbc4ef418,completed,2023-03-06 20:43:42.066461,,
d0bb7512-e6e6-461f-a310-686f9e82d2d3,completed,2023-03-06 20:43:42.066461,,
d0bdf4e8-41d9-4e20-be5f-29f58aff854d,completed,2023-03-06 20:43:42.066461,,
d0c04716-62ae-49f0-a1af-30f974795747,completed,2023-03-06 20:43:42.066461,,
d0c20186-9981-4666-a3c4-01f76bde6a2f,completed,2023-03-06 20:43:42.066461,,
d0c668e1-1899-47c9-8cde-1fe6a7db9ba5,completed,2023-03-06 20:43:42.066461,,
d0c68dbe-b230-4cd0-9f39-0df7b6dbdae3,completed,2023-03-06 20:43:42.066461,,
d0ca482b-bb61-4f61-b8f0-0a9078d7bd4d,completed,2023-03-06 20:43:42.066461,,
d0cd6bf0-0a26-4b61-b538-c986a2720227,completed,2023-03-06 20:43:42.066461,,
d0ce6963-b717-46ff-9316-bb7e531f9a25,completed,2023-03-06 20:43:42.066461,,
d0d869cf-a1a6-4feb-be0d-eed9b659bf41,completed,2023-03-06 20:43:42.066461,,
d0d93e6b-5933-453f-a630-5a576e71ee3b,completed,2023-03-06 20:43:42.066461,,
d0d9708c-902d-4071-8f51-87f5fa09adf3,completed,2023-03-06 20:43:42.066461,X,
d0eb11d5-c647-4eee-ba7b-fcb4b0e49079,completed,2023-03-06 20:43:42.066461,,
d0f02fca-f7fa-4559-8473-48483585cb4c,completed,2023-03-06 20:43:42.066461,,
d0f9efcd-33a6-4e83-9363-a4508a7b19d5,completed,2023-03-06 20:43:42.066461,,
d101eb69-b321-4571-8f6c-8b4559944bdc,completed,2023-03-06 20:43:42.066461,,
d107eec4-0b07-4cd3-a305-d4681f0b8843,completed,2023-03-06 20:43:42.066461,,
d10c48da-3f7f-4ca9-a087-520a9bd34202,completed,2023-03-06 20:43:42.066461,,
d1187533-ef22-4632-bf27-f60a2cdb89dc,completed,2023-03-06 20:43:42.066461,,
d12587c6-8d82-43e3-951d-2589aac72e9d,completed,2023-03-06 20:43:42.066461,,
d126f20b-2ccc-4de2-9f15-df7e8dabad5a,completed,2023-03-06 20:43:42.066461,,
d126f229-e5f0-43bf-97a2-0bdabbb115e1,completed,2023-03-06 20:43:42.066461,,
d12bf867-4ad3-43da-9b0f-5d06a80cf5fc,completed,2023-03-06 20:43:42.066461,,
d14483d2-b23b-48b8-a5ec-9dc736fb37f4,completed,2023-03-06 20:43:42.066461,,
d148c4ac-0d4a-43bb-b410-b8bd3115458b,completed,2023-03-06 20:43:42.066461,,
d14d3e10-fa49-457d-8e30-d329f02603d5,completed,2023-03-06 20:43:42.066461,,
d1527dde-96b3-4610-a42e-3e213ba3e04b,completed,2023-03-06 20:43:42.066461,,
d15773d7-14fe-4228-8884-fa1fd656b13c,completed,2023-03-06 20:43:42.066461,,
d15b985c-8930-4312-a3ca-44c1706fa800,completed,2023-03-06 20:43:42.066461,,
d15bcfdc-2f68-4b82-ac85-1ceb9f83cfea,completed,2023-03-06 20:43:42.066461,,
d15ddb10-b6ab-4de2-8806-61663c6c7339,completed,2023-03-06 20:43:42.066461,,
d15fd7a1-0ba3-4a3a-b670-f41a2102a256,completed,2023-03-06 20:43:42.066461,,
d1650107-4e9b-4bd7-8cf7-eb74d9a142da,completed,2023-03-06 20:43:42.066461,,
d1673e85-d99c-4a79-95e7-33bedc84af92,completed,2023-03-06 20:43:42.066461,,
d174021e-88d5-48bf-9474-38bf7ea714db,completed,2023-03-06 20:43:42.066461,,
d17637f2-b798-42e6-bc10-62df6b374bf6,completed,2023-03-06 20:43:42.066461,,
d180b5a2-a0bd-4513-905f-e8e65109012e,completed,2023-03-06 20:43:42.066461,,
d183e9b7-0a6d-4696-a791-923b477b4848,completed,2023-03-06 20:43:42.066461,,
d1883ea1-82d7-4357-834d-77b0d7546a0e,completed,2023-03-06 20:43:42.066461,,
d18f2226-09d0-4d3c-a453-51e9b7fa5cdd,completed,2023-03-06 20:43:42.066461,,
d19035e2-7bfd-4f75-b54d-b9568fa918db,completed,2023-03-06 20:43:42.066461,,
d19b76ca-1faa-4812-a006-dccd3e862013,completed,2023-03-06 20:43:42.066461,,
d19fbe86-bf1a-4bf5-ae0c-6ae352b5167d,completed,2023-03-06 20:43:42.066461,,
d1a15f78-4bf9-4563-8663-2f343b17039e,completed,2023-03-06 20:43:42.066461,,
d1ba6aa7-767c-481e-8a96-9f4d494f7edf,completed,2023-03-06 20:43:42.066461,,
d1bbab99-30fa-4cc4-beb8-8502e780589b,completed,2023-03-06 20:43:42.066461,,
d1c3ada3-8d64-496c-ad1a-18fb7b5f75bf,completed,2023-03-06 20:43:42.066461,,
d1ce3dae-19c0-4abe-90e8-469e3a3c749e,completed,2023-03-06 20:43:42.066461,,
d1f4446d-1ecd-42fb-9343-3afb3789a65a,completed,2023-03-06 20:43:42.066461,,
d203eb91-0d94-4809-89e4-e63bd7cee8c9,completed,2023-03-06 20:43:42.066461,,
d20859cb-a1de-43a1-a2dd-257be35685c1,completed,2023-03-06 20:43:42.066461,,
d21facc4-8a8d-41f8-a03d-6dafc7d542f0,completed,2023-03-06 20:43:42.066461,,
d22509d5-c59b-4d55-8d00-510a58d57337,completed,2023-03-06 20:43:42.066461,,
d22db009-3e6d-4c59-ad0f-ae06ec725ea9,completed,2023-03-06 20:43:42.066461,,
d2341aa6-3dae-4480-9a38-03d084c23b30,completed,2023-03-06 20:43:42.066461,,
d235a266-4dc6-4543-bc56-d4b201bd56f1,completed,2023-03-06 20:43:42.066461,,
d23c0814-fe99-4cbc-9c89-894e27926963,completed,2023-03-06 20:43:42.066461,,
d248d6be-6c22-40ee-809f-7ae7fdf1b3c2,completed,2023-03-06 20:43:42.066461,,
d24a8fa6-c21d-4c1c-8397-886f914dc930,completed,2023-03-06 20:43:42.066461,,
d24b72d7-dc63-4948-9989-cbadd912e316,completed,2023-03-06 20:43:42.066461,,
d254325a-e5bd-4f33-9839-b8c479101a19,completed,2023-03-06 20:43:42.066461,,
d26cc950-cf6b-49da-a8b7-cd48557a07cf,completed,2023-03-06 20:43:42.066461,,
d27c12b3-4b7e-4e56-a3bb-f62b90f7e8eb,completed,2023-03-06 20:43:42.066461,,
d289c3fb-13f4-4de0-b3ee-b0c70b663aea,completed,2023-03-06 20:43:42.066461,,
d28d106f-4dbf-4482-bfff-f802a6389fc4,completed,2023-03-06 20:43:42.066461,,
d28fe632-4a8f-443f-98ef-e0bce5ae5cf3,completed,2023-03-06 20:43:42.066461,,
d2a51298-56cc-40c8-b8ed-50f4522c84ea,completed,2023-03-06 20:43:42.066461,,
d2a5cc09-70e2-4307-85c3-32c239f5cafc,completed,2023-03-06 20:43:42.066461,,
d2b640e7-da22-4826-bef8-c4689a8f66da,completed,2023-03-06 20:43:42.066461,,
d2b7678a-6760-496d-9458-49af57e2e285,completed,2023-03-06 20:43:42.066461,,
d2ba3254-421f-4302-8d7c-3d187293b694,completed,2023-03-06 20:43:42.066461,,
d2c38cda-2ccb-479e-9769-94294eca67dc,completed,2023-03-06 20:43:42.066461,,
d2c3a65c-ff8b-43b5-a1d4-a7dbc828656e,completed,2023-03-06 20:43:42.066461,,
d2cb9e34-f2f6-4abf-aea6-eb94a1c97c7d,completed,2023-03-06 20:43:42.066461,,
d2d138fa-ec8a-412c-98f1-431739f0fba5,completed,2023-03-06 20:43:42.066461,,
d2e6ed96-5efb-4ea9-ac97-f3dbafcf6a70,completed,2023-03-06 20:43:42.066461,,
d2e72c2e-f518-4473-93e4-767243afa6ae,completed,2023-03-06 20:43:42.066461,,
d2ef3259-0a3a-41b2-b9f4-0b37b3e8c475,completed,2023-03-06 20:43:42.066461,,
d2ef4163-cd17-4f0a-b6fc-6e7d7bfbaf9a,completed,2023-03-06 20:43:42.066461,,
d2f0dd68-6c24-45ad-b9f1-e23d96b31dad,completed,2023-03-06 20:43:42.066461,,
d2f2c3a0-046e-4625-bd9a-5c5a6dc0c15c,completed,2023-03-06 20:43:42.066461,,
d2f6cdf8-ec57-4e6b-98f4-2e991b273ddc,completed,2023-03-06 20:43:42.066461,,
d3052a03-1169-4008-90a9-9fca9166e1ad,completed,2023-03-06 20:43:42.066461,,
d3118893-bcf1-4299-8e9e-98587dc157a1,completed,2023-03-06 20:43:42.066461,,
d311b419-4efe-4c3a-b2a2-4644acc2cc0e,completed,2023-03-06 20:43:42.066461,,
d3126460-cf54-4a6f-9fed-d6270d54d803,completed,2023-03-06 20:43:42.066461,,
d317dec4-8733-4859-aad0-8dfd2529bd21,completed,2023-03-06 20:43:42.066461,,
d31fc447-7b4a-40b5-87e8-e4811df49b15,completed,2023-03-06 20:43:42.066461,,
d3218347-26d6-4a23-8036-0a23b47088a0,completed,2023-03-06 20:43:42.066461,,
d3291f0a-5f3a-4c0d-a76f-154cbfe8e941,completed,2023-03-06 20:43:42.066461,,
d32ba44c-6948-4270-bf56-eafe5db83cf8,completed,2023-03-06 20:43:42.066461,,
d333b7fa-ad13-47ea-8639-27e21d9d53ea,completed,2023-03-06 20:43:42.066461,,
d3394ee5-0e5e-44d9-bbbd-ce15a0d9d006,completed,2023-03-06 20:43:42.066461,,
d33b3f4c-bbc2-498b-a2c0-932034839a48,completed,2023-03-06 20:43:42.066461,,
d34cda54-6383-4e62-adf5-490851c1dc29,completed,2023-03-06 20:43:42.066461,,
d3564061-5700-4173-bd3b-606dba2ffcbe,completed,2023-03-06 20:43:42.066461,,
d35cbf16-10f3-43a9-a5ec-fcfbe6d886a9,completed,2023-03-06 20:43:42.066461,,
d35f8c0f-c8f8-411a-aec5-09f4abf97a41,completed,2023-03-06 20:43:42.066461,,
d360e198-9d98-4075-a51c-7ded902cda0a,completed,2023-03-06 20:43:42.066461,,
d363fe41-0c63-4f4c-a2db-911022a7560f,completed,2023-03-06 20:43:42.066461,,
d364ef62-63d9-4ce7-947c-640be2401b2f,completed,2023-03-06 20:43:42.066461,,
d3735b0f-e447-4d2d-a93c-4d55e479948d,completed,2023-03-06 20:43:42.066461,,
d374c0c2-c167-4f3d-8132-59a5ab178b43,completed,2023-03-06 20:43:42.066461,,
d38ba612-9de6-4191-ab45-a5432bf8169d,completed,2023-03-06 20:43:42.066461,,
d38f215d-905c-4ada-af2f-1a2eb33b11f3,completed,2023-03-06 20:43:42.066461,,
d3935e21-7a90-43f6-a944-81b0ea8c0c23,completed,2023-03-06 20:43:42.066461,,
d39c704c-9ebc-42c3-9c07-04a46409bb35,completed,2023-03-06 20:43:42.066461,,
d39df5f8-8c8f-4c0f-b0d7-713637b00cf9,completed,2023-03-06 20:43:42.066461,,
d3a42209-0287-45e9-b960-c106d79d5567,completed,2023-03-06 20:43:42.066461,,
d3abc11a-006c-4d0a-860b-7a106b7eba62,completed,2023-03-06 20:43:42.066461,,
d3b1e34b-f2ac-4eca-9e45-577c68d6c30d,completed,2023-03-06 20:43:42.066461,,
d3b91496-fba0-450d-a969-8bd58858d4bf,completed,2023-03-06 20:43:42.066461,,
d3bb0435-b1d7-43fa-8952-63162c2033bd,completed,2023-03-06 20:43:42.066461,,
d3bba17a-881f-4e91-a5ec-41926486d45c,completed,2023-03-06 20:43:42.066461,,
d3c4e8dd-2494-4ef9-a6bb-45cdfba6efc1,completed,2023-03-06 20:43:42.066461,,
d3c968f0-c22c-4437-a568-bf0ee223bffd,completed,2023-03-06 20:43:42.066461,,
d3d1c1ae-7753-44c9-ba56-513a855eb37e,completed,2023-03-06 20:43:42.066461,,
d3e828ae-cb0f-42a2-9a2c-1637333e526e,completed,2023-03-06 20:43:42.066461,,
d3f65fb5-e925-4099-a33a-a1d1f76fe6fe,completed,2023-03-06 20:43:42.066461,,
d3f9e6f5-8934-45b3-b9a5-a0dee7ed8347,completed,2023-03-06 20:43:42.066461,,
d4010d6d-7c9b-42bb-9ab5-ca0f959358de,completed,2023-03-06 20:43:42.066461,,
d4017536-53f6-4dce-a9f4-419f62ae692d,completed,2023-03-06 20:43:42.066461,,
d40504c8-f06b-49b5-a0cb-5d32a8944042,completed,2023-03-06 20:43:42.066461,,
d415a04d-81b2-4a99-9a4c-5e259b8cc253,completed,2023-03-06 20:43:42.066461,,
d427da59-9cb5-4e4a-9615-9d6b7a390cc9,completed,2023-03-06 20:43:42.066461,,
d430d732-d629-40ed-9c72-19617c7985a6,completed,2023-03-06 20:43:42.066461,,
d436e60f-38d2-4a6a-8fe6-daf84034fe3e,completed,2023-03-06 20:43:42.066461,,
d444f836-e9ea-4233-81b7-111c87f37797,completed,2023-03-06 20:43:42.066461,,
d44caff5-2efb-4ee7-a9f9-0c68cb202a47,completed,2023-03-06 20:43:42.066461,,
d44f04f4-cb59-4a83-9422-5be2b7d19e0a,completed,2023-03-06 20:43:42.066461,,
d45ad99b-4e7f-434c-866d-88267a123c70,completed,2023-03-06 20:43:42.066461,,
d45da0a6-5825-44e0-b9b5-f281b04ae468,completed,2023-03-06 20:43:42.066461,,
d472c73c-7105-4e0c-af59-c06018afad75,completed,2023-03-06 20:43:42.066461,,
d475dfda-52b4-4e28-bbab-5c86a7ca367f,completed,2023-03-06 20:43:42.066461,,
d479175b-1562-4754-8ced-60571b1c520a,completed,2023-03-06 20:43:42.066461,,
d479684a-cbe1-4a02-a1c6-652f7bcf85a9,completed,2023-03-06 20:43:42.066461,,
d47d1ab2-2738-48c9-86b0-e1ce0f782357,completed,2023-03-06 20:43:42.066461,,
d47e4223-16f4-418d-93bc-dcdf32a93ebf,completed,2023-03-06 20:43:42.066461,,
d488e6a4-2053-4978-b44e-5f4ae9bb806d,completed,2023-03-06 20:43:42.066461,,
d491f971-7693-404d-8750-61ebf2010be6,completed,2023-03-06 20:43:42.066461,,
d493fcd2-1b78-460a-8e7f-bdb51e339bd5,completed,2023-03-06 20:43:42.066461,,
d4998bc8-c167-4d39-bdd2-a708f1b87128,completed,2023-03-06 20:43:42.066461,,
d49a0a1a-2095-4c00-8c02-cb9edda89aff,completed,2023-03-06 20:43:42.066461,,
d49f53f1-92c4-46ae-a911-968f51f7bb6b,completed,2023-03-06 20:43:42.066461,,
d4a94a9c-9bc1-4486-91b8-2d16d1f8d81c,completed,2023-03-06 20:43:42.066461,,
d4ab64c2-0c94-4efc-b194-0f5a16df8e29,completed,2023-03-06 20:43:42.066461,,
d4b4a57a-0f6c-41a0-8a53-289e25c031f8,completed,2023-03-06 20:43:42.066461,,
d4b5f182-83c8-4793-8413-0bee47442c69,completed,2023-03-06 20:43:42.066461,,
d4bbc52c-f485-47b1-888a-84229ff2f9d0,completed,2023-03-06 20:43:42.066461,X,
d4c4e39a-c294-4fcb-b4f4-0498035b73c2,completed,2023-03-06 20:43:42.066461,,
d4ca465d-05e3-41b4-8d8b-4f76febfa73f,completed,2023-03-06 20:43:42.066461,,
d4d2ccb4-d39a-4adb-bd10-d2f6bd703bcb,completed,2023-03-06 20:43:42.066461,,
d4d39048-87c1-48f2-bc46-774df02b2bc5,completed,2023-03-06 20:43:42.066461,,
d4d3b97e-4dcf-4bf5-939c-5cd89711287d,completed,2023-03-06 20:43:42.066461,,
d4d8669a-8c1a-40a7-9fa9-43c829c76a79,completed,2023-03-06 20:43:42.066461,,
d4e3a021-78da-49f9-836b-83e42d1266c1,completed,2023-03-06 20:43:42.066461,,
d4e47e80-bf1c-4df9-889a-69c7ce0f841b,completed,2023-03-06 20:43:42.066461,,
d4ea8045-5a69-458a-ad88-d33ac69e066a,completed,2023-03-06 20:43:42.066461,,
d4ef75b2-ab02-470f-9d0f-5a6efce4da88,completed,2023-03-06 20:43:42.066461,,
d4f5b74f-8e52-43b1-b580-47920b60f7cb,completed,2023-03-06 20:43:42.066461,,
d4fe14e4-583e-4ea1-8389-fd349a9707bf,completed,2023-03-06 20:43:42.066461,,
d50e051c-0934-4107-b944-c1e29bc7c60a,completed,2023-03-06 20:43:42.066461,,
d50f9dd1-31dc-4249-9753-5fbc931f90dc,completed,2023-03-06 20:43:42.066461,,
d51726f9-42ee-4049-bdd3-d7b5b9f86d89,completed,2023-03-06 20:43:42.066461,,
d517f2cc-50e3-40e7-84a7-5fbef50b680f,completed,2023-03-06 20:43:42.066461,,
d51ef7f4-1761-41bb-aff6-a5443c4fe596,completed,2023-03-06 20:43:42.066461,,
d5295eff-08f5-4f8f-ba4e-191e07041311,completed,2023-03-06 20:43:42.066461,,
d52ba98e-380d-4be6-b5e9-e0f81f76a8f4,completed,2023-03-06 20:43:42.066461,,
d53058ac-9b23-430e-b85f-35a140c32bdf,completed,2023-03-06 20:43:42.066461,,
d536a612-e5b7-43aa-b129-0f46135a6415,completed,2023-03-06 20:43:42.066461,,
d5564cad-f9e0-4e83-ac7c-9520526571d6,completed,2023-03-06 20:43:42.066461,,
d55e42ca-4259-4783-877e-52a561dacba6,completed,2023-03-06 20:43:42.066461,,
d560c7e7-df5d-48c2-a6da-7337b212c81b,completed,2023-03-06 20:43:42.066461,,
d5624889-beb3-4dc8-babe-aa1fdfaabd66,completed,2023-03-06 20:43:42.066461,,
d566f896-8acb-4f0a-9de1-09fc47e2f3d5,completed,2023-03-06 20:43:42.066461,,
d56a9b48-158d-4ecf-8da6-3ba29cc1f317,completed,2023-03-06 20:43:42.066461,,
d570248c-5d8e-4313-95f8-a7827408c16a,completed,2023-03-06 20:43:42.066461,,
d570a25c-4921-4881-a846-db4363be6649,completed,2023-03-06 20:43:42.066461,,
d57b86a2-a4e7-43a7-8092-319cd2860f76,completed,2023-03-06 20:43:42.066461,,
d581864e-452f-42b8-a4ce-f0aedc8c46f5,completed,2023-03-06 20:43:42.066461,,
d581ed98-3266-4291-8918-d658b7c254a1,completed,2023-03-06 20:43:42.066461,,
d5864cd3-4cae-4236-a173-a21a6bfa7670,completed,2023-03-06 20:43:42.066461,,
d58aaba4-f954-42b3-b28b-8a9b7578cd87,completed,2023-03-06 20:43:42.066461,,
d5973536-67b4-4e68-b61a-6fc3af6ff4c2,completed,2023-03-06 20:43:42.066461,,
d599cd8e-7269-4f98-892f-b01bd0ffc47c,completed,2023-03-06 20:43:42.066461,,
d5a27de3-3d90-4bf3-b15b-a33f8e3e3059,completed,2023-03-06 20:43:42.066461,,
d5a9d586-9152-44e4-aa70-23fd67a23725,completed,2023-03-06 20:43:42.066461,,
d5ad6610-16eb-40f2-89f3-82739b06ebcf,completed,2023-03-06 20:43:42.066461,,
d5b68777-c15f-485c-ae35-d57d10c75b40,completed,2023-03-06 20:43:42.066461,,
d5b91450-ef2c-423d-8438-676a6809ea32,completed,2023-03-06 20:43:42.066461,,
d5bdde17-d14a-4b9f-a340-07a30e4f6a4a,completed,2023-03-06 20:43:42.066461,,
d5bfb339-c028-4b7f-8fb6-0b95e2b3ba92,completed,2023-03-06 20:43:42.066461,,
d5cd98e1-0e87-4301-9ed3-57be1983b307,completed,2023-03-06 20:43:42.066461,,
d5d6a2ad-420d-460a-9bf3-9dbf57ecee9e,completed,2023-03-06 20:43:42.066461,,
d5d75005-5f33-4ff4-ad9c-4680378a44ae,completed,2023-03-06 20:43:42.066461,,
d5e98305-4074-493a-a344-04f8d27656a3,completed,2023-03-06 20:43:42.066461,,
d5eef128-63d7-4952-adec-af76f4f07a78,completed,2023-03-06 20:43:42.066461,,
d5f0985b-596d-4177-accc-194b18870799,completed,2023-03-06 20:43:42.066461,,
d5faf06d-390d-4c57-8e81-4b9ab0a3fdbb,completed,2023-03-06 20:43:42.066461,,
d5fe8115-ffaa-4492-a8df-c7ee4dde2146,completed,2023-03-06 20:43:42.066461,,
d6054f7d-845f-457f-be12-d0250bb95e12,completed,2023-03-06 20:43:42.066461,,
d60888d2-8e76-4d73-887a-50a7b96e88e5,completed,2023-03-06 20:43:42.066461,,
d61a7b55-0233-4e1c-9137-b7f18f41562a,completed,2023-03-06 20:43:42.066461,,
d62441ed-5dcd-48e4-8b65-538f44d5cc6a,completed,2023-03-06 20:43:42.066461,,
d6262fa6-b3b6-4fab-b41b-17b1b44f386c,completed,2023-03-06 20:43:42.066461,,
d63288e8-361e-4f3f-ac12-8b7eea7c348d,completed,2023-03-06 20:43:42.066461,,
d634dbbf-f193-46ef-b936-39533ad62052,completed,2023-03-06 20:43:42.066461,,
d6406dcc-85bb-4f1a-a4ce-230c9959189f,completed,2023-03-06 20:43:42.066461,,
d65bafc6-8677-4aea-b9f4-520562fc441c,completed,2023-03-06 20:43:42.066461,,
d66eb4c4-b114-435c-ad55-6df508fabf72,completed,2023-03-06 20:43:42.066461,,
d67054e1-3eba-4d02-bc3a-a26a10b57dbe,completed,2023-03-06 20:43:42.066461,,
d673590b-d54f-40e1-8f3e-15249a4c5ba6,completed,2023-03-06 20:43:42.066461,,
d674f43f-a473-4a23-ae12-3b551a790d98,completed,2023-03-06 20:43:42.066461,,
d67995a6-8b06-4bfe-b7bf-844fd0410e4f,completed,2023-03-06 20:43:42.066461,,
d686a399-8ea0-4f46-bef0-be5bd710b9c8,completed,2023-03-06 20:43:42.066461,,
d688f30f-1a5e-457a-9aa0-54c1984659c7,completed,2023-03-06 20:43:42.066461,,
d691394d-ac7e-46db-85d1-0eff6604fa0c,completed,2023-03-06 20:43:42.066461,,
d6939f92-bc31-4522-a1cb-b4f074dc0604,completed,2023-03-06 20:43:42.066461,,
d69e229d-904c-4346-9bf3-7f6bf80022cf,completed,2023-03-06 20:43:42.066461,,
d6a52979-bf37-4b5e-89f7-3f816eca795f,completed,2023-03-06 20:43:42.066461,,
d6b01291-bd6e-458a-ae9c-51d910a578fc,completed,2023-03-06 20:43:42.066461,,
d6bbb426-6a47-40f3-85f3-ef59adf2f1cf,completed,2023-03-06 20:43:42.066461,,
d6c31fd1-f2e8-4ddc-ad18-3cd4f4b4c7f8,completed,2023-03-06 20:43:42.066461,,
d6c7427b-4e7f-4cd6-85ef-4b300cc679d6,completed,2023-03-06 20:43:42.066461,,
d6cad447-fc9f-4ff4-a894-fb684574c355,completed,2023-03-06 20:43:42.066461,,
d6cc8dea-1de9-473c-8678-461c62614aa4,completed,2023-03-06 20:43:42.066461,,
d6d99f82-230c-42f5-b9a9-4d4f9ac328e3,completed,2023-03-06 20:43:42.066461,,
d6e151c2-ca2e-4a09-b2e1-a541e2d4f486,completed,2023-03-06 20:43:42.066461,,
d6e1e192-e38d-48ca-ad09-b0dccd75e128,completed,2023-03-06 20:43:42.066461,,
d6f2d62e-0dc3-4578-bce1-ab42eb141ba1,completed,2023-03-06 20:43:42.066461,,
d6f67fb5-fa11-49b7-8fdf-1dda382f79f1,completed,2023-03-06 20:43:42.066461,,
d6f99700-e68b-4a80-9d33-22da5ec1f0cb,completed,2023-03-06 20:43:42.066461,,
d70334bd-26ce-4267-b5c7-d95c594ddcbb,completed,2023-03-06 20:43:42.066461,,
d703580b-e1a2-4293-893d-68c20a578e62,completed,2023-03-06 20:43:42.066461,,
d712f417-b9a8-4b58-978a-a2f26d9bf211,completed,2023-03-06 20:43:42.066461,,
d714dffb-f301-4b65-8135-66f2c77a7647,completed,2023-03-06 20:43:42.066461,,
d714e0dc-db5c-4d8a-8222-21c5716fbb42,completed,2023-03-06 20:43:42.066461,,
d718a471-197a-41c7-bdde-7958009e8fee,completed,2023-03-06 20:43:42.066461,,
d720b925-0a5b-4fbb-baec-96cd7a2bc788,completed,2023-03-06 20:43:42.066461,,
d724259d-b821-4255-9430-e05af7a1541b,completed,2023-03-06 20:43:42.066461,,
d7339b2d-bac0-42a9-98dc-24e6642c5ddc,completed,2023-03-06 20:43:42.066461,,
d733c5aa-80f6-41bf-8619-03e7a7ed0b25,completed,2023-03-06 20:43:42.066461,,
d7378cbb-a25e-45c0-a1c0-1ed6291b8c02,completed,2023-03-06 20:43:42.066461,,
d737baf4-cabc-457e-bb39-24b3b261e0d4,completed,2023-03-06 20:43:42.066461,,
d73937ea-2d41-47e5-a1f2-782aebd73b96,completed,2023-03-06 20:43:42.066461,,
d73a1934-35e4-428a-9c74-c4f20bcc71f4,completed,2023-03-06 20:43:42.066461,,
d7423409-0523-409a-b87f-929b4d6901ac,completed,2023-03-06 20:43:42.066461,,
d74b01ea-6414-4c57-90bc-ecd6b6f923a8,completed,2023-03-06 20:43:42.066461,,
d74c4115-35a3-44ce-892a-4b7558571294,completed,2023-03-06 20:43:42.066461,,
d74e1dca-25b0-422d-9ad1-f4c7a559c1a5,completed,2023-03-06 20:43:42.066461,,
d74f7dc5-4c79-4485-8cc7-9d41981ffcfd,completed,2023-03-06 20:43:42.066461,,
d75fbcfb-716d-4da4-97f1-0736196895d8,completed,2023-03-06 20:43:42.066461,,
d767187a-574a-4de0-9026-55eacbc928a4,completed,2023-03-06 20:43:42.066461,,
d7799208-7c53-4f5c-aacd-8b87dfcf8040,completed,2023-03-06 20:43:42.066461,,
d78c005a-b516-4cd3-8ff8-f35a9594c334,completed,2023-03-06 20:43:42.066461,,
d79155ef-576e-4259-b0cd-9c69caf1ae7c,completed,2023-03-06 20:43:42.066461,,
d796ca81-bb74-4c01-a43a-f7c11af05986,completed,2023-03-06 20:43:42.066461,X,
d7a91bc9-ea54-4902-ad5c-2a5e3ee72fd9,completed,2023-03-06 20:43:42.066461,,
d7b072a4-f124-4508-a3d9-401697b2a7c1,completed,2023-03-06 20:43:42.066461,,
d7b7218f-9313-46a4-8e63-25d0f3860bf9,completed,2023-03-06 20:43:42.066461,,
d7b7276a-2e96-425f-8a6e-8ab400aa08fb,completed,2023-03-06 20:43:42.066461,,
d7bbaeae-8b5f-46da-8147-092869b3e5c5,completed,2023-03-06 20:43:42.066461,,
d7c09047-9fa6-4327-8814-c8462bd83bc3,completed,2023-03-06 20:43:42.066461,,
d7c0fe8d-e809-46fe-9a89-aee35bf95223,completed,2023-03-06 20:43:42.066461,,
d7c668a6-ab5d-4638-9741-fe5b9de8892d,completed,2023-03-06 20:43:42.066461,,
d7c779d6-4e6b-4fcb-b602-0da11b78cafc,completed,2023-03-06 20:43:42.066461,,
d7cbc50e-c129-4493-930d-e7c4a600b161,completed,2023-03-06 20:43:42.066461,,
d7cbf26a-47b6-4627-bdfb-dbf375562750,completed,2023-03-06 20:43:42.066461,,
d7d3a577-04be-422b-9ae0-6fe32bb09d62,completed,2023-03-06 20:43:42.066461,,
d7d3d225-1519-4027-bd9c-a2490086f5cf,completed,2023-03-06 20:43:42.066461,,
d7d4c90f-6766-4855-b6ff-32d1aefcf91f,completed,2023-03-06 20:43:42.066461,,
d7d6fee0-de10-4fd3-b7d0-f2245fc441bd,completed,2023-03-06 20:43:42.066461,,
d7d8dda3-a5bf-4f19-8cf0-5e208f4aea5d,completed,2023-03-06 20:43:42.066461,,
d7d91402-31cd-4273-a477-ec73c2edc674,completed,2023-03-06 20:43:42.066461,,
d7dfa807-0621-48cb-951c-1bc4641d8f25,completed,2023-03-06 20:43:42.066461,,
d7e0bdc4-bd1c-4722-a3dc-5a932d75c01a,completed,2023-03-06 20:43:42.066461,,
d7e0e005-2409-4e0d-bf19-23e4cf149a29,completed,2023-03-06 20:43:42.066461,,
d7e1ce3c-428e-4ff7-9060-4fdc04411d7d,completed,2023-03-06 20:43:42.066461,,
d7e42a69-5bf1-490f-85ec-4c889782f70c,completed,2023-03-06 20:43:42.066461,,
d7eb57da-285c-4c4b-baba-90b6c4daec9a,completed,2023-03-06 20:43:42.066461,,
d7fa1fbb-522a-4498-9742-2adaf298dfb3,completed,2023-03-06 20:43:42.066461,,
d80763bd-a9b0-41c4-a5ea-22b60a17bcbb,completed,2023-03-06 20:43:42.066461,,
d8084772-39e8-40cb-b27e-8a9644fc5413,completed,2023-03-06 20:43:42.066461,,
d8093016-0449-4ec5-a179-f17f27c799c4,completed,2023-03-06 20:43:42.066461,,
d809e18d-f23b-451d-9b15-866cc46b7071,completed,2023-03-06 20:43:42.066461,,
d80ac6c9-e36e-4aac-99fd-92ff897d8582,completed,2023-03-06 20:43:42.066461,,
d80f2736-422c-494b-b96f-e27f44c59efd,completed,2023-03-06 20:43:42.066461,,
d8311e05-5c10-4d99-92f3-a9e6b8a689a1,completed,2023-03-06 20:43:42.066461,,
d83bca40-08d3-4494-a3ea-6ae56be39fb5,completed,2023-03-06 20:43:42.066461,,
d840d204-b40f-46db-a113-4ab7dce93aed,completed,2023-03-06 20:43:42.066461,,
d845f755-a3ad-4b3e-8393-b41432f98a7a,completed,2023-03-06 20:43:42.066461,,
d8495ef3-12a2-468b-aa6d-6ac6f8988dc1,completed,2023-03-06 20:43:42.066461,,
d8557234-f96a-4526-b572-14fa53510744,completed,2023-03-06 20:43:42.066461,,
d8637f78-ccf9-4e82-b710-eefb88c4caa5,completed,2023-03-06 20:43:42.066461,,
d8638d87-67ac-46a4-b5d7-33ac11cf5dcd,completed,2023-03-06 20:43:42.066461,,
d8696112-ff25-47c4-9464-84f7da2a8075,completed,2023-03-06 20:43:42.066461,,
d871eadc-3308-4065-82e8-64d519145d75,completed,2023-03-06 20:43:42.066461,,
d87f9df8-6874-4ba0-941c-de0479e61296,completed,2023-03-06 20:43:42.066461,,
d88fa25a-3d47-4841-bd12-d67252590326,completed,2023-03-06 20:43:42.066461,,
d89129ed-2add-4e70-bcde-cba6d4851d92,completed,2023-03-06 20:43:42.066461,,
d892dfab-6232-4645-9cf9-6afbb15a653e,completed,2023-03-06 20:43:42.066461,,
d8a4f097-1c60-4a47-b3ee-fb3fe66f26d5,completed,2023-03-06 20:43:42.066461,,
d8a6ac2c-53f4-445c-861f-8df038ecb4e8,completed,2023-03-06 20:43:42.066461,,
d8b14280-5fcb-4900-9642-6e055b08a6f3,completed,2023-03-06 20:43:42.066461,,
d8b21787-b651-4dfe-b876-33898758ee78,completed,2023-03-06 20:43:42.066461,,
d8b3c602-892d-46f9-a446-e579020284ee,completed,2023-03-06 20:43:42.066461,,
d8b3d004-7576-4cd2-9b3d-9740673b45ac,completed,2023-03-06 20:43:42.066461,,
d8c50e12-59a0-4581-8bc1-b4998234ffc4,completed,2023-03-06 20:43:42.066461,,
d8d535cf-5575-4f56-b864-db86d2514b9f,completed,2023-03-06 20:43:42.066461,,
d8df4b2e-4167-4249-9e68-5c84e46f45c1,completed,2023-03-06 20:43:42.066461,,
d8e6e316-fc22-43d9-9dc0-a1d2eaefb714,completed,2023-03-06 20:43:42.066461,,
d8e8317e-d475-430a-bbb0-c6beaf2f1eb5,completed,2023-03-06 20:43:42.066461,,
d8e8736e-fc7d-41d8-9686-a1b6996ced14,completed,2023-03-06 20:43:42.066461,,
d8f73ca1-d5c7-4f85-aef2-72f9fb2ea218,completed,2023-03-06 20:43:42.066461,,
d8fad953-3418-4aad-88bf-914133d6c238,completed,2023-03-06 20:43:42.066461,,
d9006923-c275-4ddc-b0f7-d21b0c1140d7,completed,2023-03-06 20:43:42.066461,,
d9007b64-012c-46ed-84cc-9a2ff7e4b8c2,completed,2023-03-06 20:43:42.066461,,
d9010dc6-0270-480c-a32a-e289e11c0ade,completed,2023-03-06 20:43:42.066461,,
d90ac7a8-164e-49ad-824b-ab6e196b1347,completed,2023-03-06 20:43:42.066461,,
d90b3258-a3e6-4b89-8440-8736601a3cf1,completed,2023-03-06 20:43:42.066461,,
d917e1ef-92f8-45ac-84a1-9bb4b39e530d,completed,2023-03-06 20:43:42.066461,,
d928780b-7bd8-4f89-a5e6-b6cade0cce96,completed,2023-03-06 20:43:42.066461,,
d939c91b-9ed7-4885-9032-54548b8a86ce,completed,2023-03-06 20:43:42.066461,,
d93a3f4e-3f7c-481d-bf15-23d6c15350a0,completed,2023-03-06 20:43:42.066461,,
d93ba6f3-c5c2-4625-a683-1e08a1955ae9,completed,2023-03-06 20:43:42.066461,,
d93ed931-b1e0-47ef-89f3-deca0fb4ab53,completed,2023-03-06 20:43:42.066461,,
d94faa76-c4aa-41db-9d0a-9df30c4d58b1,completed,2023-03-06 20:43:42.066461,,
d952638b-3665-48df-820b-12544bc90ca7,completed,2023-03-06 20:43:42.066461,,
d9575db5-a449-4c3d-bd6b-42124909b0b5,completed,2023-03-06 20:43:42.066461,,
d95d472f-698e-4b29-be48-a0e5e3ca65fe,completed,2023-03-06 20:43:42.066461,,
d968d08a-b470-496b-9677-b97cc8fe8f61,completed,2023-03-06 20:43:42.066461,,
d96a5842-9544-4c8e-866f-1fd79eed2606,completed,2023-03-06 20:43:42.066461,,
d9743d03-7865-4f09-b829-26232c0ab737,completed,2023-03-06 20:43:42.066461,,
d976238b-0138-4fc0-a2e8-39ac8d367dda,completed,2023-03-06 20:43:42.066461,,
d97e3c9d-ecc5-4ddc-b3d7-de00610737b9,completed,2023-03-06 20:43:42.066461,,
d98ad011-12fc-4f63-a528-dd23b6e1aeab,completed,2023-03-06 20:43:42.066461,,
d98f53f6-af0e-4e48-972e-fdfd61f5d30d,completed,2023-03-06 20:43:42.066461,,
d9902203-ae10-4e09-8622-fd2c38dee6d9,completed,2023-03-06 20:43:42.066461,,
d99805c0-22cf-42da-9c02-a48171268bd2,completed,2023-03-06 20:43:42.066461,,
d9a26b16-2d1f-408f-8fbd-c9c9c7110e9b,completed,2023-03-06 20:43:42.066461,,
d9a928fb-5449-4463-a100-90e9a23fc41b,completed,2023-03-06 20:43:42.066461,,
d9b4f220-909a-4700-b0dd-8070095ab7c6,completed,2023-03-06 20:43:42.066461,,
d9bc0f0f-19fa-4e58-b306-12221179e03d,completed,2023-03-06 20:43:42.066461,,
d9c23097-e0e3-4431-8f79-733d4996c66b,completed,2023-03-06 20:43:42.066461,,
d9cef846-413f-4f00-be61-5046db901622,completed,2023-03-06 20:43:42.066461,,
d9d9a85c-ffe5-411e-be13-3a3dd8d1e7e2,completed,2023-03-06 20:43:42.066461,,
d9dba14c-9c43-4c61-b2ad-0b01d9e1b223,completed,2023-03-06 20:43:42.066461,,
d9dec105-7908-4e23-8545-fd6a35224ca7,completed,2023-03-06 20:43:42.066461,,
d9e0afa6-b31d-4212-a39a-0e5e85156976,completed,2023-03-06 20:43:42.066461,,
d9e568ef-144c-496a-aef0-9ff0f42e39cc,completed,2023-03-06 20:43:42.066461,,
d9f32de7-0288-4de5-95f3-e958b33425a6,completed,2023-03-06 20:43:42.066461,,X
d9f43c93-ccac-45fe-9230-829baa003a32,completed,2023-03-06 20:43:42.066461,,
d9f517bd-bc52-4c7a-bd46-b0c0d752e154,completed,2023-03-06 20:43:42.066461,,
da0020bf-a0c9-4014-b160-4d8d05dfd976,completed,2023-03-06 20:43:42.066461,,
da008617-0e1f-4a95-9d9d-bb40a0c39b05,completed,2023-03-06 20:43:42.066461,,
da031eb9-a70d-4937-a2e3-8e76945b80f2,completed,2023-03-06 20:43:42.066461,,
da050dc5-a7d9-4465-99ba-4ca5798033d3,completed,2023-03-06 20:43:42.066461,,
da09bc67-9f85-4b75-8b8e-8f4a0f3943bb,completed,2023-03-06 20:43:42.066461,,
da0d403a-fa33-4b4a-a7cb-42118b66f57f,completed,2023-03-06 20:43:42.066461,,
da2c6027-5edc-48fe-b99e-014bebabe641,completed,2023-03-06 20:43:42.066461,,
da434dd8-fea6-4022-b09c-e9040979aebd,completed,2023-03-06 20:43:42.066461,,
da47f022-8cec-41d8-bfb1-31f2bacd6314,completed,2023-03-06 20:43:42.066461,,
da4d7318-4f06-423c-96fb-00c85fe72337,completed,2023-03-06 20:43:42.066461,,
da4e21a3-ad09-4412-b58e-a00d15cb09d5,completed,2023-03-06 20:43:42.066461,,
da512e53-366d-4e6a-aa98-1f8333ae19b2,completed,2023-03-06 20:43:42.066461,,
da519166-31ef-4dc5-801b-e2d9b671e646,completed,2023-03-06 20:43:42.066461,,
da557367-53ba-41bd-86ff-ec0612bc4c48,completed,2023-03-06 20:43:42.066461,,
da5859cb-e80a-48fe-bf17-cd24bc6403cd,completed,2023-03-06 20:43:42.066461,,
da5a02e3-aef4-40f2-ba00-8f9ab6dc42a5,completed,2023-03-06 20:43:42.066461,,
da5b1cf6-dbec-465a-9918-54b0ebb8b6c3,completed,2023-03-06 20:43:42.066461,,
da6b748a-4a0a-4de9-b172-c72c7aabad7d,completed,2023-03-06 20:43:42.066461,,
da73329e-fa43-49e7-9b05-361105935903,completed,2023-03-06 20:43:42.066461,,
da7c12cd-372d-4aa6-872a-02f5b264f3d6,completed,2023-03-06 20:43:42.066461,,
da80f48c-430b-4b43-8de5-d121330978a7,completed,2023-03-06 20:43:42.066461,,
da886b8c-a1ae-4df8-b137-8485967d02c6,completed,2023-03-06 20:43:42.066461,,
da8d4d99-3402-4628-a318-9384944fea7a,completed,2023-03-06 20:43:42.066461,,
da8e560c-edbe-480b-958b-c31a24af7608,completed,2023-03-06 20:43:42.066461,,
da8fca47-7ce5-4d6b-b9e2-a262f07649bc,completed,2023-03-06 20:43:42.066461,,
da94c362-2530-47d2-b0a2-80b488131ddc,completed,2023-03-06 20:43:42.066461,,
daa72355-0266-4603-bda8-243949f7c46e,completed,2023-03-06 20:43:42.066461,,
daa9c1b3-683c-4ee3-ad4e-d861aea1c0e9,completed,2023-03-06 20:43:42.066461,,
dab1c634-84aa-4c87-a53a-f37769ab84e6,completed,2023-03-06 20:43:42.066461,,
dab45c94-672f-409e-bd6e-02e956eab5cd,completed,2023-03-06 20:43:42.066461,,
dab90462-4b8e-4d92-9e1a-2a5d8f27dd39,completed,2023-03-06 20:43:42.066461,,
daba5419-c171-4a45-a08c-47dcca99b417,completed,2023-03-06 20:43:42.066461,,
dace48e8-8fe0-4a55-aaf0-a731024b8e2b,completed,2023-03-06 20:43:42.066461,,
dad0b2d6-6472-4f9f-809c-15c610325349,completed,2023-03-06 20:43:42.066461,,
dad12dc7-56d3-4283-940e-5962eb60a0ff,completed,2023-03-06 20:43:42.066461,,
dad55a5c-d935-4c83-be2a-7f28ec59fc6f,completed,2023-03-06 20:43:42.066461,,
dad865b8-f36c-41a1-b989-cc1a1a5b8240,completed,2023-03-06 20:43:42.066461,,
dad92588-6039-4dc7-aa42-09d01bc5a9f9,completed,2023-03-06 20:43:42.066461,,
dae63cea-7670-433a-ae47-4a24b6a6c73a,completed,2023-03-06 20:43:42.066461,,
dae6c4a1-d380-4984-9a92-d7b6085218e3,completed,2023-03-06 20:43:42.066461,,
dae856b5-a2ea-455c-bf69-5b8ffd6e25fa,completed,2023-03-06 20:43:42.066461,,
daf76c34-d9fe-4caa-a3d5-0c8048fa060d,completed,2023-03-06 20:43:42.066461,,
dafb09d6-c248-4726-adb7-91bf6222e58a,completed,2023-03-06 20:43:42.066461,,
db009a22-fe1e-4f59-b13d-d34e97b38023,completed,2023-03-06 20:43:42.066461,,
db019fae-635c-4d86-aaf0-eb60c758af80,completed,2023-03-06 20:43:42.066461,,
db029653-5e9d-41bd-a49e-49cfa8a5a098,completed,2023-03-06 20:43:42.066461,,
db0adcb9-3fd6-4d6a-af86-a78881866aad,completed,2023-03-06 20:43:42.066461,,
db1330e0-c8f0-4e34-88d1-471e4abba011,completed,2023-03-06 20:43:42.066461,,
db134d90-e06d-4f51-8788-cdeec59731f7,completed,2023-03-06 20:43:42.066461,,
db1a388d-7c1b-4caf-830a-262beb590a24,completed,2023-03-06 20:43:42.066461,,
db1ef309-6b89-4758-abbb-69ee3ab03278,completed,2023-03-06 20:43:42.066461,,
db22b1c9-6253-4512-9acd-35ed5e140188,completed,2023-03-06 20:43:42.066461,,
db24f038-8666-4edb-ad28-f6566c293173,completed,2023-03-06 20:43:42.066461,,
db2f89d3-724f-4a39-bb9c-76b842c6485a,completed,2023-03-06 20:43:42.066461,,
db3f4b35-8de3-4065-ac39-ba1a1254ca09,completed,2023-03-06 20:43:42.066461,,
db431e86-f00e-4fc7-8067-70f4da58c097,completed,2023-03-06 20:43:42.066461,,
db45cac5-d307-4099-9c97-6f198cf085a9,completed,2023-03-06 20:43:42.066461,,
db500c0e-b7be-4d46-ac52-4f37894ad1a0,completed,2023-03-06 20:43:42.066461,,
db5d8d2c-390f-4081-871e-1ca70892f07f,completed,2023-03-06 20:43:42.066461,,
db5db7b6-c069-4a48-81e7-34e7b3a801b9,completed,2023-03-06 20:43:42.066461,,
db60807b-8aa4-447a-ad36-6ee51cf200dd,completed,2023-03-06 20:43:42.066461,,
db64b695-2998-44fc-b812-dd5024a15ebb,completed,2023-03-06 20:43:42.066461,,
db710d10-b19e-4560-b0cb-fdd35b4908db,completed,2023-03-06 20:43:42.066461,,
db7138c5-abc7-407b-b3bf-0d832a92a9de,completed,2023-03-06 20:43:42.066461,,
db73852f-06d4-4142-b02f-854ed47b28f4,completed,2023-03-06 20:43:42.066461,,
db7492aa-ab61-43c3-a7f0-758e889327bf,completed,2023-03-06 20:43:42.066461,,
db7e545d-4f4c-4fea-8c40-1e1ca8ce0568,completed,2023-03-06 20:43:42.066461,,
db80c767-493c-473d-8248-7a5fffe05a6d,completed,2023-03-06 20:43:42.066461,X,
db928d74-2bf4-426e-b7dc-c22f373ea6fc,completed,2023-03-06 20:43:42.066461,,
db951da1-6574-4a83-be51-0824924036c7,completed,2023-03-06 20:43:42.066461,,
db96df52-6eb6-4456-8c02-74f6aff8d2d6,completed,2023-03-06 20:43:42.066461,,
dbadad33-2f2a-40bb-aa3c-3220637b0201,completed,2023-03-06 20:43:42.066461,,
dbae408b-5d26-4993-9fe6-34a761f68d6c,completed,2023-03-06 20:43:42.066461,,
dbb24480-05bc-486a-8bbd-dbbde1999bab,completed,2023-03-06 20:43:42.066461,,
dbb38a63-c1f0-464b-9d04-5ab0a0eae558,completed,2023-03-06 20:43:42.066461,,
dbc5b716-8bcd-4978-ae8f-fc8f68abfab7,completed,2023-03-06 20:43:42.066461,,
dbca9651-ddc1-45f0-82e3-235e6f4b4b1a,completed,2023-03-06 20:43:42.066461,,
dbcb979d-f015-443a-9de9-1f6b50763ba7,completed,2023-03-06 20:43:42.066461,,X
dbcd993a-b45c-400d-accc-15a6dcd2ce38,completed,2023-03-06 20:43:42.066461,,
dbd7d0d5-74ed-44cb-bfd3-5ba2a9df7f3a,completed,2023-03-06 20:43:42.066461,,
dbd9649e-4c98-483d-ac5a-d635fe7cc2f8,completed,2023-03-06 20:43:42.066461,,
dbde4e0f-b7ee-49bc-9f04-df4b1bd60b65,completed,2023-03-06 20:43:42.066461,,
dbe21eac-a89b-460d-b571-affbef59ae4e,completed,2023-03-06 20:43:42.066461,,
dbe49e03-eb47-4412-9e8c-d4c1215cffa1,completed,2023-03-06 20:43:42.066461,,
dbe5a426-1023-420b-ae03-ff2a62c945ba,completed,2023-03-06 20:43:42.066461,,
dbed576c-0061-4690-a927-d7468a69a40f,completed,2023-03-06 20:43:42.066461,,
dbf71bf0-b906-4e8c-8109-a6215c3af482,completed,2023-03-06 20:43:42.066461,,
dbf96cf6-2ff9-4065-8413-ac0b9089468b,completed,2023-03-06 20:43:42.066461,,
dc04d32b-9f5d-41b4-8eba-b63b184487c9,completed,2023-03-06 20:43:42.066461,,
dc0c04ab-c5ab-4bc7-8be0-32025d28f012,completed,2023-03-06 20:43:42.066461,,
dc151df5-c370-4a6e-8c79-d40652024c64,completed,2023-03-06 20:43:42.066461,,
dc15f65d-3c6f-46ad-a0a3-f0dee11ac920,completed,2023-03-06 20:43:42.066461,,
dc1bd844-9ddc-4cd8-9774-7df65a32206e,completed,2023-03-06 20:43:42.066461,,
dc243b11-e39c-49ff-8443-5f511338c41d,completed,2023-03-06 20:43:42.066461,,
dc24bf3d-c207-4f54-b05f-3ad5610b4f40,completed,2023-03-06 20:43:42.066461,,
dc27b4dd-f4dd-452e-b0fb-b4983cfc75ee,completed,2023-03-06 20:43:42.066461,,
dc33c43b-a354-4f11-880b-8ee60c70d294,completed,2023-03-06 20:43:42.066461,,
dc34dbbd-c3ae-411b-aa51-112cd09526b7,completed,2023-03-06 20:43:42.066461,,
dc3abf59-0836-4861-8681-e8600dcfbf8d,completed,2023-03-06 20:43:42.066461,,
dc3c810b-6335-44d9-870a-3efca8f79542,completed,2023-03-06 20:43:42.066461,,
dc4499a7-04b9-4860-b5b6-774fa5688347,completed,2023-03-06 20:43:42.066461,,
dc46ee6f-bef8-4aad-8151-86d4bbeff91f,completed,2023-03-06 20:43:42.066461,,
dc48346c-5d99-4f9e-90e0-4c41cba4e185,completed,2023-03-06 20:43:42.066461,,
dc50bb00-66a0-4179-97d5-b58442f87fc2,completed,2023-03-06 20:43:42.066461,,
dc51b820-bcb2-4d83-a59d-51f342c2d385,completed,2023-03-06 20:43:42.066461,,
dc564f68-7b89-4166-91db-d5d7abc74d1b,completed,2023-03-06 20:43:42.066461,,
dc60065a-da44-45d5-b0c6-39214bfea039,completed,2023-03-06 20:43:42.066461,,
dc617ea6-af98-4e46-bcdc-40af9d5ef9ae,completed,2023-03-06 20:43:42.066461,,
dc6ef73a-a2b2-4cdb-89d6-0900bc560bb5,completed,2023-03-06 20:43:42.066461,,
dc79c134-3845-4c3a-8731-30fb200bafd8,completed,2023-03-06 20:43:42.066461,,
dc8320fd-9467-4fa2-9992-839b91da3466,completed,2023-03-06 20:43:42.066461,,
dc83bf92-da30-40be-8047-d6b29b34ab9c,completed,2023-03-06 20:43:42.066461,,
dc94754e-b15f-47d0-94d0-a1192b54d605,completed,2023-03-06 20:43:42.066461,,
dca01e8a-6ccb-4d2a-b4bb-514b56fea4ed,completed,2023-03-06 20:43:42.066461,X,
dca04620-c862-4704-a6af-e86e7bc24ff0,completed,2023-03-06 20:43:42.066461,,
dca6be93-e6b0-4e30-95dc-7719db00e27a,completed,2023-03-06 20:43:42.066461,,
dca8cce8-6858-4850-99eb-ea82a3589c9e,completed,2023-03-06 20:43:42.066461,,
dcacea46-b31c-4024-af38-a77ba786c5fa,completed,2023-03-06 20:43:42.066461,,
dcb2cbf5-9078-4c0d-81f5-47ad59797638,completed,2023-03-06 20:43:42.066461,,
dcb4c6ff-209b-4163-9262-36f8c030f07e,completed,2023-03-06 20:43:42.066461,,
dcc24f0e-0373-4fb0-8c17-c79a672ca68c,completed,2023-03-06 20:43:42.066461,,
dcc5b31f-945d-4d76-9d45-50e87ba50c64,completed,2023-03-06 20:43:42.066461,,
dcc8b3c4-0cd8-4cec-a4e3-417638d5dea8,completed,2023-03-06 20:43:42.066461,,
dcd3ef65-cab8-4c7c-83ea-c8e83dfab4b5,completed,2023-03-06 20:43:42.066461,,
dce80092-2181-4973-a4f7-655eb9232547,completed,2023-03-06 20:43:42.066461,,
dcf64bae-c010-4d5c-b58c-7682d500a8c3,completed,2023-03-06 20:43:42.066461,,
dcfc237f-0a27-4f38-bc8e-72cc168dea63,completed,2023-03-06 20:43:42.066461,,
dcff8458-c5f7-480b-8d8a-a09b1c3113de,completed,2023-03-06 20:43:42.066461,,
dd151289-f432-4fd6-83df-feb0589e1070,completed,2023-03-06 20:43:42.066461,,
dd18b780-7544-4746-abca-3f728407fe4f,completed,2023-03-06 20:43:42.066461,,
dd205413-60a8-4439-8d3f-91c6414e64a6,completed,2023-03-06 20:43:42.066461,,
dd2074c9-ab77-43b7-923b-390aec6f2d88,completed,2023-03-06 20:43:42.066461,,
dd23120e-e273-4039-8335-78ead4023096,completed,2023-03-06 20:43:42.066461,,
dd262f96-381c-4a86-b6dc-78e0e9c14345,completed,2023-03-06 20:43:42.066461,,
dd2d5270-88ae-475c-b7fc-a4b8306860a3,completed,2023-03-06 20:43:42.066461,,
dd2d9255-a0b1-45e2-8773-765eeb3ea4bc,completed,2023-03-06 20:43:42.066461,,
dd33ca43-b4c6-4407-b439-2935a8103b5f,completed,2023-03-06 20:43:42.066461,,
dd344ed4-fbde-4beb-b8c5-3174b6cc8076,completed,2023-03-06 20:43:42.066461,,
dd371b13-9467-4f5d-a5a7-35d1cd723f56,completed,2023-03-06 20:43:42.066461,,
dd3da0df-f4a1-400d-bc79-74121740f28d,completed,2023-03-06 20:43:42.066461,,
dd46294b-b3ae-43b1-a128-ecb1ff63e258,completed,2023-03-06 20:43:42.066461,,
dd4cde5a-9f9e-4fb1-b580-be18963c5464,completed,2023-03-06 20:43:42.066461,,
dd57bd5f-9f7b-4509-af18-a45967566247,completed,2023-03-06 20:43:42.066461,,
dd57f6af-b892-4c70-b66c-b65cb2289d28,completed,2023-03-06 20:43:42.066461,,
dd5c1917-8f7c-4d09-bdc2-749155598c87,completed,2023-03-06 20:43:42.066461,,
dd62e81e-e5ea-460e-b8a6-1208b23ae65e,completed,2023-03-06 20:43:42.066461,,
dd6c49e7-ea2d-4530-a7d4-9334ff02363e,completed,2023-03-06 20:43:42.066461,,
dd72c532-52f6-49de-9134-197fef583114,completed,2023-03-06 20:43:42.066461,,
dd74ad12-234d-480e-ac31-c143953bd942,completed,2023-03-06 20:43:42.066461,,
dd77800b-17d6-4fee-a186-ee775d7a3941,completed,2023-03-06 20:43:42.066461,,
dd7ee2bf-732a-4d81-b5a4-e62bb11bf31e,completed,2023-03-06 20:43:42.066461,,
dd859f9c-538d-4a8d-84d8-bdd8c3d640cd,completed,2023-03-06 20:43:42.066461,,
dd918f24-8d6a-4bf3-9d88-d1f4264d6544,completed,2023-03-06 20:43:42.066461,,
ddaef528-6b44-4c1b-8ba3-7f7ab3275141,completed,2023-03-06 20:43:42.066461,,
ddb6e7a2-6466-4f9d-909f-a51dd880805e,completed,2023-03-06 20:43:42.066461,,
ddbe0684-09dd-4e48-9286-1c6c2d727bdc,completed,2023-03-06 20:43:42.066461,,
ddc69127-a634-42f0-8a1a-93df070a61d1,completed,2023-03-06 20:43:42.066461,,
ddc862f3-c45a-4132-b275-9b18970eff89,completed,2023-03-06 20:43:42.066461,,
ddcb038e-372a-47f1-ac9d-b34187f3f17c,completed,2023-03-06 20:43:42.066461,X,
ddd66ddc-d5c2-44ef-84c7-dd01f23d6991,completed,2023-03-06 20:43:42.066461,,
dddf52b7-8930-406b-b059-616ad73fd6dc,completed,2023-03-06 20:43:42.066461,,
dde580f4-6232-4726-8abb-abe1dc9d8f71,completed,2023-03-06 20:43:42.066461,,
ddefc873-a3a6-4350-96dc-4258b3a78c25,completed,2023-03-06 20:43:42.066461,,
ddfbe3c5-e12c-4f88-ad20-58b55b2de629,completed,2023-03-06 20:43:42.066461,,
de041c96-a294-4efc-b42b-e160ce030200,completed,2023-03-06 20:43:42.066461,,
de0d3efc-af1a-4bc6-8523-2aa69a425129,completed,2023-03-06 20:43:42.066461,,
de1967c7-b27b-427f-aaf4-550710717bac,completed,2023-03-06 20:43:42.066461,,
de2417b2-4f86-4113-9ed7-de427c7f8115,completed,2023-03-06 20:43:42.066461,,
de2594e3-6bcb-46de-8061-8b90de6e7c44,completed,2023-03-06 20:43:42.066461,,
de2d3fa4-12a2-49f5-8fef-f1a3f07ca632,completed,2023-03-06 20:43:42.066461,,
de33782c-983d-43a4-94f0-5f8216d97540,completed,2023-03-06 20:43:42.066461,,
de41bfdc-a1a4-432e-b67b-bd45a449c9b8,completed,2023-03-06 20:43:42.066461,,
de4c76f5-98e9-4e54-a171-5f2cc41c3a02,completed,2023-03-06 20:43:42.066461,,
de4db00a-894e-442b-b5c7-32aca6e17e07,completed,2023-03-06 20:43:42.066461,,
de5236fe-0ab1-4199-8fa1-711fc469e6df,completed,2023-03-06 20:43:42.066461,,
de57ae76-e25a-45dd-ab51-a126316365a3,completed,2023-03-06 20:43:42.066461,,
de5c994c-d647-4550-aae0-b45345397104,completed,2023-03-06 20:43:42.066461,,
de5e4e2e-8c0a-4852-9e06-210939cb80f2,completed,2023-03-06 20:43:42.066461,,
de606566-0e95-4ca2-95c4-e930736a395d,completed,2023-03-06 20:43:42.066461,X,
de61c72a-6207-4359-86ad-98a104756e8f,completed,2023-03-06 20:43:42.066461,,
de84d131-89ef-464a-874e-f589559622eb,completed,2023-03-06 20:43:42.066461,,
de85e93a-a965-4dc3-ac21-87e3a10781d6,completed,2023-03-06 20:43:42.066461,,
de984787-1c1e-497e-ab0b-ff90ed479d82,completed,2023-03-06 20:43:42.066461,,
de9a9970-1931-4cd7-88cf-cba5a26c6a1c,completed,2023-03-06 20:43:42.066461,,
de9b3d42-2dea-4b7d-b27e-bd3f199d22be,completed,2023-03-06 20:43:42.066461,,
de9eeef9-e325-4adf-9560-5b9a198a4614,completed,2023-03-06 20:43:42.066461,,
de9f3a87-1667-4ec7-863a-b95a1388798e,completed,2023-03-06 20:43:42.066461,,
dea0beda-0127-47df-a151-fff91212d858,completed,2023-03-06 20:43:42.066461,,
deb1e19c-7c24-49f2-b98f-3e35b7f84269,completed,2023-03-06 20:43:42.066461,,
deb900e8-a01b-4f6f-aecf-8bbc30cf7f78,completed,2023-03-06 20:43:42.066461,,
dec6edb0-dde0-4039-ad62-9e0d42267617,completed,2023-03-06 20:43:42.066461,,
decfb501-ecd6-41eb-a9b1-589f23e749e2,completed,2023-03-06 20:43:42.066461,,
ded27bca-a6bb-4a98-a026-0a3a5edcb673,completed,2023-03-06 20:43:42.066461,,
ded41668-2a95-4e27-ad44-95589668d9aa,completed,2023-03-06 20:43:42.066461,,
ded49dac-3d44-4901-a410-2525f70d455a,completed,2023-03-06 20:43:42.066461,,
dee0f62d-2c1e-4a66-8d4f-d3c147104e93,completed,2023-03-06 20:43:42.066461,,
deeff200-c1c4-4e7e-8767-e4ed94b4305e,completed,2023-03-06 20:43:42.066461,,
def2fdc0-b6e9-468a-8f36-468b869849ee,completed,2023-03-06 20:43:42.066461,,
def648c7-23e0-44a5-9c25-e7b6c4f18fc2,completed,2023-03-06 20:43:42.066461,,
def75294-6c1e-48c4-bea1-90908ae25e8d,completed,2023-03-06 20:43:42.066461,,
def77961-ea6c-4bba-9a47-87ffb4af6bd6,completed,2023-03-06 20:43:42.066461,,
defb086d-bcd3-4460-968a-360f11b4734a,completed,2023-03-06 20:43:42.066461,,
defbdec5-c125-4a58-ae48-64c7772471ec,completed,2023-03-06 20:43:42.066461,,
defc39e6-ec08-41a0-bf79-8953dd65ef1a,completed,2023-03-06 20:43:42.066461,,
df0b4baf-5e3d-40ea-80e6-b717e6e5caaa,completed,2023-03-06 20:43:42.066461,,
df0bf01a-4c29-47d5-bd33-4d383945ffd7,completed,2023-03-06 20:43:42.066461,,
df141664-6bb4-47d6-8a24-097d516a0672,completed,2023-03-06 20:43:42.066461,,
df1cbd75-ce2b-4d1d-9572-62a67b64064d,completed,2023-03-06 20:43:42.066461,,
df2074b2-8eb6-4aaf-b1ea-63af9a2043ec,completed,2023-03-06 20:43:42.066461,,
df2352a1-36c2-4e21-90f7-d5c91f96d50d,completed,2023-03-06 20:43:42.066461,,
df2a341e-bcde-46bd-a402-014b1a5cfe53,completed,2023-03-06 20:43:42.066461,X,
df2aae9d-faa3-4b8e-a520-ac2dd1d19a8c,completed,2023-03-06 20:43:42.066461,,
df2fc47a-27b2-4930-99e3-a0ad87f33a7f,completed,2023-03-06 20:43:42.066461,X,
df344652-3bac-4109-a029-040c867250b5,completed,2023-03-06 20:43:42.066461,,
df3576ba-7279-4b06-be26-57c6a07091c2,completed,2023-03-06 20:43:42.066461,,
df36684c-1afd-4f9b-9a9d-75bf4bc80d51,completed,2023-03-06 20:43:42.066461,,
df399456-73da-4f97-a1c1-45515f41088f,completed,2023-03-06 20:43:42.066461,,
df3b3ca9-fccc-4f60-9332-029e84ee5d3c,completed,2023-03-06 20:43:42.066461,,
df3e2288-d7fc-4caf-a171-3ebb0afdd17c,completed,2023-03-06 20:43:42.066461,,
df3ec11b-7170-4e41-97ea-61f4dab19e90,completed,2023-03-06 20:43:42.066461,,
df546528-6550-4bb4-a7f5-f01ef7ffc13d,completed,2023-03-06 20:43:42.066461,,
df56d8e1-bf62-4982-89e7-d6d46e3ec0fb,completed,2023-03-06 20:43:42.066461,,
df691c92-0b11-466e-8da4-aaa51e804e40,completed,2023-03-06 20:43:42.066461,,
df79c82a-e27b-47cb-8e0e-c5e184996fc5,completed,2023-03-06 20:43:42.066461,,
df883dee-d613-4b2e-8e38-5b931f4b697d,completed,2023-03-06 20:43:42.066461,,
df8bdc63-9555-4da3-baec-06f8cde1e28b,completed,2023-03-06 20:43:42.066461,,
df91b51e-ae67-4663-a9fd-faf1ac437c8c,completed,2023-03-06 20:43:42.066461,,
df94717f-347d-4234-aeb4-07ee7236a186,completed,2023-03-06 20:43:42.066461,,
df9a9f4e-fbaa-4f27-ad37-53a3172cc3f3,completed,2023-03-06 20:43:42.066461,,
dfa22139-4d50-444a-9a05-d42674eca92b,completed,2023-03-06 20:43:42.066461,,
dfa9041c-25fe-43e9-8f91-3269ab44f41b,completed,2023-03-06 20:43:42.066461,,
dfac2322-f111-4e21-96fc-8f6955b5f2d8,completed,2023-03-06 20:43:42.066461,,
dfadc3d0-13e6-4f10-a115-d6736235ac6a,completed,2023-03-06 20:43:42.066461,,
dfaefcbb-9267-4d95-8f6a-9982485619c2,completed,2023-03-06 20:43:42.066461,,
dfafb3b3-fefd-444b-9f59-4176b5cd6aab,completed,2023-03-06 20:43:42.066461,,
dfc768ec-1410-47a6-8af7-ab146135150d,completed,2023-03-06 20:43:42.066461,,
dfd09b03-2441-4d4b-ac91-d56c1705d13c,completed,2023-03-06 20:43:42.066461,,
dfd2e02e-7ea8-4a44-a68e-5fe5907e3c13,completed,2023-03-06 20:43:42.066461,,
dfd4c665-78b5-44cf-a455-20a5a4cf572f,completed,2023-03-06 20:43:42.066461,,
dfdb3057-d9b5-42aa-8253-f8ac206b208c,completed,2023-03-06 20:43:42.066461,,
dfdcee52-6feb-4ecb-95e4-01ec7ad4aa35,completed,2023-03-06 20:43:42.066461,,
dfdde906-ca32-4b4e-9219-0076fbf43034,completed,2023-03-06 20:43:42.066461,,
dfe022af-0b22-482a-92e8-6b53d414199b,completed,2023-03-06 20:43:42.066461,,
dfe1bce1-fd7a-48a7-9b98-36670094bc88,completed,2023-03-06 20:43:42.066461,,
dfef4592-a75b-450f-b32c-4bee5262a083,completed,2023-03-06 20:43:42.066461,,
dff4e9b0-2090-4e4d-bdc6-b1fb47729e2a,completed,2023-03-06 20:43:42.066461,,
dffa5c70-01e2-478b-8b86-11694d3d02e7,completed,2023-03-06 20:43:42.066461,,
dffd81fd-a0d7-4144-8d54-fb564dc6ead6,completed,2023-03-06 20:43:42.066461,,
dffda8e0-6d27-4b3c-aa4d-3b6a1d0f35db,completed,2023-03-06 20:43:42.066461,,
e0033e17-0628-44c2-9c0e-1545d4a1f3b4,completed,2023-03-06 20:43:42.066461,,
e00a2521-1d4c-4332-aa42-8282ad9c70de,completed,2023-03-06 20:43:42.066461,,
e00edc51-ec63-4d87-b46c-1dbc18f80955,completed,2023-03-06 20:43:42.066461,,
e012f51d-c572-485c-a681-afd5111aa1c9,completed,2023-03-06 20:43:42.066461,,
e0168c6e-dfa0-479e-a863-992cee6e00e8,completed,2023-03-06 20:43:42.066461,,
e024f9f9-4dd8-457e-91d2-5040a9c0bfaf,completed,2023-03-06 20:43:42.066461,,
e0288880-d61c-4c6e-877b-635400b5e724,completed,2023-03-06 20:43:42.066461,,
e02ae39c-eb65-42bd-9cf2-13dd2524a460,completed,2023-03-06 20:43:42.066461,,
e02c6597-33bc-414a-b2e3-a62af2bf28da,completed,2023-03-06 20:43:42.066461,,
e031a61f-de36-400c-8601-97a2519d64df,completed,2023-03-06 20:43:42.066461,,
e0329382-de11-481b-a7bf-eb11149b8e72,completed,2023-03-06 20:43:42.066461,X,
e0341ff9-6cda-4984-853f-79ad53cfcf22,completed,2023-03-06 20:43:42.066461,,
e03c287a-7ccf-4c6c-97c4-3998a7166b05,completed,2023-03-06 20:43:42.066461,,
e04ab996-fd9c-4b57-863d-ed7ed4941162,completed,2023-03-06 20:43:42.066461,,
e04ca315-c9dd-46c4-9044-b84a38eb0895,completed,2023-03-06 20:43:42.066461,,
e053c3f1-aa84-4b92-9675-239530f56de8,completed,2023-03-06 20:43:42.066461,,
e05b2287-5662-4170-9196-b5befd819306,completed,2023-03-06 20:43:42.066461,,
e06b079c-7016-4551-bcc0-fd53b2e7e9a2,completed,2023-03-06 20:43:42.066461,,
e08485a6-4208-4672-ba3e-27a2cf954357,completed,2023-03-06 20:43:42.066461,X,
e08b56b4-aeef-4e19-b2b2-170ecd911255,completed,2023-03-06 20:43:42.066461,,
e08d0aab-cc83-46af-a6d3-b887ff95fb16,completed,2023-03-06 20:43:42.066461,,
e0943219-b66a-4ade-a208-8d1d7347f42c,completed,2023-03-06 20:43:42.066461,,
e09b2c00-80bc-4be8-a3d3-f0a603629d47,completed,2023-03-06 20:43:42.066461,,
e0a323a5-12f4-4838-9151-cb48c7ae887f,completed,2023-03-06 20:43:42.066461,,
e0a3c9f7-e4f3-430f-9044-d09fd324a14a,completed,2023-03-06 20:43:42.066461,,
e0a6d471-23fe-4332-b4dc-19c8cab7ffde,completed,2023-03-06 20:43:42.066461,X,
e0ac64c8-ae9b-4557-b0af-23ae36bcb476,completed,2023-03-06 20:43:42.066461,,
e0bc5470-b159-422e-a897-a3230f4c46a6,completed,2023-03-06 20:43:42.066461,,
e0c47a4f-95b2-4311-902e-d5f1aaba8aa6,completed,2023-03-06 20:43:42.066461,,
e0cb41ce-a67e-4f08-a737-397bc40cc549,completed,2023-03-06 20:43:42.066461,,
e0cd1886-f36a-46da-81c7-9dd45e2b3325,completed,2023-03-06 20:43:42.066461,,
e0eace78-96dc-4e1c-bd0c-0dcaace6f2dc,completed,2023-03-06 20:43:42.066461,,
e0ee519e-5f95-4c6f-b873-ac89bfa49b09,completed,2023-03-06 20:43:42.066461,,
e0f2887a-b55b-4d9b-99bf-639ebd29071c,completed,2023-03-06 20:43:42.066461,,
e10c5a63-928c-494b-b77c-6d903db03a9e,completed,2023-03-06 20:43:42.066461,,
e10d4237-dfcc-4d05-8dc4-3825352f867d,completed,2023-03-06 20:43:42.066461,,
e11a53e2-17f6-41d1-b02b-ab49fb3dc32e,completed,2023-03-06 20:43:42.066461,,
e11ee969-49dd-4051-9b36-a8df915cea5e,completed,2023-03-06 20:43:42.066461,,
e12bd5da-6fdf-47e2-8e46-f9dac00edfa9,completed,2023-03-06 20:43:42.066461,,
e139940d-84e9-400d-b229-a7042cbc1b7d,completed,2023-03-06 20:43:42.066461,,
e13fcd01-5897-4ead-8f3b-1fb273ac5c26,completed,2023-03-06 20:43:42.066461,,
e154ffc4-f863-4c93-9ab3-67751ad52730,completed,2023-03-06 20:43:42.066461,,
e16a5684-63ad-4c55-8f68-a36f4232272b,completed,2023-03-06 20:43:42.066461,,
e1775bc9-5d45-4a10-986e-bdedc66d3a5b,completed,2023-03-06 20:43:42.066461,,
e17773bf-c10c-47da-8623-1df5e180369b,completed,2023-03-06 20:43:42.066461,,
e178f6c2-e774-444e-82b4-dfb50a25959c,completed,2023-03-06 20:43:42.066461,,
e1856ec4-21cc-4486-a543-7ded25828a42,completed,2023-03-06 20:43:42.066461,,
e1932dc1-f3ed-411f-a1b0-a5e04bc9b2cd,completed,2023-03-06 20:43:42.066461,,
e1941a76-0b2a-4c0c-900b-bbce5bd5b85f,completed,2023-03-06 20:43:42.066461,,
e199d668-0462-4d29-bbb6-c91d87839589,completed,2023-03-06 20:43:42.066461,,
e19ee006-a595-4de3-b398-6dd8809bf37f,completed,2023-03-06 20:43:42.066461,,
e1a18aea-3aa8-4e93-9cd6-fd5af3c55cb6,completed,2023-03-06 20:43:42.066461,,
e1a4d212-edf6-47f7-b105-14fb7e2d8bb9,completed,2023-03-06 20:43:42.066461,,
e1a74883-2463-4d1d-bcc3-beb6cbc253f0,completed,2023-03-06 20:43:42.066461,,
e1acd30e-0eab-4af9-a1bd-02f318ad8951,completed,2023-03-06 20:43:42.066461,,
e1b1c938-b1d4-49d8-bf42-36392cff198c,completed,2023-03-06 20:43:42.066461,,
e1b4236e-a4f2-4abe-b59a-40a6c3db9ada,completed,2023-03-06 20:43:42.066461,,
e1b42477-1020-4620-8942-a5409545f384,completed,2023-03-06 20:43:42.066461,,
e1b915a9-d6e1-4f74-824d-819631f480b3,completed,2023-03-06 20:43:42.066461,,
e1c8a570-5f33-40a4-bd01-e1e9e20c2c76,completed,2023-03-06 20:43:42.066461,,
e1d0d1f8-3a1f-4dc5-8277-d6e287e3c77e,completed,2023-03-06 20:43:42.066461,,
e1de58a5-6dc2-4db7-826c-09de9d1f8b45,completed,2023-03-06 20:43:42.066461,,
e1e1aabe-280d-424d-adf6-251259a1a951,completed,2023-03-06 20:43:42.066461,,
e1ed0be1-4847-4927-aa3c-c5a08c3bc4d2,completed,2023-03-06 20:43:42.066461,,
e1eeb920-ae01-407f-bccc-27f3a91f87af,completed,2023-03-06 20:43:42.066461,,
e1f7fe25-51b9-461c-b99e-f6ed8d612d60,completed,2023-03-06 20:43:42.066461,,
e2012e46-0b0d-456f-8b97-f0ecbf0297e9,completed,2023-03-06 20:43:42.066461,,
e2046831-a573-4f67-baf1-1ed931285e8f,completed,2023-03-06 20:43:42.066461,,
e207b763-bab5-4ccb-9104-cc6ee9f0b87d,completed,2023-03-06 20:43:42.066461,,
e2094c0e-c547-47d3-8ef1-1197392815ad,completed,2023-03-06 20:43:42.066461,,
e20a667f-8b27-4a53-b0f6-4e3a297df20f,completed,2023-03-06 20:43:42.066461,,
e20a81a0-39a8-42ff-8194-6dca5b75b1d3,completed,2023-03-06 20:43:42.066461,,
e2150345-ebb0-4c00-8e56-b189e6d43ca8,completed,2023-03-06 20:43:42.066461,,
e219b41c-d931-4aa9-84a3-98ceab791821,completed,2023-03-06 20:43:42.066461,,
e21f1e1c-b029-40f3-a393-852d510b29bb,completed,2023-03-06 20:43:42.066461,,
e22a9193-0833-4ca5-a2a0-e4873d4e1f5b,completed,2023-03-06 20:43:42.066461,,
e22c5d90-15e7-43fc-985f-6f20dc05daaa,completed,2023-03-06 20:43:42.066461,,
e23a242f-85e9-4589-9b39-4aa3130b0894,completed,2023-03-06 20:43:42.066461,,
e23dde55-2c41-4155-ae72-d33589a296fd,completed,2023-03-06 20:43:42.066461,,
e2468a95-e33b-4359-9603-54162bb365d8,completed,2023-03-06 20:43:42.066461,,
e24828b0-76d3-4fac-992c-1ad8fe482f23,completed,2023-03-06 20:43:42.066461,,
e24bc825-2591-48bf-af5c-bc8fed5ec82b,completed,2023-03-06 20:43:42.066461,,
e25644c5-3bd2-4cfc-bf51-b56f03e104d8,completed,2023-03-06 20:43:42.066461,,
e25a5d1b-66f8-4708-8554-56d0ecd8e0bc,completed,2023-03-06 20:43:42.066461,,
e26d6867-ee34-4ca9-93ca-b27539c98ad8,completed,2023-03-06 20:43:42.066461,,
e2802928-7305-4550-bce4-250bbf5ebc93,completed,2023-03-06 20:43:42.066461,,
e2833395-1895-42be-93c6-75c742ed4d18,completed,2023-03-06 20:43:42.066461,,
e28746d1-f26d-42f5-a8fc-790156f74ac2,completed,2023-03-06 20:43:42.066461,,
e2886065-4d81-4b25-aa77-2cbb4a03fb0f,completed,2023-03-06 20:43:42.066461,,
e28dc9eb-1d3f-4f15-ba78-66902cf59656,completed,2023-03-06 20:43:42.066461,,
e29993a6-560b-4aa6-a8bb-7f374327a24e,completed,2023-03-06 20:43:42.066461,,
e29c2017-3d20-40d4-9588-344a1fcbbf85,completed,2023-03-06 20:43:42.066461,,
e29e0ff0-ca8a-4d65-bd84-bb32ea5f8c44,completed,2023-03-06 20:43:42.066461,,
e2a35e93-8359-48a6-a1fb-a951e3101083,completed,2023-03-06 20:43:42.066461,,
e2ab8856-1649-4afa-83c1-07c48e1082c7,completed,2023-03-06 20:43:42.066461,,
e2b2f526-fd38-47ed-9c1b-48c793101630,completed,2023-03-06 20:43:42.066461,,
e2b2fa93-966d-4fa5-8a3d-c66270312599,completed,2023-03-06 20:43:42.066461,,
e2c160c1-6c51-4715-b044-1df9c40efdc8,completed,2023-03-06 20:43:42.066461,,
e2de4b21-6028-4af9-b1a1-0520fb9267d5,completed,2023-03-06 20:43:42.066461,,
e2e57f63-f68f-49ea-93ee-3a1008fb2101,completed,2023-03-06 20:43:42.066461,,
e2ff72e2-c52d-4b36-9517-fc5409fa2a2b,completed,2023-03-06 20:43:42.066461,,
e304828f-3cbd-43ea-85f1-d0e600e52d91,completed,2023-03-06 20:43:42.066461,,
e310d98d-df71-4afe-9ef2-5f4858789033,completed,2023-03-06 20:43:42.066461,,
e311e6b0-a507-4dfd-9279-e94329007261,completed,2023-03-06 20:43:42.066461,,
e315ade8-c73d-4153-9c90-b2abc9fb3366,completed,2023-03-06 20:43:42.066461,,
e318ee9d-1fd4-4ec8-b65e-04c511433958,completed,2023-03-06 20:43:42.066461,,
e31f5a03-527e-4aca-a4c7-bf7db45aeacc,completed,2023-03-06 20:43:42.066461,,
e3209e2c-9009-4783-8578-47f06907eafb,completed,2023-03-06 20:43:42.066461,,
e32b7ae4-eef7-4f0b-b4ce-15a3db578f02,completed,2023-03-06 20:43:42.066461,,
e32bc520-4a31-4834-92a9-8bbadafd9982,completed,2023-03-06 20:43:42.066461,,
e3352a3c-59b8-41fc-a712-b7b2e4251b71,completed,2023-03-06 20:43:42.066461,,
e33545a1-28cd-4473-91ee-c627e4d1b605,completed,2023-03-06 20:43:42.066461,,
e33a0a6e-2f7e-40dd-b045-11335a265cad,completed,2023-03-06 20:43:42.066461,,
e33dd700-b403-4ae3-ab2f-71d6759fcc62,completed,2023-03-06 20:43:42.066461,,
e342a558-0679-49fd-8577-9193ddc36b85,completed,2023-03-06 20:43:42.066461,,
e34493c3-27a5-42c2-9888-cbccfc92f6f4,completed,2023-03-06 20:43:42.066461,,
e353c78d-0f2a-4a27-aec7-34acff078f01,completed,2023-03-06 20:43:42.066461,,
e35de8ac-9e44-4a25-a40c-8e49be9ed1c2,completed,2023-03-06 20:43:42.066461,,
e36183b8-c704-49ae-bf43-9f121d6bf22a,completed,2023-03-06 20:43:42.066461,,
e367f615-f228-48d8-96fc-91a7358f7dbf,completed,2023-03-06 20:43:42.066461,,
e369f20e-e263-47f1-bffd-daf700201dd0,completed,2023-03-06 20:43:42.066461,,
e36a84fd-fe64-4e91-ae54-2f4c3b382117,completed,2023-03-06 20:43:42.066461,,
e376303b-4654-44e0-a655-cabbc069f4e8,completed,2023-03-06 20:43:42.066461,,
e379e2f9-7a66-4eff-ad6c-072b9c793cb1,completed,2023-03-06 20:43:42.066461,,
e37c8779-f7af-478a-95ec-71234d676a10,completed,2023-03-06 20:43:42.066461,,
e37cee76-dd6f-48d9-a938-4dce3cacc3f2,completed,2023-03-06 20:43:42.066461,,
e38e6a0a-4aa9-46b1-a81b-00613a36f3e4,completed,2023-03-06 20:43:42.066461,,
e393d223-bdcd-4195-a9f5-0ecba9d70aba,completed,2023-03-06 20:43:42.066461,,
e398f665-a48e-47d2-91a1-9b7f06c2f84f,completed,2023-03-06 20:43:42.066461,,
e3a170a6-988e-441b-9bc6-cc7dce993969,completed,2023-03-06 20:43:42.066461,,
e3a3418f-9d5d-4ff8-bbc5-7323fc869a3f,completed,2023-03-06 20:43:42.066461,,
e3a71740-a550-4217-801f-7c88380d4ca6,completed,2023-03-06 20:43:42.066461,,
e3a7ddfb-afa9-40a0-b889-969b18dbdcf2,completed,2023-03-06 20:43:42.066461,,
e3a90dc2-de1d-449b-ac3c-3781bc6ad95e,completed,2023-03-06 20:43:42.066461,,
e3b9c45c-f1c3-482c-a0f9-d3fab7bd4cd8,completed,2023-03-06 20:43:42.066461,X,
e3bc775a-7be6-4be4-886e-fd99983870a2,completed,2023-03-06 20:43:42.066461,,
e3bf14dc-6ae7-4b47-8d6b-be44b0b1bde1,completed,2023-03-06 20:43:42.066461,,
e3d83791-7dd2-473e-83e0-d29ccc4b4b40,completed,2023-03-06 20:43:42.066461,,
e3e2df4b-20e1-4d26-bfd0-4fbad478aaf1,completed,2023-03-06 20:43:42.066461,,
e3f798c1-0114-4239-9d6e-ef796e37b91d,completed,2023-03-06 20:43:42.066461,,
e40950fa-17a9-4ced-b606-a9d123a560fe,completed,2023-03-06 20:43:42.066461,,
e40c27be-9278-46fa-8e23-46e0845079a7,completed,2023-03-06 20:43:42.066461,,
e417f333-77c5-4268-b40f-10e0bae1ee31,completed,2023-03-06 20:43:42.066461,,
e41fb336-181d-4a8e-ab21-e41f82532875,completed,2023-03-06 20:43:42.066461,,
e429635b-b5e9-48a2-aeec-a8710c535112,completed,2023-03-06 20:43:42.066461,,
e42c963b-7210-445f-8e3a-19c5cb762e9e,completed,2023-03-06 20:43:42.066461,,
e43496ab-4db6-4b0d-a3a8-38b19a6f1638,completed,2023-03-06 20:43:42.066461,,
e4492825-b16a-4999-9677-1913bbbc46c8,completed,2023-03-06 20:43:42.066461,,
e44acd13-c813-4af2-abe2-9d42bf32a706,completed,2023-03-06 20:43:42.066461,,
e4518b51-82c6-4b09-bccb-aa30a7a0a725,completed,2023-03-06 20:43:42.066461,,
e454f22a-2bfc-4ac0-82b9-76badd0e337d,completed,2023-03-06 20:43:42.066461,,
e457389c-6645-49c7-96a1-ce6d86d73d3e,completed,2023-03-06 20:43:42.066461,,
e459f431-24f6-4f0c-85ae-1378efc4f1de,completed,2023-03-06 20:43:42.066461,,
e45b6914-effe-4ca9-b1cb-6761c57a1b15,completed,2023-03-06 20:43:42.066461,,
e45c4f76-a8f9-457b-88e7-10c201a332c8,completed,2023-03-06 20:43:42.066461,,
e4703fc6-3339-4b86-8b5f-a6c037534430,completed,2023-03-06 20:43:42.066461,,
e4803c26-e386-4858-a556-beb6eba98127,completed,2023-03-06 20:43:42.066461,,
e4806feb-c75e-47d8-a6cc-4a9203501ff0,completed,2023-03-06 20:43:42.066461,,
e48d46f0-0aaa-4434-aaf6-89421297c424,completed,2023-03-06 20:43:42.066461,,
e49e3e6c-c900-4c8f-ad58-89243b57bda0,completed,2023-03-06 20:43:42.066461,,
e4a5ec62-3a96-4d97-89bf-4887683df2aa,completed,2023-03-06 20:43:42.066461,,
e4a8e8bb-3888-4492-8fd1-7b4af07cd5b5,completed,2023-03-06 20:43:42.066461,,
e4aab6b3-7557-4466-ab50-f7d645daf4e2,completed,2023-03-06 20:43:42.066461,,
e4b23123-13ea-4a73-bef2-92513b258a47,completed,2023-03-06 20:43:42.066461,,
e4b2e0b5-f293-416f-a986-c5534c809968,completed,2023-03-06 20:43:42.066461,X,
e4b2f240-be46-4226-ba21-ea4e437211dd,completed,2023-03-06 20:43:42.066461,,
e4c3a0e9-fecd-4dbc-a80c-eb4201d707aa,completed,2023-03-06 20:43:42.066461,,
e4ce7ebe-888c-4917-80d3-17ad8acb9cb8,completed,2023-03-06 20:43:42.066461,,
e4d7625b-1c98-45f9-8c45-b040efb20a67,completed,2023-03-06 20:43:42.066461,,
e4d9bad9-083e-4b01-bc71-f98612c16213,completed,2023-03-06 20:43:42.066461,,
e4dd376e-c7cb-4b52-b98a-334708e72e9a,completed,2023-03-06 20:43:42.066461,,
e4e25334-2f3d-44e5-a150-ee0cf523f6ef,completed,2023-03-06 20:43:42.066461,,
e4e3767e-3722-4d95-bdce-1331ccc14239,completed,2023-03-06 20:43:42.066461,,
e4ebc35d-f777-46e2-bada-976e6cab8682,completed,2023-03-06 20:43:42.066461,,
e4f06b79-b796-4e1c-97a8-dfd6c1ea8bc3,completed,2023-03-06 20:43:42.066461,,
e5013cd5-98bf-4e71-a9dc-22e1be72cc47,completed,2023-03-06 20:43:42.066461,,
e50e6067-67a6-4738-8b23-3100ff888a16,completed,2023-03-06 20:43:42.066461,,
e50fcf59-0ae7-468f-ba3e-c3c8e8545f71,completed,2023-03-06 20:43:42.066461,,
e5106e9a-27f3-4ff2-bc45-b93c37cec4da,completed,2023-03-06 20:43:42.066461,,
e51464e9-4180-4b24-9c8f-d39fb277614d,completed,2023-03-06 20:43:42.066461,,
e516cf8c-4d82-4533-aebd-856efa4a3389,completed,2023-03-06 20:43:42.066461,,
e5224485-1d0c-422e-9da1-aad50fc188f8,completed,2023-03-06 20:43:42.066461,,
e52871a1-e18d-4f5d-acc4-95e3616d989d,completed,2023-03-06 20:43:42.066461,,
e52d178a-23d6-445c-b1ca-c994998054a1,completed,2023-03-06 20:43:42.066461,,
e52d18aa-6394-4e89-9503-476563d076af,completed,2023-03-06 20:43:42.066461,,
e532bcc8-1f1a-4f7f-8c69-c7a2c22c8d33,completed,2023-03-06 20:43:42.066461,,
e532d52f-d858-4599-8243-1272213966d8,completed,2023-03-06 20:43:42.066461,,
e536c246-750e-4b46-8eab-18b6d9fda59f,completed,2023-03-06 20:43:42.066461,,
e53ed244-c200-4b8c-aff8-3faa752f2cb5,completed,2023-03-06 20:43:42.066461,,
e5480fae-6a81-4769-99a6-9abc4008d0df,completed,2023-03-06 20:43:42.066461,,
e5515a01-7709-4e21-8c09-9d90384babbd,completed,2023-03-06 20:43:42.066461,,
e5515e60-33cc-452b-b43f-e0bcb27702bb,completed,2023-03-06 20:43:42.066461,,
e5522662-9f48-4b4e-90dc-d402f20baf11,completed,2023-03-06 20:43:42.066461,,
e5568270-14e8-40b2-bee3-1183a98aeb09,completed,2023-03-06 20:43:42.066461,,
e556e3fd-c447-4e97-8860-a6f82a53e84e,completed,2023-03-06 20:43:42.066461,X,
e556f3dc-1010-4ade-8ff2-d344793c9c8f,completed,2023-03-06 20:43:42.066461,,
e5601e91-2dcd-4332-9ebe-c06ccfbed8df,completed,2023-03-06 20:43:42.066461,,
e5652b93-a55e-48a3-a4ff-76f405aa03e3,completed,2023-03-06 20:43:42.066461,,
e56a7608-6cb7-4293-966c-c20fa6a05646,completed,2023-03-06 20:43:42.066461,,
e57258b0-2e67-4860-af6b-9adf063d72f9,completed,2023-03-06 20:43:42.066461,,
e572d50b-fd83-4a1d-84df-fb48a3fb697a,completed,2023-03-06 20:43:42.066461,,
e573f4e5-1cba-4edf-b2f2-e63a71e61b0f,completed,2023-03-06 20:43:42.066461,,
e5780df9-9dec-457a-bd81-0b4058e69a18,completed,2023-03-06 20:43:42.066461,,
e57febc9-a9d3-4f75-804f-c5e47ebfe922,completed,2023-03-06 20:43:42.066461,,
e59f0cc9-ba09-40ed-b2a3-a77f43c81c2d,completed,2023-03-06 20:43:42.066461,,
e5a60a0a-9618-42be-8f26-89e8036c1b41,completed,2023-03-06 20:43:42.066461,,
e5b10426-c62a-42f6-9eb2-11db4949aae9,completed,2023-03-06 20:43:42.066461,,
e5c06840-8e31-4a44-bdc1-42a3ca35ea77,completed,2023-03-06 20:43:42.066461,,
e5c16a3b-2c78-4e80-ab8f-2d0c1161d225,completed,2023-03-06 20:43:42.066461,,
e5c25674-7524-441f-ae7a-85165709306f,completed,2023-03-06 20:43:42.066461,,
e5c96064-94e7-4f98-8627-92e9a9bc6c46,completed,2023-03-06 20:43:42.066461,,
e5cb24f3-3576-421c-97cc-921dae7f2f56,completed,2023-03-06 20:43:42.066461,,
e5d351db-7dcd-409a-bbbd-654e897ce2bb,completed,2023-03-06 20:43:42.066461,,
e5d52e49-4a59-4f6a-9757-fb26b915f28e,completed,2023-03-06 20:43:42.066461,,
e5d6c312-6b72-4473-8349-0fb0bf9501bd,completed,2023-03-06 20:43:42.066461,,
e5dca171-dcd5-4dd5-94ef-7840bbfd51c9,completed,2023-03-06 20:43:42.066461,,
e5df06c4-3e97-4aa7-92ae-7063a54e5f05,completed,2023-03-06 20:43:42.066461,,
e5e135c6-2db7-4a5f-b0dc-35803ac40116,completed,2023-03-06 20:43:42.066461,,
e5e8383c-7b2e-44fc-afe0-cb77c59dc017,completed,2023-03-06 20:43:42.066461,,
e5eccc64-1f0a-40b1-85d9-85cd835f4612,completed,2023-03-06 20:43:42.066461,,
e60bc926-0119-4cb5-b8ff-3cbf29ed11d8,completed,2023-03-06 20:43:42.066461,,
e60e5c1f-2616-4cbc-a961-352f5a30a277,completed,2023-03-06 20:43:42.066461,,
e6114235-dd2e-4f94-bbdc-ef15ccb4cc17,completed,2023-03-06 20:43:42.066461,,
e620c46f-75d2-451d-a650-66cce72522c3,completed,2023-03-06 20:43:42.066461,,
e62ff112-e839-4f15-9fe8-18b516d414e7,completed,2023-03-06 20:43:42.066461,,
e6311cd5-5f13-4d76-92fb-d4676ec95d52,completed,2023-03-06 20:43:42.066461,,
e6330f21-fa4e-4c24-a123-77d02b8a71f0,completed,2023-03-06 20:43:42.066461,,
e634f00b-458e-458a-a304-1546864250ec,completed,2023-03-06 20:43:42.066461,,
e6374234-5990-4b31-9d7b-9e07119ceb28,completed,2023-03-06 20:43:42.066461,,
e6376e4a-4523-45de-a0e0-f9738c265573,completed,2023-03-06 20:43:42.066461,,
e63915c1-6fdd-41dd-8ef1-dc756643bb97,completed,2023-03-06 20:43:42.066461,,
e63a8012-3bc2-4be2-b383-5686eed5876a,completed,2023-03-06 20:43:42.066461,,
e64b2793-1235-4466-b48e-5dd6ff5dd969,completed,2023-03-06 20:43:42.066461,,
e64dcf15-9bdc-4afc-9759-51a45dc6d653,completed,2023-03-06 20:43:42.066461,,
e651dbbf-c049-44e6-baa9-364a35cd128a,completed,2023-03-06 20:43:42.066461,,
e65759d2-cfd8-4e1e-9cb3-13c7cbad1961,completed,2023-03-06 20:43:42.066461,,
e6575a44-0c37-407e-aff0-a4f2773532e3,completed,2023-03-06 20:43:42.066461,,
e65a33ac-ea44-49d1-99fe-42c93fd2d933,completed,2023-03-06 20:43:42.066461,,
e661c725-f0ae-4b8b-a06d-da3eec2ff95e,completed,2023-03-06 20:43:42.066461,,
e665a485-e291-453d-a327-772ae26482f3,completed,2023-03-06 20:43:42.066461,,
e6727395-7a70-49d5-8217-f0028d11b35c,completed,2023-03-06 20:43:42.066461,,
e6758147-5e9f-4ace-a0c0-5fca721182aa,completed,2023-03-06 20:43:42.066461,,
e6774360-add5-4e9c-81ff-706f940fc17c,completed,2023-03-06 20:43:42.066461,,
e67bb6dc-0972-47dd-830f-8138834e58eb,completed,2023-03-06 20:43:42.066461,,
e6803a64-e39a-4713-80b0-74fb453ae491,completed,2023-03-06 20:43:42.066461,,
e687bee1-d1e6-4fdf-8142-19b650f92905,completed,2023-03-06 20:43:42.066461,,
e6a0887b-3e6f-44f1-ac43-2f5cfa6c78fa,completed,2023-03-06 20:43:42.066461,,
e6a1531f-8b04-4f90-9bf3-76a1bdf4b0db,completed,2023-03-06 20:43:42.066461,,
e6a9fa35-9bfb-455c-ba23-7a5009ea4265,completed,2023-03-06 20:43:42.066461,,
e6ab6964-b99e-468d-8e39-18d35c67d929,completed,2023-03-06 20:43:42.066461,,
e6ad7ad4-6e2f-43c1-a597-ce893105e9e1,completed,2023-03-06 20:43:42.066461,,
e6b191b6-fa89-472b-b823-7a9d27c6c195,completed,2023-03-06 20:43:42.066461,,
e6c15bea-d56d-4c9d-b881-8df94c3f3f98,completed,2023-03-06 20:43:42.066461,,
e6c19d14-dce4-4d6c-a867-33fb73f1f4aa,completed,2023-03-06 20:43:42.066461,,
e6caeddb-1b42-44e5-9eb5-2e5041327219,completed,2023-03-06 20:43:42.066461,,
e6d79b35-e008-4099-879c-84064ac5cfe5,completed,2023-03-06 20:43:42.066461,,
e6df74ce-4e85-4e05-89d6-550ec237c459,completed,2023-03-06 20:43:42.066461,,
e6eaafad-a04a-46a5-99b1-fe3b99919801,completed,2023-03-06 20:43:42.066461,,
e6eb3e0a-dc59-4f59-9754-66b7d76d425d,completed,2023-03-06 20:43:42.066461,X,
e6edcd23-4faf-4e61-a335-d432db047b8c,completed,2023-03-06 20:43:42.066461,,
e6f9ef3e-234c-456b-9e5c-b76a84e336f7,completed,2023-03-06 20:43:42.066461,,
e7040d8a-1629-42f4-b202-aac3da6a4a44,completed,2023-03-06 20:43:42.066461,,
e70be83e-f576-41f0-9ca4-50e0ad5d4cff,completed,2023-03-06 20:43:42.066461,,
e7141e43-3216-4328-9211-d1e3980afaa0,completed,2023-03-06 20:43:42.066461,,
e7189450-9bcb-47a2-9d28-5b0bff63ba82,completed,2023-03-06 20:43:42.066461,,
e71d435b-e99f-4b79-a230-862191e77c1f,completed,2023-03-06 20:43:42.066461,,
e71f30a5-7513-44d7-bc4e-ed43fe28c6bd,completed,2023-03-06 20:43:42.066461,,
e7217ecd-a7d1-495a-9dab-699e45e79786,completed,2023-03-06 20:43:42.066461,,
e7439919-a5fc-4b1e-94ce-793823d91ad7,completed,2023-03-06 20:43:42.066461,,
e749939e-d895-463b-85aa-20da11c4a303,completed,2023-03-06 20:43:42.066461,,
e7552043-b016-47cc-a06e-ee31bf8219b8,completed,2023-03-06 20:43:42.066461,,
e7591650-9a72-45f9-8f62-a054a39ee790,completed,2023-03-06 20:43:42.066461,,
e760b184-6c1a-4d60-90d9-f4e7c53685d8,completed,2023-03-06 20:43:42.066461,,
e76164f8-a599-4f70-b660-081fbd6fc665,completed,2023-03-06 20:43:42.066461,,
e763477a-6987-4d5e-b3c0-ccd7adb35445,completed,2023-03-06 20:43:42.066461,,
e77085b1-1efb-4b78-b371-9b075031aa73,completed,2023-03-06 20:43:42.066461,,
e77bfcdd-3fee-4e36-beb9-9edb2f28ae15,completed,2023-03-06 20:43:42.066461,,
e78cb54a-69b2-429e-a3ae-4c510cf92a45,completed,2023-03-06 20:43:42.066461,,
e78e38bc-a92f-4b36-b46c-e47cd1dc7cdc,completed,2023-03-06 20:43:42.066461,,
e7907ed9-b43f-4422-87ed-bcb3835ff49d,completed,2023-03-06 20:43:42.066461,,
e7933f0b-eb0a-4e45-afae-99c9ebe01aa8,completed,2023-03-06 20:43:42.066461,,
e79aebbb-48e3-4e79-9635-55414345b1c8,completed,2023-03-06 20:43:42.066461,,X
e7aa7df2-889a-45c8-b768-15b873736153,completed,2023-03-06 20:43:42.066461,,
e7ac8e86-e4af-4c1b-ad42-1abda8cc14dd,completed,2023-03-06 20:43:42.066461,,
e7ae0baa-1c02-4aa7-a9b2-71d7b499aca0,completed,2023-03-06 20:43:42.066461,,
e7b4cdae-c153-4866-98cd-6dfa24ae074a,completed,2023-03-06 20:43:42.066461,,
e7b50b14-1d11-4163-add2-3501b5633be3,completed,2023-03-06 20:43:42.066461,,
e7c020b3-b33c-45b8-a865-ea7317cdd758,completed,2023-03-06 20:43:42.066461,,
e7cb9279-91e6-4eca-9dd7-544f5e55fa29,completed,2023-03-06 20:43:42.066461,,
e7d92ddf-6bc9-4fe1-aa0d-4f56c695bb66,completed,2023-03-06 20:43:42.066461,,
e7f5ab0d-734d-4409-83b1-0fcb12e3d644,completed,2023-03-06 20:43:42.066461,,
e7f76c1b-c1e8-43e3-954f-63b5ec0e172a,completed,2023-03-06 20:43:42.066461,,
e7fb6187-b0e0-476d-ad7f-cd294a5a0a82,completed,2023-03-06 20:43:42.066461,,
e7fc910e-87cc-4d74-852c-27e4309c966f,completed,2023-03-06 20:43:42.066461,,
e800f004-55e6-4b7a-98b1-51a68380ffa7,completed,2023-03-06 20:43:42.066461,,
e81b4668-ded3-4e65-9e84-424755f36fae,completed,2023-03-06 20:43:42.066461,,
e81b92a7-aa57-473c-bdba-7f546d25cdff,completed,2023-03-06 20:43:42.066461,,
e8217913-ae50-4ffb-bc39-4ce7e018ee0a,completed,2023-03-06 20:43:42.066461,,
e8234e25-8bcb-49d0-8dfb-58b723e11d3f,completed,2023-03-06 20:43:42.066461,X,
e8257bf5-4f09-4a3c-ac65-3cee1804b7a1,completed,2023-03-06 20:43:42.066461,,
e82bfc1f-aefb-4c75-952b-976a02abf458,completed,2023-03-06 20:43:42.066461,,
e8380038-47cf-4586-8852-1d68d16aefba,completed,2023-03-06 20:43:42.066461,,
e84a2158-82cb-45bf-a9b9-00d6e9d626c2,completed,2023-03-06 20:43:42.066461,,
e853dcab-a2ac-4415-9621-0013822e9af7,completed,2023-03-06 20:43:42.066461,,
e8558d82-ac97-472d-9358-8608de66345c,completed,2023-03-06 20:43:42.066461,,
e85836ff-ee36-425d-87cd-5596e50b5055,completed,2023-03-06 20:43:42.066461,,
e869ae3f-36d6-4a58-8175-564599ea6d7e,completed,2023-03-06 20:43:42.066461,,
e86b01a6-63e6-45bb-9a44-8498abb9dd78,completed,2023-03-06 20:43:42.066461,,
e86c46fd-9629-4b53-9e96-6217b767ecbf,completed,2023-03-06 20:43:42.066461,,
e86c50d9-ae6b-4569-beff-7c0f317dadcf,completed,2023-03-06 20:43:42.066461,,
e87d87ca-52e4-42e3-b8f5-709cbc58c5a2,completed,2023-03-06 20:43:42.066461,,
e889eeba-494b-4005-8636-6958aeff0858,completed,2023-03-06 20:43:42.066461,,
e88fac37-b82c-403a-b683-a76e3c473269,completed,2023-03-06 20:43:42.066461,,
e8b624a8-053b-43c2-a292-3ad81eafb546,completed,2023-03-06 20:43:42.066461,,
e8bf1da8-3ff3-4189-8b06-867c8fa6de0b,completed,2023-03-06 20:43:42.066461,,
e8c15eed-1c60-4ccf-af59-d4990bbf2980,completed,2023-03-06 20:43:42.066461,,
e8c3f416-7279-4867-aa72-45363b12d60c,completed,2023-03-06 20:43:42.066461,,
e8d40779-107d-4e6a-a904-2d29ad3ddd2f,completed,2023-03-06 20:43:42.066461,,
e8d66138-e1bf-44cf-9c23-5f09f4b48989,completed,2023-03-06 20:43:42.066461,,
e8d7070f-c074-4d2e-9d59-2b167af50694,completed,2023-03-06 20:43:42.066461,,
e8dbe4b9-5d67-44b4-be48-00dfcead71c1,completed,2023-03-06 20:43:42.066461,,
e8e3735f-cc2e-49ec-9844-6ea9a12835c7,completed,2023-03-06 20:43:42.066461,,
e8e55618-079c-47c3-b8ab-e2d4fb290063,completed,2023-03-06 20:43:42.066461,,
e8ebafb9-4cbe-4449-8c96-3deff442add7,completed,2023-03-06 20:43:42.066461,,
e8ff2011-e6e3-42c2-a392-6090cf52e9cb,completed,2023-03-06 20:43:42.066461,,
e91a5b79-b3af-4ebd-aae7-1272c49b9e0e,completed,2023-03-06 20:43:42.066461,,
e9272f3f-19c7-422c-8554-d058d7abe180,completed,2023-03-06 20:43:42.066461,,
e9373895-c0d7-43b4-9429-7be663faad6a,completed,2023-03-06 20:43:42.066461,,
e93addcb-e95f-453e-b530-d0cbd0bc5596,completed,2023-03-06 20:43:42.066461,,
e93cc576-c0b6-4bdf-abdf-2270145457ee,completed,2023-03-06 20:43:42.066461,,
e93f572b-a31c-4bca-8cb5-1ce6895e0bbf,completed,2023-03-06 20:43:42.066461,,
e9482d8c-dd67-4c39-82f6-53ea65b2bccb,completed,2023-03-06 20:43:42.066461,,
e949bbb5-eee8-4eb2-929e-47065cd019fe,completed,2023-03-06 20:43:42.066461,,
e94bb778-e233-4f4a-8f37-0d43a83dfc50,completed,2023-03-06 20:43:42.066461,,
e94be85b-1dfa-4240-b441-902c4dda333b,completed,2023-03-06 20:43:42.066461,,
e94ff8ac-1480-4359-b852-12761431100c,completed,2023-03-06 20:43:42.066461,,
e9500a3d-2a61-42ec-b4ad-5dfe24cfe43b,completed,2023-03-06 20:43:42.066461,,
e95bda2a-def5-4912-a7fe-655f1d32c719,completed,2023-03-06 20:43:42.066461,,
e969344a-7417-4628-8531-417da9f7632c,completed,2023-03-06 20:43:42.066461,,
e96d4bfe-c8e9-42a5-a5e5-669e5b898d82,completed,2023-03-06 20:43:42.066461,,
e96e1a41-b12f-47df-bf6e-ecb4f18e0b5a,completed,2023-03-06 20:43:42.066461,,
e979eb5a-f63c-4612-8345-845b53ce1e2b,completed,2023-03-06 20:43:42.066461,,
e97b66e8-878a-48aa-a9c6-ed6d4b6c0eaa,completed,2023-03-06 20:43:42.066461,,
e97b97c1-3f2f-4825-b822-95fce00bf66b,completed,2023-03-06 20:43:42.066461,,
e97c1b95-29f9-44c3-a81e-48c8c049b48f,completed,2023-03-06 20:43:42.066461,,
e98127f0-c0a3-4679-8244-125463f0a57e,completed,2023-03-06 20:43:42.066461,,
e983a63c-7168-400a-978d-b595465d1ef1,completed,2023-03-06 20:43:42.066461,,
e98da523-12db-4184-ac26-0af34b40a645,completed,2023-03-06 20:43:42.066461,,
e9906703-3cef-43eb-bcce-25ff0726f292,completed,2023-03-06 20:43:42.066461,,
e993cdc3-8d4b-452c-b3a2-3aa6a2d37f49,completed,2023-03-06 20:43:42.066461,,
e995b897-be8d-4dc0-9a6b-3f7825659489,completed,2023-03-06 20:43:42.066461,,
e9a5f775-38d3-4d95-ae00-5337e15dde8a,completed,2023-03-06 20:43:42.066461,,
e9a755cc-ab05-45d2-97a3-1e7b354f73f7,completed,2023-03-06 20:43:42.066461,,
e9b0d7d0-b658-4345-80a2-441736f6cf4c,completed,2023-03-06 20:43:42.066461,,
e9b7ac85-75dd-4b13-9939-480e74342bdd,completed,2023-03-06 20:43:42.066461,,
e9cd7016-f9d0-40d6-85ed-39fd5fa8d5a9,completed,2023-03-06 20:43:42.066461,,
e9d554b6-91bc-4f23-93df-4edfcbe7434c,completed,2023-03-06 20:43:42.066461,,
e9dd13f1-0251-4d68-952e-f1e6a2387302,completed,2023-03-06 20:43:42.066461,,
e9e03c1e-0ced-48b9-a356-bab1187ed2cf,completed,2023-03-06 20:43:42.066461,,
e9e34d52-59bd-4ef7-bece-f155c0c2e280,completed,2023-03-06 20:43:42.066461,,
e9f9eac9-5032-44ba-88ca-4fbc9019b461,completed,2023-03-06 20:43:42.066461,,
ea044f2d-b571-4413-af2d-8631d42e7439,completed,2023-03-06 20:43:42.066461,,
ea0a285b-00b1-4fb2-bb00-7afca412ce5d,completed,2023-03-06 20:43:42.066461,,
ea0a3280-ff89-45d4-9f4f-032ea513ba82,completed,2023-03-06 20:43:42.066461,,
ea16e495-73bf-4773-aaeb-1627736e7605,completed,2023-03-06 20:43:42.066461,,
ea1870e0-b3fc-45ec-98c6-b093243c557d,completed,2023-03-06 20:43:42.066461,,
ea18aaff-03d3-456b-a2cf-c51f325dd15f,completed,2023-03-06 20:43:42.066461,,
ea1a82e0-cbb9-4f68-950f-0231b8e2495e,completed,2023-03-06 20:43:42.066461,,
ea214371-cec7-46a4-b2b2-75c01da925d9,completed,2023-03-06 20:43:42.066461,,
ea23564f-be95-4e5c-8488-bf2e0b268f9d,completed,2023-03-06 20:43:42.066461,,
ea2addf1-ce33-479e-afc8-39154568aa82,completed,2023-03-06 20:43:42.066461,,
ea36b5bf-fc9c-4876-a089-3b8dc7bdeabd,completed,2023-03-06 20:43:42.066461,,X
ea43631f-d6e7-4c3d-8d6a-676028c33568,completed,2023-03-06 20:43:42.066461,,
ea47dd69-a28e-4b80-9396-0f2d0debfe29,completed,2023-03-06 20:43:42.066461,,
ea55df14-4879-4a41-bd2f-ff2b2cf75eee,completed,2023-03-06 20:43:42.066461,,
ea588b61-f8bb-4cc9-b19c-7dcc0e029ab7,completed,2023-03-06 20:43:42.066461,,
ea5df788-da5f-456b-8494-ee66979a7577,completed,2023-03-06 20:43:42.066461,,
ea673054-f068-40c6-a5b9-0d136c9d86d7,completed,2023-03-06 20:43:42.066461,,
ea67d987-1b37-4f22-8d11-b053179ef129,completed,2023-03-06 20:43:42.066461,,
ea6d4b03-01fa-4a10-91ba-8de1a0f88af9,completed,2023-03-06 20:43:42.066461,,
ea6e08f9-0fe8-4ece-80c7-f46f86dddd00,completed,2023-03-06 20:43:42.066461,,
ea712a68-388e-41d4-9512-f7cbaa4bcee7,completed,2023-03-06 20:43:42.066461,,
ea7f226a-4952-47c5-bdd6-3338edd17200,completed,2023-03-06 20:43:42.066461,,
ea8a27aa-399f-4466-ba7f-f36352ed3c26,completed,2023-03-06 20:43:42.066461,,
ea8ce1fc-02ff-41c5-b1f5-02161aef2ea5,completed,2023-03-06 20:43:42.066461,,
ea9bcd6e-dc71-4d74-a2c5-6c7b352da75e,completed,2023-03-06 20:43:42.066461,,
eaafb6b3-fdf9-44e3-aa94-23b53d7e6bef,completed,2023-03-06 20:43:42.066461,,
eabc79e1-339e-4c61-8c2b-a1579195408f,completed,2023-03-06 20:43:42.066461,,
ead9684b-b63d-4e8e-8678-e062f8e900b2,completed,2023-03-06 20:43:42.066461,,
ead9f4bb-1760-40ea-a7b2-ef035866ec10,completed,2023-03-06 20:43:42.066461,,
eade6d78-49fc-44b9-954a-006d4e16f0ac,completed,2023-03-06 20:43:42.066461,,
eadfdfdf-aa9d-44ab-93b7-bf6e2f84ce75,completed,2023-03-06 20:43:42.066461,,
eae675ce-e944-4e9a-bf9c-c8c8eee0d780,completed,2023-03-06 20:43:42.066461,,
eae6c7d8-1bb1-43f8-9249-fc023d527c97,completed,2023-03-06 20:43:42.066461,,
eae8dd61-d755-4670-9971-a6bed40e72a6,completed,2023-03-06 20:43:42.066461,,
eae95653-1eeb-4add-a82b-2d09ae620f7d,completed,2023-03-06 20:43:42.066461,,
eaed20f5-b017-477d-85fa-64ddc7ad0409,completed,2023-03-06 20:43:42.066461,,
eaf48435-a9de-4f20-bff6-a51ca83cc75b,completed,2023-03-06 20:43:42.066461,,
eaf58ec9-7df3-4017-b68e-54785d34786a,completed,2023-03-06 20:43:42.066461,,
eafd363e-8eb4-42cf-b954-d97eded986e8,completed,2023-03-06 20:43:42.066461,,
eaff506e-5e0d-44fc-9d6f-9cb4c3e2b290,completed,2023-03-06 20:43:42.066461,,
eb00e49b-4482-4e39-a49f-6941d8438fb0,completed,2023-03-06 20:43:42.066461,,
eb05b3da-b124-4e26-a370-e6f7476986bd,completed,2023-03-06 20:43:42.066461,,
eb076ad1-7d9e-421a-8d7a-e44cb702fa3b,completed,2023-03-06 20:43:42.066461,,
eb130155-3a44-415e-a723-5f950d75ad2c,completed,2023-03-06 20:43:42.066461,,
eb193a70-de0c-4739-8de4-727b40c5e5f7,completed,2023-03-06 20:43:42.066461,,
eb19af7d-1464-4721-a92f-0f8466db79d8,completed,2023-03-06 20:43:42.066461,,
eb1a12be-b8b1-489b-9a29-ad0a1abad22f,completed,2023-03-06 20:43:42.066461,,
eb2035a8-a710-42b4-b8ee-518d6bb2ba3d,completed,2023-03-06 20:43:42.066461,,
eb2ae206-b44c-4290-98f0-2ada058c8e23,completed,2023-03-06 20:43:42.066461,,
eb37bbdb-2ac1-4cd2-8afb-582cd81f8a57,completed,2023-03-06 20:43:42.066461,,
eb391793-c7ba-465e-89ad-f4689febd33b,completed,2023-03-06 20:43:42.066461,,
eb458a9c-977e-4de1-ad60-3e9753457478,completed,2023-03-06 20:43:42.066461,,X
eb46e1a3-40ab-434a-b3c7-2639cd7158fc,completed,2023-03-06 20:43:42.066461,X,
eb5079c1-f645-4870-a2cd-b3e1bb7d3c74,completed,2023-03-06 20:43:42.066461,,
eb53cf74-abb6-463f-9015-26e7072d11a2,completed,2023-03-06 20:43:42.066461,,
eb57ad3a-595c-472d-b210-035c5008b0d2,completed,2023-03-06 20:43:42.066461,,
eb57e3f9-2d5d-4e1d-92ea-f0a978b30ab7,completed,2023-03-06 20:43:42.066461,,
eb60cd59-eaf7-4920-8eef-479434d84baa,completed,2023-03-06 20:43:42.066461,,
eb624dfe-a974-47c1-8f92-8fa0f2d52cb1,completed,2023-03-06 20:43:42.066461,,
eb695efc-6e5e-4417-85eb-651c920b29dd,completed,2023-03-06 20:43:42.066461,,
eb6d6eae-5501-4c9d-a23b-7eccfa1ca098,completed,2023-03-06 20:43:42.066461,,
eb6e0317-e8bd-4ab2-9e59-1ffc3c7a28bc,completed,2023-03-06 20:43:42.066461,,
eb7ad189-46b3-4bdf-93f3-a5ddd75b1dbb,completed,2023-03-06 20:43:42.066461,,
eb84e2f1-f2f5-4ccc-bddb-daaf2c77c633,completed,2023-03-06 20:43:42.066461,,
eb871143-794c-48b8-afdc-baf88180e700,completed,2023-03-06 20:43:42.066461,,
eba00a63-6025-460d-910a-25df01c71864,completed,2023-03-06 20:43:42.066461,,
ebaa5297-c904-46a2-85e3-17a14c39c6d5,completed,2023-03-06 20:43:42.066461,,
ebb3ed02-0cf4-4dad-b371-230180454239,completed,2023-03-06 20:43:42.066461,,
ebbd2ad6-11e2-413b-b977-79b1d6692114,completed,2023-03-06 20:43:42.066461,,
ebd42ad0-5ef6-4d44-afba-e4731dc565ad,completed,2023-03-06 20:43:42.066461,,
ebd74f93-b173-4ef8-bffb-945dd720ae9a,completed,2023-03-06 20:43:42.066461,,
ebe9823b-7798-435c-a100-67d3e7efa673,completed,2023-03-06 20:43:42.066461,,
ebfb5bc0-e1ed-4942-af57-3e2773e2a85f,completed,2023-03-06 20:43:42.066461,,
ebfd34c4-0202-4ec6-bf49-91eba235e2ce,completed,2023-03-06 20:43:42.066461,,
ec0c5418-d38b-4918-9c15-43651b301e74,completed,2023-03-06 20:43:42.066461,,
ec0df326-295b-4c7f-a4e4-8f580b2adc30,completed,2023-03-06 20:43:42.066461,,
ec13b67c-4f56-4028-bdc9-bd80f032b2b4,completed,2023-03-06 20:43:42.066461,,
ec1419f6-a10f-4e62-a23e-feb2c4069bc3,completed,2023-03-06 20:43:42.066461,,
ec18010e-f04b-4933-8337-51ba8d75d6c2,completed,2023-03-06 20:43:42.066461,,
ec182dbe-057f-4072-a2fe-f95c7fc9f79f,completed,2023-03-06 20:43:42.066461,,
ec215dd0-448a-4402-a9b7-3d0932af0b07,completed,2023-03-06 20:43:42.066461,,
ec337fea-4231-4128-a5ee-47ebbe8f6c25,completed,2023-03-06 20:43:42.066461,,
ec3f98dd-e206-4ffb-9306-2cbd6f4b7753,completed,2023-03-06 20:43:42.066461,,
ec3fe031-ca25-44d4-a850-d599490fb6be,completed,2023-03-06 20:43:42.066461,,
ec4192aa-5564-425b-a452-304a2ad49aa8,completed,2023-03-06 20:43:42.066461,,
ec432c81-7d1a-4969-be93-fa78c60db06a,completed,2023-03-06 20:43:42.066461,,
ec4a3720-1243-4246-93aa-769a819ef397,completed,2023-03-06 20:43:42.066461,,
ec4cc051-ef54-4f47-a7a8-3a3dc1eb2a65,completed,2023-03-06 20:43:42.066461,,
ec542be9-3a99-4a03-b0a1-2ca540495eb1,completed,2023-03-06 20:43:42.066461,,
ec5aa22b-ff48-4eae-bfff-1b3f40d6a0cb,completed,2023-03-06 20:43:42.066461,,
ec5b356c-f508-41d6-b5c2-22e270d06eac,completed,2023-03-06 20:43:42.066461,,
ec6209c8-250a-4644-9b20-78656a1d215b,completed,2023-03-06 20:43:42.066461,,
ec65d787-3c2e-4ee6-a01b-b9a2e55d0542,completed,2023-03-06 20:43:42.066461,,
ec6721a6-dfb7-490f-9f3f-febf2cd60218,completed,2023-03-06 20:43:42.066461,,
ec6f531c-0e00-47d8-a88c-d814c9007bd5,completed,2023-03-06 20:43:42.066461,,
ec78da5e-b1f9-4f72-b8da-c8e735321619,completed,2023-03-06 20:43:42.066461,,
ec795e83-d714-4735-9b17-eb3e32f2b7a2,completed,2023-03-06 20:43:42.066461,,
ec7c28e5-a3f5-4d7b-9e74-b919dcfecd8b,completed,2023-03-06 20:43:42.066461,,
ec7e2499-5478-4a46-a5ea-d9ca525cc129,completed,2023-03-06 20:43:42.066461,,
ec8fa634-a1af-47fa-8342-c0201f1ef240,completed,2023-03-06 20:43:42.066461,,
ec9c8685-3035-4877-bbea-4a1c42890553,completed,2023-03-06 20:43:42.066461,,
ec9d3750-a325-4372-83d4-6caa20ed4a82,completed,2023-03-06 20:43:42.066461,,
eca36a6d-e57c-45a1-9c4e-a0a6f80cefb9,completed,2023-03-06 20:43:42.066461,,
eca5bb89-05c6-40a5-a854-f626db939a16,completed,2023-03-06 20:43:42.066461,,
ecaac6c6-39e7-48b4-8347-963bdd999a87,completed,2023-03-06 20:43:42.066461,,
ecac66de-1a58-4103-9a5d-db288b391bd4,completed,2023-03-06 20:43:42.066461,,
ecb5ced6-9e0f-404c-8c64-9362598ac0ae,completed,2023-03-06 20:43:42.066461,,
ecb62079-dd05-4283-a59a-8e6857360092,completed,2023-03-06 20:43:42.066461,,
ecbac686-f130-4da6-b750-35931efa380d,completed,2023-03-06 20:43:42.066461,,
eccc11ab-6f23-488c-a534-c50099ef5150,completed,2023-03-06 20:43:42.066461,X,
eccd1855-7ab2-41f5-8302-bfee920d34e8,completed,2023-03-06 20:43:42.066461,,
ecd936d0-ff23-457f-89af-392d297799d4,completed,2023-03-06 20:43:42.066461,,
ecdd509c-1eb8-4881-9287-69a7737979fa,completed,2023-03-06 20:43:42.066461,,
ecec4084-2afc-4e38-848d-a8c3819edbc6,completed,2023-03-06 20:43:42.066461,,
ecf70f14-d3b1-47e8-b372-81688d3e04be,completed,2023-03-06 20:43:42.066461,,
ecfc98ad-f1c5-4446-aa96-fcb317947ab6,completed,2023-03-06 20:43:42.066461,,
ed014e79-4abd-4e7a-9096-ddffeac8047a,completed,2023-03-06 20:43:42.066461,,
ed0b36bf-be43-4db6-832c-30a4ddce92c0,completed,2023-03-06 20:43:42.066461,,
ed138dcb-4b28-496d-b2aa-6f9d0fde9021,completed,2023-03-06 20:43:42.066461,,
ed1ad137-c0d4-4a1e-a8da-caea7c51664e,completed,2023-03-06 20:43:42.066461,,
ed21c134-3310-4c57-82fb-e4564aede4c9,completed,2023-03-06 20:43:42.066461,,
ed237a01-5f91-4802-8d9f-b860b67a1419,completed,2023-03-06 20:43:42.066461,,
ed296281-6a03-4d1a-a833-0d7c55868d2e,completed,2023-03-06 20:43:42.066461,,
ed29af11-dc18-4803-afdd-f7dd6b8e3ff9,completed,2023-03-06 20:43:42.066461,,
ed2af023-afaf-42e7-8a63-7548ae13a67a,completed,2023-03-06 20:43:42.066461,,
ed37a255-3be4-4710-b21f-ceaa2de0a080,completed,2023-03-06 20:43:42.066461,,
ed490e18-e8ca-4334-9c22-5642c645a74a,completed,2023-03-06 20:43:42.066461,,
ed4d8996-9570-42b4-b4d1-6a3aba32e631,completed,2023-03-06 20:43:42.066461,,
ed4fb7d7-d00f-4fc8-91c3-c61f3e654917,completed,2023-03-06 20:43:42.066461,,
ed500723-133f-4862-83f6-098ecbf8bc13,completed,2023-03-06 20:43:42.066461,,
ed551652-e73f-4c18-b6e2-35126e190aad,completed,2023-03-06 20:43:42.066461,,
ed566813-1e0a-40ac-a7cb-0ff878e24f3e,completed,2023-03-06 20:43:42.066461,,
ed62bf26-5e3a-4d6a-af84-f00a9fe444c7,completed,2023-03-06 20:43:42.066461,,
ed648e9b-7e1e-4793-87f9-33864e1eabd6,completed,2023-03-06 20:43:42.066461,,
ed667b3c-0338-4879-b6b7-02b08199944f,completed,2023-03-06 20:43:42.066461,,
ed6823ce-3a39-4e89-9d76-450b0aa26280,completed,2023-03-06 20:43:42.066461,,
ed6e7dce-11f1-4f44-8b6c-8c90adef2077,completed,2023-03-06 20:43:42.066461,,
ed70988e-ee33-425b-b9df-54cb18de1d9d,completed,2023-03-06 20:43:42.066461,,
ed718f43-3efd-418e-95aa-6f0af2643107,completed,2023-03-06 20:43:42.066461,,
ed87ebe2-e2cf-4a6e-a8bc-36fe0ef522a7,completed,2023-03-06 20:43:42.066461,,
ed885ff1-28ba-4804-8ad4-98d9a62f1427,completed,2023-03-06 20:43:42.066461,X,
ed951097-cc10-476a-a775-4fdc2076fe19,completed,2023-03-06 20:43:42.066461,,
ed9f530f-284a-493e-a93a-9bc50642cf77,completed,2023-03-06 20:43:42.066461,,
eda01eb3-af05-453c-946c-156213261ce4,completed,2023-03-06 20:43:42.066461,,
edb42968-6a22-4bd6-bc49-6a933451800e,completed,2023-03-06 20:43:42.066461,,
edb7f5e6-6508-42e2-b76f-b961ff0d9d72,completed,2023-03-06 20:43:42.066461,,
edbd3b0a-7c02-45fd-8c83-1dd85d105659,completed,2023-03-06 20:43:42.066461,,
edc6d69e-9ac8-4a20-aed6-2927b4370d0f,completed,2023-03-06 20:43:42.066461,,
edc7b79f-e8af-41e8-8401-548f6bee83df,completed,2023-03-06 20:43:42.066461,,
edc9a6b9-7cc4-451a-8c4d-2654d4fd0b98,completed,2023-03-06 20:43:42.066461,,
edd04f11-5258-4558-9090-3a112b7b3a69,completed,2023-03-06 20:43:42.066461,,
edd789c4-1bcb-4b63-a7df-b7ea6922d1f8,completed,2023-03-06 20:43:42.066461,,
eddf4dbb-8fc3-4948-8491-b7d92c57a221,completed,2023-03-06 20:43:42.066461,,
ede481a4-8f81-4f99-85a1-60502bf7815f,completed,2023-03-06 20:43:42.066461,,
edea8573-b95f-472c-b515-a1fe17018527,completed,2023-03-06 20:43:42.066461,,
edf6d0a6-459f-4cbe-923e-2da42de52702,completed,2023-03-06 20:43:42.066461,,
edfd9863-5dac-4e13-8542-2afe0606fae9,completed,2023-03-06 20:43:42.066461,,
ee06e64f-6fa1-478e-b648-cca15dc4a99e,completed,2023-03-06 20:43:42.066461,,X
ee073709-b914-4b29-b084-35dd332a75f9,completed,2023-03-06 20:43:42.066461,,
ee07cec2-9f15-4380-af93-f31056aff4f5,completed,2023-03-06 20:43:42.066461,,
ee0c008b-366f-40a8-b918-1e748829e2ea,completed,2023-03-06 20:43:42.066461,,
ee124aa6-aa13-4937-a382-d53573b5a7e1,completed,2023-03-06 20:43:42.066461,,
ee152cb8-2588-4758-bea2-d4b5b344232b,completed,2023-03-06 20:43:42.066461,,
ee2391f5-d4bb-4521-8687-9b6ba610ce6e,completed,2023-03-06 20:43:42.066461,,
ee2cb683-8295-4d38-8d1a-5f34b895ae96,completed,2023-03-06 20:43:42.066461,,
ee34b98b-01de-4de9-ac5d-a3752b176d5e,completed,2023-03-06 20:43:42.066461,,
ee379cae-939e-4896-b73d-fcf622ede0c9,completed,2023-03-06 20:43:42.066461,,
ee441dff-4476-4c63-a1aa-f16eaa62bae2,completed,2023-03-06 20:43:42.066461,,
ee44ffb1-2eaa-414f-806b-b171171fff16,completed,2023-03-06 20:43:42.066461,,
ee56fe86-4427-4dcf-96c8-12bc0d8f2551,completed,2023-03-06 20:43:42.066461,,
ee5a488f-f5da-4c93-9fbe-d338d32f1a8a,completed,2023-03-06 20:43:42.066461,,
ee5b9338-ed9b-46cf-a2fb-955bec8579b0,completed,2023-03-06 20:43:42.066461,,
ee5c774d-a540-42ad-b9ea-6fcfd5c7064c,completed,2023-03-06 20:43:42.066461,,
ee5e38d7-d0da-494b-b125-55ef304e4725,completed,2023-03-06 20:43:42.066461,,
ee706139-25b6-4571-9584-12568556e80e,completed,2023-03-06 20:43:42.066461,,
ee72872e-5e79-4053-a024-1eb00409a2e0,completed,2023-03-06 20:43:42.066461,,
ee7993ec-aea7-40fd-8be0-d8ef9b3bec40,completed,2023-03-06 20:43:42.066461,,
ee79f7df-279b-481c-a204-923e1641559e,completed,2023-03-06 20:43:42.066461,,
ee7ee8aa-ec4c-4043-8429-8b07f39dc5cc,completed,2023-03-06 20:43:42.066461,X,
ee8514f1-bfcf-481d-9878-9244dffd5b88,completed,2023-03-06 20:43:42.066461,,
ee8cd32e-7a80-40f5-9d21-f98d500940e1,completed,2023-03-06 20:43:42.066461,,
ee977011-0b39-4dcf-815f-9aa24e119f88,completed,2023-03-06 20:43:42.066461,,
eea3b679-2baa-4b0e-92b9-4d72e7cc8d43,completed,2023-03-06 20:43:42.066461,,
eea7e734-504d-4e03-90de-5490c62cb8fc,completed,2023-03-06 20:43:42.066461,,
eeabe604-b761-4e93-9db0-6f87d18cf41a,completed,2023-03-06 20:43:42.066461,,
eead15e4-3fc2-4068-8c3d-4b02b37a9ee4,completed,2023-03-06 20:43:42.066461,,
eeae05ab-1c6e-42d4-9b1d-af4e9460c0ea,completed,2023-03-06 20:43:42.066461,,
eec1892f-ea7d-44db-81d6-5bd7e905e2bb,completed,2023-03-06 20:43:42.066461,,
eecf18fa-bb89-40d2-9df7-bccddfc130fb,completed,2023-03-06 20:43:42.066461,,
eed0ff57-0691-46e1-9d6d-bd48ec214c40,completed,2023-03-06 20:43:42.066461,,
eee159ae-48b1-494a-855a-0372dcf380c8,completed,2023-03-06 20:43:42.066461,,
eeebb4f4-04d0-4c6d-b22e-b51c3fa83101,completed,2023-03-06 20:43:42.066461,,
eeedcdbc-b095-4b06-b059-9318482aef81,completed,2023-03-06 20:43:42.066461,,
eef19744-7bbd-4cb9-8131-6fe55f5389b9,completed,2023-03-06 20:43:42.066461,,
eef1d7a9-2d1a-4a57-bac3-271047859ee4,completed,2023-03-06 20:43:42.066461,,
eefa1b63-06d0-4cc1-8259-340719b5d324,completed,2023-03-06 20:43:42.066461,,
ef063dc0-3c8e-4d36-9ea8-b8e233a84028,completed,2023-03-06 20:43:42.066461,,
ef09f201-6091-469e-b3cd-0b2a77cafbdd,completed,2023-03-06 20:43:42.066461,,
ef0cd3e5-cbf4-4e98-9df0-8b9116e344ae,completed,2023-03-06 20:43:42.066461,,
ef0e702e-c8ac-43e5-8c3a-58094aedce9b,completed,2023-03-06 20:43:42.066461,,
ef10ca74-dd1b-468c-9a2a-46958cd00b75,completed,2023-03-06 20:43:42.066461,,
ef11b6d2-d300-4d8d-8289-b0f2abd1f381,completed,2023-03-06 20:43:42.066461,,
ef17b8fc-6e88-445f-bafe-fc4cdee6e72a,completed,2023-03-06 20:43:42.066461,,
ef23e57c-57ff-4335-9454-5088a34770f1,completed,2023-03-06 20:43:42.066461,,
ef28d44f-5304-49b9-a986-dbb1549a9803,completed,2023-03-06 20:43:42.066461,,
ef2ada2e-1563-494e-ace6-93428d303598,completed,2023-03-06 20:43:42.066461,,
ef4090de-96a9-4aa9-9537-8040474458a6,completed,2023-03-06 20:43:42.066461,,
ef40d914-faf0-407a-bf0a-d60b0a6a2d72,completed,2023-03-06 20:43:42.066461,,
ef530ed4-1826-460c-b33e-e9c033dcc474,completed,2023-03-06 20:43:42.066461,,
ef53cf23-ac8e-4b6d-92ea-8aeb94689044,completed,2023-03-06 20:43:42.066461,,
ef6786cb-a5bf-445b-af08-faa142503b4c,completed,2023-03-06 20:43:42.066461,,
ef6d98da-7ffc-4ada-91f7-c5cdabfbd99f,completed,2023-03-06 20:43:42.066461,,
ef6ed0fb-6257-474c-9a51-119e1b423e27,completed,2023-03-06 20:43:42.066461,,
ef6f59ae-6592-4067-a17e-14993023222f,completed,2023-03-06 20:43:42.066461,,
ef78e025-d7ce-4042-b5e8-b917b7ce9c61,completed,2023-03-06 20:43:42.066461,,
ef7dcd85-d700-43e2-b909-0dbae3b72b6e,completed,2023-03-06 20:43:42.066461,,
ef82901a-c3e4-49e5-b40c-4357e2088d57,completed,2023-03-06 20:43:42.066461,,
ef90cdd2-e91f-4e48-b829-bb8cf9bf2e03,completed,2023-03-06 20:43:42.066461,,
ef9a7745-0965-4dc2-b04e-54c35b07f2d9,completed,2023-03-06 20:43:42.066461,,
ef9d1d32-39c5-417f-976d-e2549f2e52ed,completed,2023-03-06 20:43:42.066461,,
efa5a14d-6db3-477d-ba69-cbe2e0c9b793,completed,2023-03-06 20:43:42.066461,,
efaf9888-de61-44ab-9b40-bf850f52777c,completed,2023-03-06 20:43:42.066461,,
efb3ba1a-b5da-40af-a57f-8bb6317d547d,completed,2023-03-06 20:43:42.066461,,
efb5ae85-5fc7-4578-bf53-882aaec11750,completed,2023-03-06 20:43:42.066461,,
efb9e044-ca6c-49ce-b26f-671d61ab1376,completed,2023-03-06 20:43:42.066461,,
efc127a8-07ed-442c-a72a-29d5707544d9,completed,2023-03-06 20:43:42.066461,,
efc908f7-03b3-4c7d-ac41-a468604dc2bb,completed,2023-03-06 20:43:42.066461,,
efd21056-8ce6-4f1a-8d14-9aa67923202e,completed,2023-03-06 20:43:42.066461,,
efd75b9f-2101-4a0f-bc24-7ccf73c42af2,completed,2023-03-06 20:43:42.066461,,
efdbf4cd-ebc9-4954-8b18-ec2a8e89bb16,completed,2023-03-06 20:43:42.066461,,
efe6ce1e-00db-436e-90ab-8e53c57da254,completed,2023-03-06 20:43:42.066461,,
efe97c4e-facf-4aef-b103-e3846a0c2ac1,completed,2023-03-06 20:43:42.066461,,
efea79fc-0045-4dcd-a08d-1ed8864476d9,completed,2023-03-06 20:43:42.066461,,
eff00218-4708-4023-893c-a3d8c21c780c,completed,2023-03-06 20:43:42.066461,,
eff0e7ee-7bc7-4de5-a245-b2c6eb8626dc,completed,2023-03-06 20:43:42.066461,,
eff315e1-00bc-4fcc-9661-3a55beaadc7c,completed,2023-03-06 20:43:42.066461,,
eff9db04-4009-422f-93cb-2dffb9eb2d3d,completed,2023-03-06 20:43:42.066461,,
effb7455-d067-4c94-8914-7d13c224c28a,completed,2023-03-06 20:43:42.066461,,
effe767f-04a2-4869-ab6c-69d8850de59e,completed,2023-03-06 20:43:42.066461,X,
f005875e-badb-4be7-b1c3-79e66d28b96f,completed,2023-03-06 20:43:42.066461,,
f009c93a-3f6f-4414-9c61-892c9c7c9f51,completed,2023-03-06 20:43:42.066461,,
f0152270-fd8e-494e-9937-3d9fe92f0c3c,completed,2023-03-06 20:43:42.066461,,
f01700bb-52c8-407b-868a-442434ce7db2,completed,2023-03-06 20:43:42.066461,,
f018cf91-3e47-4f5d-9907-696afd71b752,completed,2023-03-06 20:43:42.066461,,
f0196ecb-f503-4902-b994-e61fbd1007c7,completed,2023-03-06 20:43:42.066461,,
f0203ca1-b4c0-45a5-b887-49cd92b61712,completed,2023-03-06 20:43:42.066461,,
f031cbe6-33da-439a-98b6-8a9f84c10c28,completed,2023-03-06 20:43:42.066461,,
f035c15b-ea22-443a-a654-4fe9dd8a10e2,completed,2023-03-06 20:43:42.066461,,
f0397cce-7e34-4cf8-a83a-e225a140c3da,completed,2023-03-06 20:43:42.066461,,
f03d3967-1d83-4865-a51e-540185dda6ae,completed,2023-03-06 20:43:42.066461,,
f03dd872-2f45-4a18-b0ba-c42738a8ff6a,completed,2023-03-06 20:43:42.066461,,
f0423da7-0319-40cd-86f7-2ef9c7d23ff3,completed,2023-03-06 20:43:42.066461,,
f062049e-a252-4730-9782-2b365222169a,completed,2023-03-06 20:43:42.066461,,
f06a7629-bd05-4755-a277-a6eb5456d8d1,completed,2023-03-06 20:43:42.066461,,
f074ff75-0f4b-4e2f-85dc-83b59caf6e12,completed,2023-03-06 20:43:42.066461,,
f07c669c-8ca5-4ec3-8a53-862d886aff5a,completed,2023-03-06 20:43:42.066461,,
f0818dc9-9743-4b9f-a223-aad0e36cc4d9,completed,2023-03-06 20:43:42.066461,,
f083826d-1294-43da-b94a-db16c73d183b,completed,2023-03-06 20:43:42.066461,,
f08c66e1-8d93-4d18-8575-04bd1d0aaf12,completed,2023-03-06 20:43:42.066461,,
f09b36cd-bba1-46a1-91e5-95fef85579db,completed,2023-03-06 20:43:42.066461,,
f0a40853-303b-4479-9bf7-4c41a5c09753,completed,2023-03-06 20:43:42.066461,,
f0a901c4-747d-4b5f-af9f-18212e6ad8f6,completed,2023-03-06 20:43:42.066461,,
f0b18dee-6292-47f2-9ac6-cfeb26e2d385,completed,2023-03-06 20:43:42.066461,,
f0b56426-0543-4229-8506-8beba3f7bf1d,completed,2023-03-06 20:43:42.066461,,
f0b7ad46-73fd-4097-9056-81c5cc45014f,completed,2023-03-06 20:43:42.066461,,
f0ba8651-4753-4b64-87ae-43feacef3613,completed,2023-03-06 20:43:42.066461,,
f0bd4ab7-2382-439d-8d49-d044696cd47d,completed,2023-03-06 20:43:42.066461,,
f0bdf16a-e3b8-4ee4-b18a-9548a5a49ebb,completed,2023-03-06 20:43:42.066461,,
f0c6bd15-8da5-43f2-bdd5-ff69b3aee63f,completed,2023-03-06 20:43:42.066461,X,
f0cd5a2d-adc1-46c0-a4c9-29410a8f8ecf,completed,2023-03-06 20:43:42.066461,,
f0d77559-48e7-492e-801e-043a09ef4a08,completed,2023-03-06 20:43:42.066461,,
f0d9d5df-9502-40db-9b97-a58fa00971c1,completed,2023-03-06 20:43:42.066461,,
f0e0b63c-bc02-4907-9a88-2c123a72abe6,completed,2023-03-06 20:43:42.066461,,
f0ee6ec3-5846-4abf-a38e-6ac018e21a80,completed,2023-03-06 20:43:42.066461,,
f0f4804a-0b66-49d0-865c-2fc573b94c85,completed,2023-03-06 20:43:42.066461,,
f0f7fe75-e5eb-470a-9e59-c5fba55cb60d,completed,2023-03-06 20:43:42.066461,,
f0fd225d-cfe0-4fb6-a9c3-4ad6de4b79ac,completed,2023-03-06 20:43:42.066461,,
f0fe0c48-b3d4-4d81-b328-93396595520d,completed,2023-03-06 20:43:42.066461,,
f0fe2b4c-1272-4c1f-8198-3677af86f94f,completed,2023-03-06 20:43:42.066461,,
f1036376-9db2-4efe-ba25-9388e615a658,completed,2023-03-06 20:43:42.066461,,
f10650c6-50a9-4f4f-afd3-352767ca65d7,completed,2023-03-06 20:43:42.066461,,
f106d4f5-e4d3-40a3-9c4c-22b17e3ae315,completed,2023-03-06 20:43:42.066461,,
f119d6b3-701a-4ff4-8bec-c900e87e8c28,completed,2023-03-06 20:43:42.066461,,
f11cc0a9-c1b5-4b7d-9ed2-7e2c3668b1b0,completed,2023-03-06 20:43:42.066461,,
f1236154-4a49-45b7-84aa-77186aabe471,completed,2023-03-06 20:43:42.066461,,
f12a3858-46c0-403f-987f-92f256fe0bbd,completed,2023-03-06 20:43:42.066461,,
f12e0bd5-122e-47d2-b478-8bece0109e7b,completed,2023-03-06 20:43:42.066461,,
f1319dc4-a57f-437a-b3ad-2946463ac10c,completed,2023-03-06 20:43:42.066461,,
f1388670-7637-49fe-849d-ebeb67e0aeb0,completed,2023-03-06 20:43:42.066461,,
f13b15cc-9a26-45ea-9aae-1e9a4c5a7d02,completed,2023-03-06 20:43:42.066461,,
f13de88e-9884-4b7b-b884-8464d86c5538,completed,2023-03-06 20:43:42.066461,,
f1409d9d-8f69-43b6-ab55-7e2a8898931a,completed,2023-03-06 20:43:42.066461,,
f1445d75-4295-4fc4-a0b0-4e2366ee5e62,completed,2023-03-06 20:43:42.066461,,
f14f58b7-ac94-478c-88a8-7c0b28de4d64,completed,2023-03-06 20:43:42.066461,,
f1587b0d-2b5b-44a0-b579-4f893683cba0,completed,2023-03-06 20:43:42.066461,,
f16903da-e8a1-4a7e-a1ce-2d196c8b8630,completed,2023-03-06 20:43:42.066461,,
f169ccb7-96c6-4a9f-8c2b-3e8554bf1ed6,completed,2023-03-06 20:43:42.066461,,
f16da7fe-ecf3-412b-9004-0335cedb455f,completed,2023-03-06 20:43:42.066461,,
f16e0f09-94e8-4842-a8c6-6eeaad213f45,completed,2023-03-06 20:43:42.066461,,
f1787fe9-0863-41c7-917d-896cafe08a21,completed,2023-03-06 20:43:42.066461,,
f17999d1-857a-4dba-8327-7713c6747be7,completed,2023-03-06 20:43:42.066461,,
f182e0df-fde3-460a-bda4-1a9e0838462b,completed,2023-03-06 20:43:42.066461,,
f195a2dd-e0c3-4e36-8e93-81e466cb06d9,completed,2023-03-06 20:43:42.066461,,
f1997d22-7105-49e3-b36f-1e698ae19f7f,completed,2023-03-06 20:43:42.066461,,
f1998582-5527-4892-9673-2c54729c01ff,completed,2023-03-06 20:43:42.066461,,
f1a06e16-c5f0-440f-b2b1-7b3ba9e7dacb,completed,2023-03-06 20:43:42.066461,,
f1a7a9da-07cd-4a4a-bdb6-d05c8abe343c,completed,2023-03-06 20:43:42.066461,,
f1b04a44-ba9e-46c1-a200-00a76eedeca6,completed,2023-03-06 20:43:42.066461,,
f1be02f7-153d-4fe3-9c0b-888f6f9928b3,completed,2023-03-06 20:43:42.066461,,
f1be95c6-4441-4eec-9455-f2f07caeffe9,completed,2023-03-06 20:43:42.066461,,
f1ca0e17-51e0-4bf6-ad5f-c94297a305d3,completed,2023-03-06 20:43:42.066461,,
f1d0bd79-4786-49dc-844d-a59f3413c301,completed,2023-03-06 20:43:42.066461,,
f1d0e9fc-40dd-490f-8c26-ba304633a1b1,completed,2023-03-06 20:43:42.066461,,
f1d4d54e-f26a-4856-9e62-e5e4616ca23a,completed,2023-03-06 20:43:42.066461,,
f1d4ee54-3428-4631-9f2d-2f190e9517b0,completed,2023-03-06 20:43:42.066461,,
f1da303c-b695-440c-96fd-e3a2555d8b98,completed,2023-03-06 20:43:42.066461,,
f1e43fed-00fa-4fe5-8ea5-55cdc4adb5b5,completed,2023-03-06 20:43:42.066461,,
f1f451e9-0cb7-4c0e-bdbf-6a1888b4d5f4,completed,2023-03-06 20:43:42.066461,,
f1f843ba-ec9e-4a04-85bd-c65de14c01d4,completed,2023-03-06 20:43:42.066461,,
f1f9befd-480b-4386-ab82-25a70a4bb245,completed,2023-03-06 20:43:42.066461,,
f1f9fe97-e972-490a-9b13-8b14f32e6638,completed,2023-03-06 20:43:42.066461,,
f1fff1f3-a479-40db-992e-10509b31f0e6,completed,2023-03-06 20:43:42.066461,,
f201d5b5-b044-4782-a7f2-6cc6dfe9fed4,completed,2023-03-06 20:43:42.066461,,
f213c2b6-4c9f-4d8c-947d-67ce22b4f42b,completed,2023-03-06 20:43:42.066461,,
f2149748-f722-4b7b-b91e-bd3d88839bf0,completed,2023-03-06 20:43:42.066461,,
f21d6510-5429-4a04-951f-befc7af1e81b,completed,2023-03-06 20:43:42.066461,,
f21ed36b-fdf7-4a64-90ce-b9eef710e4f0,completed,2023-03-06 20:43:42.066461,,
f220b1d5-f1aa-4a40-9317-d08e375eddd7,completed,2023-03-06 20:43:42.066461,,
f22b3b29-a9a7-45fd-bfeb-ca73fb524500,completed,2023-03-06 20:43:42.066461,,
f22d25d4-6914-4008-9293-2f2451d582f7,completed,2023-03-06 20:43:42.066461,,
f2357808-5ae6-4e97-8331-cf3bb716d415,completed,2023-03-06 20:43:42.066461,,
f23ffc78-9e62-4a05-ac3f-a44c9781568b,completed,2023-03-06 20:43:42.066461,,
f2408e30-3be9-419a-8352-dd9afd5b2327,completed,2023-03-06 20:43:42.066461,,
f251f650-1ac4-4f18-ae4c-10e759212656,completed,2023-03-06 20:43:42.066461,,
f25209b5-e8cc-4df9-9aab-3cf9bd6b3286,completed,2023-03-06 20:43:42.066461,,
f254f5e9-e566-42cc-b358-c5ee57f66e2d,completed,2023-03-06 20:43:42.066461,,
f25bb8a5-e8f5-4bbf-aa95-3b0838006293,completed,2023-03-06 20:43:42.066461,,
f2638003-09c3-4ad7-ba99-89b3a38aaa3e,completed,2023-03-06 20:43:42.066461,,
f275863f-1662-4762-8cd6-53d3efb6fb1a,completed,2023-03-06 20:43:42.066461,,
f275e3b8-fcaa-4c6e-9f92-50cf72efa6f2,completed,2023-03-06 20:43:42.066461,,
f284b8cc-67ff-4e1d-9fc7-17a41c8e3296,completed,2023-03-06 20:43:42.066461,,
f28501ed-664d-4840-9951-f43029a7f648,completed,2023-03-06 20:43:42.066461,,
f29e72a0-f71f-4071-9452-5769c0de1c9a,completed,2023-03-06 20:43:42.066461,,
f29e8758-0969-4511-bdbe-1e883af5797d,completed,2023-03-06 20:43:42.066461,,
f2a02f56-e53d-4d50-8edf-1312684320a0,completed,2023-03-06 20:43:42.066461,,
f2a103f3-6477-4b10-97c3-bd5a4895d836,completed,2023-03-06 20:43:42.066461,,
f2c000b8-c0e5-4b50-9255-5e5a3120ab44,completed,2023-03-06 20:43:42.066461,,
f2c04401-1010-46fe-a5d5-cf808b6ca667,completed,2023-03-06 20:43:42.066461,,
f2c622fc-895b-47b0-8110-85afb87dc018,completed,2023-03-06 20:43:42.066461,,
f2cbd005-2bea-4b64-96da-b85f0b9ee7c1,completed,2023-03-06 20:43:42.066461,,
f2d22b9d-548f-4fa6-88e1-63a7c962c14a,completed,2023-03-06 20:43:42.066461,,
f2d6eec9-a388-4a22-b4f4-09ded09060cc,completed,2023-03-06 20:43:42.066461,,
f2dd3390-b89d-4f75-8dff-42b5e626b362,completed,2023-03-06 20:43:42.066461,,
f2dd721a-e55b-4e71-a99b-7e832f738ea3,completed,2023-03-06 20:43:42.066461,,
f2de98c6-bcd2-45e3-9fa1-d84514c51aab,completed,2023-03-06 20:43:42.066461,,
f2dfa33a-05f0-425b-b2d6-dcdb41d08c64,completed,2023-03-06 20:43:42.066461,,
f2e00a72-ac54-4fae-9642-77d1d3fbecb5,completed,2023-03-06 20:43:42.066461,,
f2e00b39-0b5d-48e5-ad73-2b427f71aabd,completed,2023-03-06 20:43:42.066461,,
f2fba0a1-fb77-4c17-bb08-4c9a93c9d425,completed,2023-03-06 20:43:42.066461,,
f2fbbe9c-6c85-49bd-97f9-8fb1d4f8f32e,completed,2023-03-06 20:43:42.066461,,
f306e87b-272c-4347-8491-6c4a277cf68c,completed,2023-03-06 20:43:42.066461,,
f3088fd7-07a1-4435-b585-75a8100538bf,completed,2023-03-06 20:43:42.066461,,
f30dbdea-5b6a-4f72-8222-cd5a2bcf277a,completed,2023-03-06 20:43:42.066461,,
f3174d09-240a-4454-ac69-a392a9ae9782,completed,2023-03-06 20:43:42.066461,,
f3189ed7-f2f7-40bc-b6d8-9bc2d427d2c2,completed,2023-03-06 20:43:42.066461,,
f31bdf19-2d22-45f7-b5da-b96c8a874e4d,completed,2023-03-06 20:43:42.066461,,
f33e9bbe-ab96-464c-a4ff-dd32dedba79e,completed,2023-03-06 20:43:42.066461,,
f34235cb-3329-4c2c-8985-a6083d40a8b5,completed,2023-03-06 20:43:42.066461,,
f34eb4c8-04dd-43dd-8350-2176ccc3659f,completed,2023-03-06 20:43:42.066461,,
f3612bb2-ea6e-45ed-aac1-87d1de9094ed,completed,2023-03-06 20:43:42.066461,,
f36e280b-1d67-4337-aed9-e554d6b0ed21,completed,2023-03-06 20:43:42.066461,,
f3750cae-aee1-40a2-bd82-4b8a2722e987,completed,2023-03-06 20:43:42.066461,,
f384c302-d59d-43b8-bc77-9101a78c7ba0,completed,2023-03-06 20:43:42.066461,,
f385da72-6540-4159-87ba-7287e6dc17fb,completed,2023-03-06 20:43:42.066461,,
f38e883c-c7bd-4f8a-904c-add43ef28a3e,completed,2023-03-06 20:43:42.066461,,
f3914ea2-f057-46f3-a026-de33372de0bb,completed,2023-03-06 20:43:42.066461,,
f3999a73-a250-4e8f-b50c-eabedb309566,completed,2023-03-06 20:43:42.066461,,
f3a7221f-c245-4424-a2fb-e9cf0ab8a081,completed,2023-03-06 20:43:42.066461,,
f3b1ab41-d653-4eb9-99d8-e7fbeb4e1073,completed,2023-03-06 20:43:42.066461,,
f3b56925-26bc-45d1-afa0-b51b3c69b555,completed,2023-03-06 20:43:42.066461,,
f3b575d4-bd0b-4013-97fd-21731fa7a0eb,completed,2023-03-06 20:43:42.066461,,
f3b5b9ae-5665-448a-9d86-9c258c1d967e,completed,2023-03-06 20:43:42.066461,,
f3b869f9-01aa-4ed7-9e6b-32340117e02a,completed,2023-03-06 20:43:42.066461,,
f3b92da7-24e7-413a-96aa-1d804ad33306,completed,2023-03-06 20:43:42.066461,,
f3bac938-1578-40a4-bf02-7e3610ad6620,completed,2023-03-06 20:43:42.066461,,
f3bcded0-3296-4add-bee8-1719971f641b,completed,2023-03-06 20:43:42.066461,,
f3d2b646-ddea-4149-ab2e-6d7f2b265add,completed,2023-03-06 20:43:42.066461,,
f3da9b53-57f6-443c-9850-800fc299c4ce,completed,2023-03-06 20:43:42.066461,,X
f3e24311-b925-4e2f-b046-02adac4481b6,completed,2023-03-06 20:43:42.066461,,
f3e47e91-7e22-42f2-b277-a33e8477261d,completed,2023-03-06 20:43:42.066461,,
f3e7bb47-30c3-4eca-b6a2-dcc4a3d121ef,completed,2023-03-06 20:43:42.066461,,
f3f0dc2d-6ab3-4094-85d1-78c784c5497b,completed,2023-03-06 20:43:42.066461,,
f40143da-59c1-4f98-b48c-bcb8626d9a69,completed,2023-03-06 20:43:42.066461,,
f40f97d6-3afc-4369-8be1-99d294371f60,completed,2023-03-06 20:43:42.066461,,
f40fcb88-53ec-45f9-ac8c-820c6c9040f0,completed,2023-03-06 20:43:42.066461,,
f41da2a2-8035-45ca-af79-07136bb007cc,completed,2023-03-06 20:43:42.066461,,
f423a7a2-57ac-4c40-b246-60857439aabe,completed,2023-03-06 20:43:42.066461,,
f428470d-72dd-4b3c-aa60-b5f358e321d7,completed,2023-03-06 20:43:42.066461,,
f42ba9c1-1a56-4c8d-b653-06730ede4aa3,completed,2023-03-06 20:43:42.066461,,
f43f45e4-5c5d-40be-b4d1-c666a4917f63,completed,2023-03-06 20:43:42.066461,,
f4522d9b-c750-41bf-85c0-c7921668eca8,completed,2023-03-06 20:43:42.066461,,
f4696c51-1451-4a1c-b012-3f1484fddab6,completed,2023-03-06 20:43:42.066461,X,
f479495c-c9cb-45b5-ac5b-dcd0a91164aa,completed,2023-03-06 20:43:42.066461,,
f47aa7fe-4141-4618-ab2a-0b650f513a08,completed,2023-03-06 20:43:42.066461,,
f487cb50-b770-48db-993e-9d38fc6c830a,completed,2023-03-06 20:43:42.066461,,
f491eda8-810e-44eb-bced-5eed814ffbb4,completed,2023-03-06 20:43:42.066461,,
f4943169-c42b-453b-8149-6cc572f452b4,completed,2023-03-06 20:43:42.066461,,
f497f835-947d-47d4-88ec-66a3c73c031e,completed,2023-03-06 20:43:42.066461,,
f49a2395-41d7-4a0c-8a1e-ef9545b15b3b,completed,2023-03-06 20:43:42.066461,,
f49f76d0-b46d-4533-84c0-fc3f9c7cc966,completed,2023-03-06 20:43:42.066461,,
f4a5e89a-24be-4825-a519-b2a800fae2a3,completed,2023-03-06 20:43:42.066461,,
f4b4c89d-9d54-45e1-97f3-9bf7ba85c803,completed,2023-03-06 20:43:42.066461,,
f4baff14-225d-48d2-b0b4-ce754d1113db,completed,2023-03-06 20:43:42.066461,,
f4c67dc8-75e7-43d8-ac55-c889feb60196,completed,2023-03-06 20:43:42.066461,,
f4c819e6-b0f5-4acb-a775-a86e41624053,completed,2023-03-06 20:43:42.066461,,
f4cfd86b-b7da-4731-91ba-49e62ff1399b,completed,2023-03-06 20:43:42.066461,,
f4d0b4ea-d7d8-4393-b75d-ba85a03ca935,completed,2023-03-06 20:43:42.066461,,
f4d25db7-aac1-4202-b6a9-6a77292df05e,completed,2023-03-06 20:43:42.066461,,
f4e3a47d-b880-4bb3-97d1-1af7b0ce9845,completed,2023-03-06 20:43:42.066461,,
f4f367c3-93e8-4901-a656-88c67e74030f,completed,2023-03-06 20:43:42.066461,,
f4f45924-e983-4a09-bffc-014b4d3fcde2,completed,2023-03-06 20:43:42.066461,,
f4f82493-d025-4e29-9b45-6d7c706f86b8,completed,2023-03-06 20:43:42.066461,,
f5078f5c-a95e-445c-bf47-2d58b78c1826,completed,2023-03-06 20:43:42.066461,,
f50b79f3-1bfb-4cb9-8f1e-829689dccdd5,completed,2023-03-06 20:43:42.066461,,
f50c339a-1b3f-4a42-a925-e017d95f337a,completed,2023-03-06 20:43:42.066461,,
f518a119-65b5-4f0c-9628-986fafd1e163,completed,2023-03-06 20:43:42.066461,,
f51f03d4-6564-481d-8b4f-0b90fa38694d,completed,2023-03-06 20:43:42.066461,,
f526f834-fc27-4ce0-93d6-6a537e29e161,completed,2023-03-06 20:43:42.066461,,
f5273c72-d240-4f91-9e65-8e50fc4e9999,completed,2023-03-06 20:43:42.066461,,
f527ce5b-e519-4b22-96be-9a9701c2e534,completed,2023-03-06 20:43:42.066461,,
f53a6d2a-fb30-4687-b6ff-a8f7f17a0283,completed,2023-03-06 20:43:42.066461,,
f53cd51c-f3a6-4d78-ac3c-54338f9e8ba0,completed,2023-03-06 20:43:42.066461,,
f53fafb4-f340-4f14-bfd4-63d92a33f6d0,completed,2023-03-06 20:43:42.066461,,
f54bc8fa-96e4-4bbc-84eb-77d5eebebb29,completed,2023-03-06 20:43:42.066461,,
f55dd62c-0b0c-43c6-809d-16faf61c44d3,completed,2023-03-06 20:43:42.066461,,
f5643894-5f99-4a62-8398-88bc2b2daace,completed,2023-03-06 20:43:42.066461,,
f5659781-6756-4e28-abde-c167e7d3a83e,completed,2023-03-06 20:43:42.066461,,
f565e857-d8c0-4d81-97ac-626eafd13b05,completed,2023-03-06 20:43:42.066461,,
f56ba470-8e8b-4d25-8056-a30180710108,completed,2023-03-06 20:43:42.066461,,
f56e700b-b89b-4c9a-a66a-7e6e2c29fcfa,completed,2023-03-06 20:43:42.066461,,
f5711169-5a9d-4051-a539-c824fb35184d,completed,2023-03-06 20:43:42.066461,,
f571b051-0299-4577-bf1f-d913ece96260,completed,2023-03-06 20:43:42.066461,,
f57bf2ac-5eb9-4ca4-8e6f-2f70448d4771,completed,2023-03-06 20:43:42.066461,,
f58a3908-914a-453d-b3f7-bba5701fc3f5,completed,2023-03-06 20:43:42.066461,,
f58bece7-9b80-43a7-9be3-64fb9361e35d,completed,2023-03-06 20:43:42.066461,,
f5905ed9-64be-47d7-9417-cdd31eb45bb6,completed,2023-03-06 20:43:42.066461,,
f594da4a-f69f-4725-84ef-cb32c9a0f1ee,completed,2023-03-06 20:43:42.066461,,
f5958004-8621-4e32-bda7-cf6f8a10f021,completed,2023-03-06 20:43:42.066461,,
f5a969a1-0374-4819-a364-795e440132da,completed,2023-03-06 20:43:42.066461,,
f5b2eab9-8f41-4e8d-ae00-37ce2bb8ca36,completed,2023-03-06 20:43:42.066461,,
f5b63a35-c0e8-4ccf-8abd-46a753d64ea4,completed,2023-03-06 20:43:42.066461,,
f5cfdf6c-558a-4157-998c-08e6c2dbf09f,completed,2023-03-06 20:43:42.066461,,
f5e322e9-7c01-4bf4-ae51-42f15ae122c8,completed,2023-03-06 20:43:42.066461,,
f5e93273-9b7d-4067-80e3-7ed6d47f275f,completed,2023-03-06 20:43:42.066461,,
f5ec5387-9a4a-4009-b9ec-e2bee3232720,completed,2023-03-06 20:43:42.066461,,
f5f13e54-d199-46a1-860c-cbb2b658d62e,completed,2023-03-06 20:43:42.066461,,
f5fbe3ed-f09f-4030-9131-f0acafb84318,completed,2023-03-06 20:43:42.066461,,
f5ffd73c-3459-41c9-92de-2517c7a4ee55,completed,2023-03-06 20:43:42.066461,,
f6016a73-3238-49f4-839b-b488c4839c77,completed,2023-03-06 20:43:42.066461,,
f6046f1e-53f8-4b47-b488-045bb9a696fe,completed,2023-03-06 20:43:42.066461,,
f6090987-132b-4e42-9e6a-adadf233bc41,completed,2023-03-06 20:43:42.066461,,
f62254f6-4757-413b-8c45-592d7382823d,completed,2023-03-06 20:43:42.066461,,
f62440dc-7729-4826-83c0-dd5a132e5d01,completed,2023-03-06 20:43:42.066461,,
f62aba15-75a8-4a58-8195-ffef04c066e5,completed,2023-03-06 20:43:42.066461,,
f62b3f57-a786-4908-ab61-f52962bfc425,completed,2023-03-06 20:43:42.066461,X,
f6309007-1167-495a-bf62-7e209e36684b,completed,2023-03-06 20:43:42.066461,,
f634b941-eedd-4c29-82a7-755148cbba3c,completed,2023-03-06 20:43:42.066461,,
f63ac24c-8d94-4c59-9501-647e9e2b4906,completed,2023-03-06 20:43:42.066461,,
f63b93c6-81c6-4240-9a6b-b50d4fc29c18,completed,2023-03-06 20:43:42.066461,,
f63d8496-2509-4662-b7c4-965cb69152b2,completed,2023-03-06 20:43:42.066461,,
f6422479-9b41-40e5-ac29-82d619012e36,completed,2023-03-06 20:43:42.066461,,
f648a46b-d28e-4805-aac5-6dafffbcb531,completed,2023-03-06 20:43:42.066461,,
f64b2fc6-5efd-4da3-ba15-b1fe6c78ab36,completed,2023-03-06 20:43:42.066461,,
f64f44c2-ae0e-42d7-bf3c-96d069f73ed0,completed,2023-03-06 20:43:42.066461,,
f65b1102-aa4a-41a9-9edb-f89c18da7720,completed,2023-03-06 20:43:42.066461,,
f65c158b-8dab-415b-b801-882a1d7c6d5e,completed,2023-03-06 20:43:42.066461,,
f65cc551-cd23-451b-aeb6-d4ab2a31fc4f,completed,2023-03-06 20:43:42.066461,,
f6604542-7405-4fb5-9c74-c5be133b3987,completed,2023-03-06 20:43:42.066461,,
f667933f-b055-4945-bac5-abf520f25015,completed,2023-03-06 20:43:42.066461,,
f66b8b69-c75a-4468-a039-240cad1cd038,completed,2023-03-06 20:43:42.066461,,
f66e7d20-b24d-4acf-aaf3-2e2a85d76ae5,completed,2023-03-06 20:43:42.066461,,
f6758f3b-9746-457a-b09b-10ddc8598bc2,completed,2023-03-06 20:43:42.066461,,
f67ae33d-6881-4054-9ff1-5b1e864a014c,completed,2023-03-06 20:43:42.066461,,
f67ca41d-32ee-4d8c-ada7-49bd3a2b0582,completed,2023-03-06 20:43:42.066461,,
f68769b0-cc47-4652-a90c-d486fe4eb3fb,completed,2023-03-06 20:43:42.066461,,
f69266a0-8bcf-4e18-8600-75dafcdc4058,completed,2023-03-06 20:43:42.066461,,
f6930a4b-a625-449b-b72a-aeada3fa3618,completed,2023-03-06 20:43:42.066461,,
f6973319-39f7-4089-a929-f67877c272cc,completed,2023-03-06 20:43:42.066461,,
f6a6c8f7-bdb8-4720-8c4d-e0b681236da8,completed,2023-03-06 20:43:42.066461,,
f6ac1222-6761-45fa-9021-a0e89c790c89,completed,2023-03-06 20:43:42.066461,,
f6b488cd-e26c-454d-b55d-1f8f276e33a6,completed,2023-03-06 20:43:42.066461,,
f6bf7fdc-d1a2-47ae-b76a-41f4cf505168,completed,2023-03-06 20:43:42.066461,,
f6c389d6-ca69-4a8c-816f-bc314d36d53d,completed,2023-03-06 20:43:42.066461,,
f6cb8088-7922-4d3d-9d7e-0c8b54febc5d,completed,2023-03-06 20:43:42.066461,,
f6cfe85f-34a1-4647-8c81-f9896e4a5e16,completed,2023-03-06 20:43:42.066461,,
f6d323a3-2b8f-4185-a193-a4ff89bf2e66,completed,2023-03-06 20:43:42.066461,,
f6e08d99-d47e-412d-9971-784f7c85bf97,completed,2023-03-06 20:43:42.066461,,
f6e27e07-ac8f-4ced-aea7-8f8eb798999d,completed,2023-03-06 20:43:42.066461,,
f6e61b75-52a7-4edc-9353-7c5d9545f6d0,completed,2023-03-06 20:43:42.066461,,
f6e75e6f-94d8-441b-ba1b-7306c4d08ea2,completed,2023-03-06 20:43:42.066461,,
f6ecb482-b4cd-46ae-b7d2-ac9c44bb21bb,completed,2023-03-06 20:43:42.066461,,
f6eeba90-afb3-4c2f-a50f-59e64f784415,completed,2023-03-06 20:43:42.066461,,
f6ef1180-9afe-4d20-871b-686f6766048d,completed,2023-03-06 20:43:42.066461,,
f6f755dc-1cbd-4da8-85a5-b4f56fc476d2,completed,2023-03-06 20:43:42.066461,,
f6fe3f30-577d-44b4-861e-b30ee967dab9,completed,2023-03-06 20:43:42.066461,,
f7104340-6817-4eb6-b253-40164b016fe9,completed,2023-03-06 20:43:42.066461,,
f71b4cb2-1ab2-41d8-b93c-00a77215c629,completed,2023-03-06 20:43:42.066461,,
f71d4287-1931-4992-abbe-ca71b37c821a,completed,2023-03-06 20:43:42.066461,,
f72922cd-170c-4b45-a504-be46953e0892,completed,2023-03-06 20:43:42.066461,,
f72e4137-cbb1-49c0-a1a4-7467fdf48186,completed,2023-03-06 20:43:42.066461,,
f7453ec2-2380-46ac-ba9b-ddee870e0fb0,completed,2023-03-06 20:43:42.066461,,
f75a2341-f7a7-4879-80f0-686a93918ad5,completed,2023-03-06 20:43:42.066461,,
f75ef9b9-0d34-4bf4-a2e8-e7fc6644d565,completed,2023-03-06 20:43:42.066461,,
f778b73a-fe14-412a-b07f-b12fa61fb378,completed,2023-03-06 20:43:42.066461,,
f78032f0-5116-4688-b176-54b80a786078,completed,2023-03-06 20:43:42.066461,,
f78472ec-2dce-4bee-b530-cf55479b7186,completed,2023-03-06 20:43:42.066461,,
f78c1c90-c1b7-4abc-b828-730e9390328a,completed,2023-03-06 20:43:42.066461,,
f793131a-137b-4e10-b71d-b145aaa2305c,completed,2023-03-06 20:43:42.066461,,
f796ebdd-be31-492e-9688-87bca9b5a8b1,completed,2023-03-06 20:43:42.066461,,
f798232a-4209-42b5-aea0-2b40f5e3a67d,completed,2023-03-06 20:43:42.066461,,
f7a3d30f-079c-4b0a-82a8-e1d4b9a18946,completed,2023-03-06 20:43:42.066461,,
f7ac957b-121a-4fa1-8f5b-036d5cb5c1b3,completed,2023-03-06 20:43:42.066461,,
f7afe1de-d8a5-4e0e-866c-987d5619288d,completed,2023-03-06 20:43:42.066461,,
f7b27efe-b96d-4e64-a7df-2e53a21f89f0,completed,2023-03-06 20:43:42.066461,,
f7b69d96-b066-40ab-8b23-a093098cb39d,completed,2023-03-06 20:43:42.066461,,
f7b9d3de-c189-478e-a755-4bf54c5b8e00,completed,2023-03-06 20:43:42.066461,,
f7c37c44-7717-492d-ae46-1639d44f64a9,completed,2023-03-06 20:43:42.066461,,
f7cbfbf4-7794-4ba0-b2be-2b467927738d,completed,2023-03-06 20:43:42.066461,,
f7cc753d-0e49-41df-9fa1-bfb5b946abc6,completed,2023-03-06 20:43:42.066461,,
f7d9c8e6-7ccd-486f-a4a2-c4893fc20c3c,completed,2023-03-06 20:43:42.066461,,
f7dd936f-b175-4b50-ba4f-d92f5dca59f4,completed,2023-03-06 20:43:42.066461,,
f7ead6ad-4f5e-4a02-9e39-8ff06a653672,completed,2023-03-06 20:43:42.066461,,
f7f6e06a-07f4-4b02-aeb5-42b9ecbd9dbd,completed,2023-03-06 20:43:42.066461,,
f7f792c5-ae49-4058-bcf2-178f1662dcc9,completed,2023-03-06 20:43:42.066461,,
f7f7aca4-6b10-4580-a6a6-a95cf65e69cf,completed,2023-03-06 20:43:42.066461,,
f7f975ab-61f4-4ec8-8245-063c8f256fce,completed,2023-03-06 20:43:42.066461,,
f8061543-f5f1-4eb3-ae7b-9cc5392161c6,completed,2023-03-06 20:43:42.066461,,
f809486b-0721-47ca-a19f-1710083ea229,completed,2023-03-06 20:43:42.066461,,
f81a64df-8000-40b9-a2e0-96fe7ed9029f,completed,2023-03-06 20:43:42.066461,,
f81d4f3b-eae4-4a3c-9211-363c1f36b7cb,completed,2023-03-06 20:43:42.066461,,
f81fdee1-caa3-4cc5-8e78-e88b3bb5c528,completed,2023-03-06 20:43:42.066461,,
f8285484-53a6-4650-9e39-90852028df66,completed,2023-03-06 20:43:42.066461,,
f8331fda-5430-45d8-aa15-a9aca66e5661,completed,2023-03-06 20:43:42.066461,,
f8397ab5-6e2a-477c-b1bf-5652804848b6,completed,2023-03-06 20:43:42.066461,,
f83c90b0-9e67-49a8-92c3-ea913dbf04cf,completed,2023-03-06 20:43:42.066461,,
f841c7c7-18b9-4adf-b8c6-0ab1ecc86051,completed,2023-03-06 20:43:42.066461,,
f84560f5-fd03-40b1-ad5d-4f196ddf114b,completed,2023-03-06 20:43:42.066461,,
f857aeba-e2a7-4ed9-b3ef-fb5d874fd698,completed,2023-03-06 20:43:42.066461,,
f858238e-3622-49b1-b7e7-3ba638c1be39,completed,2023-03-06 20:43:42.066461,,
f85cbeba-4663-4163-8758-192e6155db22,completed,2023-03-06 20:43:42.066461,,
f85cd2ed-5556-4a91-a821-688513833887,completed,2023-03-06 20:43:42.066461,,
f85fe726-cfac-40eb-8f15-91979ed6b8c6,completed,2023-03-06 20:43:42.066461,,
f86e3d5f-9dc2-4718-8220-72162144cdbe,completed,2023-03-06 20:43:42.066461,,
f8715774-8bcb-44c9-bb3f-59b44aa73ccb,completed,2023-03-06 20:43:42.066461,,
f8833751-e61d-4fbf-bed1-c5fb82f74990,completed,2023-03-06 20:43:42.066461,,
f8988891-2c8b-4eb8-a617-e71459ee1161,completed,2023-03-06 20:43:42.066461,,
f8a106ac-6cc9-43bf-96a2-88921b2723f7,completed,2023-03-06 20:43:42.066461,,
f8a23bd1-2b50-4ded-aaa5-cfc35b43d75f,completed,2023-03-06 20:43:42.066461,,
f8a517b3-db79-408c-bb59-b745925c547e,completed,2023-03-06 20:43:42.066461,,
f8b0975c-7cf9-4953-b77e-4cc2d585002a,completed,2023-03-06 20:43:42.066461,,
f8c137d2-4b18-4929-998c-99030ebf32d9,completed,2023-03-06 20:43:42.066461,,
f8cb81a9-4530-4c3e-b803-8338d4f3b719,completed,2023-03-06 20:43:42.066461,,
f8dcbb73-8d28-4101-bf3d-687927b80496,completed,2023-03-06 20:43:42.066461,,
f8ddb415-9eda-44b2-997b-e55ba5508a44,completed,2023-03-06 20:43:42.066461,,
f8e7a3b6-cce2-46d8-bca5-309a1d419bd7,completed,2023-03-06 20:43:42.066461,,
f8f09908-4968-45da-b3f5-4cc3c70ee189,completed,2023-03-06 20:43:42.066461,,
f8f193fd-82ab-4aca-81ac-1ea301672ffd,completed,2023-03-06 20:43:42.066461,,
f8fab166-e434-458b-834e-a96bb04a2f06,completed,2023-03-06 20:43:42.066461,,
f8ff4f55-b03f-4389-a42b-e40beea81dcf,completed,2023-03-06 20:43:42.066461,,
f90748f3-9eac-4db3-a014-de2d6bf0fb63,completed,2023-03-06 20:43:42.066461,X,
f91d9c6e-0e89-4726-803a-82d427fab65d,completed,2023-03-06 20:43:42.066461,,
f9220cd0-b9c7-46f7-9071-5a9c66357751,completed,2023-03-06 20:43:42.066461,,
f9230b7e-c910-466c-842c-4ec15fb6d9c5,completed,2023-03-06 20:43:42.066461,,
f92da403-56c5-45a2-81dc-3661bf5e0b97,completed,2023-03-06 20:43:42.066461,X,
f92f992d-a3f4-4b19-bc73-cedbf91624b8,completed,2023-03-06 20:43:42.066461,,
f9326e0e-aa29-488b-b361-0092f6518199,completed,2023-03-06 20:43:42.066461,,
f936c004-3a5c-4a03-af6c-a59290c6c4fd,completed,2023-03-06 20:43:42.066461,,
f939f3c4-2bf9-4152-9c1b-2b206644265f,completed,2023-03-06 20:43:42.066461,,
f9463d13-c896-4484-ae78-0b36e43f75b3,completed,2023-03-06 20:43:42.066461,,
f94ade41-a13b-492b-95a4-acf031c80648,completed,2023-03-06 20:43:42.066461,,
f9573d75-daf7-4e30-9b55-f5faf27daaf9,completed,2023-03-06 20:43:42.066461,,
f9582d90-78f4-41bc-b0fb-30191cd990fb,completed,2023-03-06 20:43:42.066461,,
f95db65a-c87a-45b6-91df-b4fa749cf888,completed,2023-03-06 20:43:42.066461,,
f95ee513-201c-4f3d-b446-e8113485149c,completed,2023-03-06 20:43:42.066461,,
f966920b-4d31-4266-9385-91c591299e33,completed,2023-03-06 20:43:42.066461,,
f969057a-7a6d-4395-909c-9a7e6bb8d3e1,completed,2023-03-06 20:43:42.066461,,
f96b653d-70ad-4974-ba6d-feb586bcd98b,completed,2023-03-06 20:43:42.066461,,
f97a7d46-e027-422b-a6dd-20aca43e1c0a,completed,2023-03-06 20:43:42.066461,,
f97b0330-6820-4bd7-872f-e8e88da2c4c6,completed,2023-03-06 20:43:42.066461,,
f97d3dde-4e35-4820-9121-637fb2316e3e,completed,2023-03-06 20:43:42.066461,,
f97df1b4-51f1-404d-b2fc-1c253860fb13,completed,2023-03-06 20:43:42.066461,,
f9880090-c5f3-48ee-aef6-efc58859993b,completed,2023-03-06 20:43:42.066461,,
f98a0b2a-70fd-45eb-9c0e-ea321ca2c042,completed,2023-03-06 20:43:42.066461,,
f9a00c0d-02fc-41d8-9636-6a0d1a9d34cd,completed,2023-03-06 20:43:42.066461,,
f9a04087-1b3d-412a-90c4-f681d0b23827,completed,2023-03-06 20:43:42.066461,,
f9a0dad3-82e2-40eb-a70b-c60fc5977550,completed,2023-03-06 20:43:42.066461,,
f9a334a5-56ec-4f22-879a-589227580f39,completed,2023-03-06 20:43:42.066461,,
f9a423c8-d9b6-4fbd-9224-2351a9017e76,completed,2023-03-06 20:43:42.066461,,
f9a4b467-cdb1-445a-85aa-fd199e917208,completed,2023-03-06 20:43:42.066461,,
f9a52064-aeed-4f75-aecf-8df9ae8a78d0,completed,2023-03-06 20:43:42.066461,,
f9b7fb76-8832-445e-9feb-8e2cef2ba7dd,completed,2023-03-06 20:43:42.066461,,
f9c859ca-96f9-4a34-97da-2ee98f8c84ca,completed,2023-03-06 20:43:42.066461,,
f9e17d09-0cda-4988-ae98-784580326387,completed,2023-03-06 20:43:42.066461,,
f9e311df-9b63-4b41-a767-59ddb67fb84d,completed,2023-03-06 20:43:42.066461,,
f9e5491f-d252-45ee-8cc5-d64e61221321,completed,2023-03-06 20:43:42.066461,,
f9e8b8d9-be01-4103-8bba-a122a6aca849,completed,2023-03-06 20:43:42.066461,,
f9e946b0-9cd9-44da-9141-a8300007ff3e,completed,2023-03-06 20:43:42.066461,,
f9f00190-d418-4fc6-afca-bf564899f23b,completed,2023-03-06 20:43:42.066461,,
f9f90ff1-b674-417b-962d-7009d40a95bf,completed,2023-03-06 20:43:42.066461,,
f9fa93af-f6e5-4685-b5fe-8349c273b014,completed,2023-03-06 20:43:42.066461,,
f9fe62b7-80fe-4c30-bab1-838ea7df95a1,completed,2023-03-06 20:43:42.066461,,
f9ffbe44-edbb-45d1-b7e2-1a4781270fc7,completed,2023-03-06 20:43:42.066461,,
fa0a87d2-73de-4f8e-8e6c-191f172c4c25,completed,2023-03-06 20:43:42.066461,,
fa0fc396-9aa5-4839-9af1-07ae55bce097,completed,2023-03-06 20:43:42.066461,,
fa290b2d-0022-4141-b966-bf9a0fa9e2bd,completed,2023-03-06 20:43:42.066461,,
fa33052c-387c-49d5-bd7e-308bec541b9d,completed,2023-03-06 20:43:42.066461,,
fa331eb4-656e-455c-8963-6e4114308d38,completed,2023-03-06 20:43:42.066461,,
fa437ada-9293-4211-9411-b4661c14a15f,completed,2023-03-06 20:43:42.066461,,
fa45d8a5-183f-423c-84b7-2b595b6a73ab,completed,2023-03-06 20:43:42.066461,,
fa47f004-01f5-47af-947e-d513afda60f4,completed,2023-03-06 20:43:42.066461,,
fa4a9589-9a3e-48aa-8f63-856e744c7814,completed,2023-03-06 20:43:42.066461,,
fa4bbbd3-5777-4c9b-b6e6-c49200184812,completed,2023-03-06 20:43:42.066461,,
fa5219b1-afdd-4fec-8cd1-0ac84162cbce,completed,2023-03-06 20:43:42.066461,,
fa545c33-0591-47e2-9cb6-392e6123409e,completed,2023-03-06 20:43:42.066461,,
fa577497-4d74-4dc7-91b1-1cbd1ae95594,completed,2023-03-06 20:43:42.066461,,
fa5c3e64-b865-4859-9a49-9dfd94a926c6,completed,2023-03-06 20:43:42.066461,,
fa600aef-ec58-49f8-a901-db0b23d7f692,completed,2023-03-06 20:43:42.066461,,
fa640c3b-e0d6-4634-b013-8a01d8d89158,completed,2023-03-06 20:43:42.066461,,
fa707214-8186-4f89-82e5-bd10bc4baa19,completed,2023-03-06 20:43:42.066461,,
fa7080df-9485-45f9-ad2a-fb60e0aa1cf4,completed,2023-03-06 20:43:42.066461,,
fa708826-20df-4775-961a-00c3e5358a1a,completed,2023-03-06 20:43:42.066461,,
fa71ac01-23ee-4090-b760-0395d574625c,completed,2023-03-06 20:43:42.066461,,
fa7e0536-f368-463b-9d65-0216689d38f3,completed,2023-03-06 20:43:42.066461,,
fa825e43-7a14-4140-90f3-b31d6f1507e6,completed,2023-03-06 20:43:42.066461,,
fa900050-f1c3-4fe9-9a75-fa9dbfc095ec,completed,2023-03-06 20:43:42.066461,,
fa9175fc-1828-4e50-8790-2200c2d9c5f2,completed,2023-03-06 20:43:42.066461,,
faa2ecf9-9c7c-4b01-9723-06bf44157a2a,completed,2023-03-06 20:43:42.066461,,
fab682f1-6ff6-4083-bcd0-77e2ec63cae5,completed,2023-03-06 20:43:42.066461,,
fab891c3-eb6f-4253-a06f-da520003c2c9,completed,2023-03-06 20:43:42.066461,,
fab9f81f-f665-4f68-b68a-fb622dbae878,completed,2023-03-06 20:43:42.066461,,
fabcd966-410f-4007-ba90-8bafe7b0ccd4,completed,2023-03-06 20:43:42.066461,,
fad48f49-eb09-4331-89b9-3c2215cef40c,completed,2023-03-06 20:43:42.066461,,
fadde4a7-77c5-476a-a25f-48d863d416b2,completed,2023-03-06 20:43:42.066461,,
fadebf9a-95d1-4142-b218-200fc6db888d,completed,2023-03-06 20:43:42.066461,,
fadff397-8010-4fcf-b69e-cebaf6fa25ea,completed,2023-03-06 20:43:42.066461,,
fae4627c-71d2-4161-bd0a-c130ad4b003b,completed,2023-03-06 20:43:42.066461,,
fae63560-8e44-4c6a-84c2-b9d949c48082,completed,2023-03-06 20:43:42.066461,,
faf4b411-ba3c-4caf-bbf7-d500133dad79,completed,2023-03-06 20:43:42.066461,,
faf56ad4-ead6-42cb-a3a7-7e2f96896576,completed,2023-03-06 20:43:42.066461,,
fafd27ad-c055-4250-8aad-6074533ccfca,completed,2023-03-06 20:43:42.066461,,
fb01d417-27c2-4290-882d-80f98e24f12f,completed,2023-03-06 20:43:42.066461,X,
fb03fc7a-a35d-4a69-9ffc-9595d68e924f,completed,2023-03-06 20:43:42.066461,,
fb086ebf-080a-431e-a671-1fd346e35036,completed,2023-03-06 20:43:42.066461,,
fb117ff6-cf96-40fd-a8bb-ffec737fc8c4,completed,2023-03-06 20:43:42.066461,,
fb16ce1d-8741-4975-ba1b-81d923e7d2f1,completed,2023-03-06 20:43:42.066461,,
fb16f41d-aec6-48aa-9899-92e3328dc4e2,completed,2023-03-06 20:43:42.066461,,
fb1c5a22-8f26-4450-b551-33a161988f7a,completed,2023-03-06 20:43:42.066461,,
fb2e30c2-74ff-40c4-9ddb-b05015efa261,completed,2023-03-06 20:43:42.066461,,
fb376368-ae95-4776-9c09-f82540802597,completed,2023-03-06 20:43:42.066461,,
fb4a6530-f8f8-473c-8de8-214c93d8180c,completed,2023-03-06 20:43:42.066461,,
fb513364-4063-4ca1-a463-f58129b5d03e,completed,2023-03-06 20:43:42.066461,,
fb52f882-3dd1-40fa-974e-efeb631ec324,completed,2023-03-06 20:43:42.066461,,
fb56cac8-2be0-4328-8a15-df896c1397ab,completed,2023-03-06 20:43:42.066461,,
fb6078fa-605e-436f-a8ac-93f2c960b96a,completed,2023-03-06 20:43:42.066461,,
fb60c9ce-43a8-44ee-bbfe-7be780579081,completed,2023-03-06 20:43:42.066461,,
fb654473-bff6-4b6a-9f39-d20e48769e31,completed,2023-03-06 20:43:42.066461,,
fb6784e4-d4b2-4600-9da8-0f41a91d5499,completed,2023-03-06 20:43:42.066461,,
fb6de123-36b6-4cb5-920f-22d534e9ea28,completed,2023-03-06 20:43:42.066461,,
fb6f4b91-da7c-4cec-ba96-630df239624f,completed,2023-03-06 20:43:42.066461,,
fb740591-509a-4ae0-b3a7-b315d4f6bab9,completed,2023-03-06 20:43:42.066461,,
fb75c49d-01fa-4157-a296-dfbe6fda1fd5,completed,2023-03-06 20:43:42.066461,,
fb7be985-4cfc-44fb-b789-3e5be6aca5e5,completed,2023-03-06 20:43:42.066461,,
fb821960-bf5d-40da-b206-d08cf5fd8b67,completed,2023-03-06 20:43:42.066461,,
fb8273d9-7147-4885-9eb9-942edf00b4e1,completed,2023-03-06 20:43:42.066461,,
fb995097-7601-472b-84b4-2c46d06cf48f,completed,2023-03-06 20:43:42.066461,,
fb99f267-d0b1-4fc4-8691-bd12c7d5405f,completed,2023-03-06 20:43:42.066461,,
fb9b9432-9313-405c-a0b0-f12310e943e3,completed,2023-03-06 20:43:42.066461,,
fba35fa9-e417-4292-a324-6363f5791e67,completed,2023-03-06 20:43:42.066461,,
fba433e0-7e1a-4267-bf41-ecca09b0a782,completed,2023-03-06 20:43:42.066461,,
fba6e108-a1b9-4d38-b7eb-860f8fb2154e,completed,2023-03-06 20:43:42.066461,,
fbb0646a-04e1-41d6-805d-6dadf8fc916b,completed,2023-03-06 20:43:42.066461,,
fbb0f377-2b73-48c7-b9fe-62e68c0cd3c8,completed,2023-03-06 20:43:42.066461,,
fbb7587d-e271-43be-8001-5bacc5a1ce7b,completed,2023-03-06 20:43:42.066461,,
fbbc1ea6-8103-4997-bf5e-931269552f57,completed,2023-03-06 20:43:42.066461,,
fbbdceaf-38e1-4277-890d-f360eac51369,completed,2023-03-06 20:43:42.066461,,
fbcbd379-1ee4-4494-a53d-7ecd493a041f,completed,2023-03-06 20:43:42.066461,,
fbd3cd71-93a1-42a7-80ce-c21cecf6f0b3,completed,2023-03-06 20:43:42.066461,,
fbd586e4-8535-4ce5-986d-b1335dacecd2,completed,2023-03-06 20:43:42.066461,,
fbded260-8210-49a6-aa63-05fda82b345e,completed,2023-03-06 20:43:42.066461,,
fbdf08a0-210b-4243-9e73-68ca184d453b,completed,2023-03-06 20:43:42.066461,,
fbec6b7d-78fb-4283-abca-de31989cf9d6,completed,2023-03-06 20:43:42.066461,,
fbf2f055-e55d-4bf0-9af9-9910e2a94b70,completed,2023-03-06 20:43:42.066461,,
fbf5923e-d67b-42fc-9ca3-d58b7de32ab6,completed,2023-03-06 20:43:42.066461,,
fc02422a-fb92-4d78-aea2-d9d83b47737a,completed,2023-03-06 20:43:42.066461,,
fc0cac91-7c04-4ea4-ae70-9545152effad,completed,2023-03-06 20:43:42.066461,,
fc13c88f-f241-4688-8033-c44a7c7bb042,completed,2023-03-06 20:43:42.066461,,
fc149839-db90-4085-a9d6-69cdee1fc376,completed,2023-03-06 20:43:42.066461,,
fc15d60f-bce5-4212-8e7a-bb82e908a3d0,completed,2023-03-06 20:43:42.066461,,
fc1d026c-5f5b-4aed-9e07-a979bc6f4ee0,completed,2023-03-06 20:43:42.066461,,
fc1e80b3-6d8b-40ca-bfbc-84b11fcdd549,completed,2023-03-06 20:43:42.066461,,
fc29601d-fe94-4f1f-9d05-33e72140b6d3,completed,2023-03-06 20:43:42.066461,,
fc37a136-776e-4dd6-b844-a42362e1ad6d,completed,2023-03-06 20:43:42.066461,,
fc38a0c6-7f5e-4ac2-ad35-959ab08865d2,completed,2023-03-06 20:43:42.066461,,
fc4681ca-9375-444f-8418-31857db477ec,completed,2023-03-06 20:43:42.066461,,
fc563615-75bf-44b2-b2ac-a64c87105eb1,completed,2023-03-06 20:43:42.066461,,
fc575aa3-de0a-498d-a693-4ea1d908b765,completed,2023-03-06 20:43:42.066461,,
fc5ce117-87ec-46f7-bf0b-50ab9ad248d8,completed,2023-03-06 20:43:42.066461,,
fc6505c7-b408-484b-aa9c-6a3bb48d8796,completed,2023-03-06 20:43:42.066461,,
fc65ef63-cb49-48a9-8fb6-ab26e9aa1c22,completed,2023-03-06 20:43:42.066461,,
fc6bbe51-769a-4dbc-b482-35808d3dd52c,completed,2023-03-06 20:43:42.066461,,
fc70a174-10ea-400a-bdeb-7e8044cff16b,completed,2023-03-06 20:43:42.066461,,
fc891441-5694-40a4-a5d5-f8b61fba9e15,completed,2023-03-06 20:43:42.066461,,
fc8c0962-70fc-48ee-9188-d2dda148461e,completed,2023-03-06 20:43:42.066461,,
fc8c2661-a0cc-469d-9b76-b47761aed21e,completed,2023-03-06 20:43:42.066461,,
fc93b380-4df1-4039-862e-aba1609fcae8,completed,2023-03-06 20:43:42.066461,,
fc9d9e46-84f6-4313-8251-c8c209f9d4d9,completed,2023-03-06 20:43:42.066461,,
fca3d0f0-e3b0-414f-893f-74ef804cc7d4,completed,2023-03-06 20:43:42.066461,,
fca4ba61-ca86-4bb7-b030-34946b27714f,completed,2023-03-06 20:43:42.066461,,
fcb8118b-f232-480c-9b8f-bcb64e00c719,completed,2023-03-06 20:43:42.066461,X,
fcba4168-af04-422c-8e67-e78dd3ac7035,completed,2023-03-06 20:43:42.066461,,
fcd549d6-51ec-4e75-8654-c3f49d908cd5,completed,2023-03-06 20:43:42.066461,,
fcef0315-1cfb-4f69-b929-25fa04760641,completed,2023-03-06 20:43:42.066461,X,
fcf57791-46f0-4f13-bde5-c0edac5e73c4,completed,2023-03-06 20:43:42.066461,,
fcfe6a42-7528-4293-b770-7d9837c3dcd2,completed,2023-03-06 20:43:42.066461,X,
fcfef330-cb3d-4b28-8b7b-519dd482e27f,completed,2023-03-06 20:43:42.066461,,
fd0b4245-9acc-40f6-b2d6-85a9d0d80421,completed,2023-03-06 20:43:42.066461,X,
fd1084e8-36c9-4e8a-84b4-12be4314a5d4,completed,2023-03-06 20:43:42.066461,,
fd272fe8-c55c-478d-b9b1-0548d15045bc,completed,2023-03-06 20:43:42.066461,,
fd299614-ef54-43fe-a84c-8c19aa352ed3,completed,2023-03-06 20:43:42.066461,,
fd3324ff-c61b-4ffa-910d-b0f937f206d1,completed,2023-03-06 20:43:42.066461,,
fd3f399c-5001-4433-b753-4aea51ff7c06,completed,2023-03-06 20:43:42.066461,,
fd4368fe-c3dc-4e7e-a987-263f2b1a4040,completed,2023-03-06 20:43:42.066461,,
fd436a13-c7ac-42c3-b6fe-405da15edac6,completed,2023-03-06 20:43:42.066461,,
fd4f36af-0438-402e-b24f-d3de4d7ed2bd,completed,2023-03-06 20:43:42.066461,,
fd59314e-9fe7-4faa-842a-155d9c15dc8d,completed,2023-03-06 20:43:42.066461,,
fd5cd59e-ddd1-4449-96e2-d80fba7a2d02,completed,2023-03-06 20:43:42.066461,,
fd5df4a3-0e5a-4a54-8dfd-71fd23db8867,completed,2023-03-06 20:43:42.066461,,
fd6a8aa9-391c-4cdc-a244-43caa14e28d3,completed,2023-03-06 20:43:42.066461,,
fd6d2f0f-265b-49c0-8734-29bdbebf8546,completed,2023-03-06 20:43:42.066461,,
fd7feab8-d4f9-4bc3-b245-f9161a85b6f3,completed,2023-03-06 20:43:42.066461,,
fd8456b5-09c6-4b2d-a067-7180c867fa0b,completed,2023-03-06 20:43:42.066461,,
fd881670-c34a-462f-9c66-fffaadecd875,completed,2023-03-06 20:43:42.066461,,
fd8fe0c6-04e6-4e02-8eec-41e95f3b9234,completed,2023-03-06 20:43:42.066461,,
fd92ac87-ce3c-422a-b35b-218b6c6ada61,completed,2023-03-06 20:43:42.066461,,
fda49e11-2abb-46fe-bdde-bd19ccfa089e,completed,2023-03-06 20:43:42.066461,,
fdab7a9b-afe2-4b32-9b6d-9b34c796f4ce,completed,2023-03-06 20:43:42.066461,,
fdaebb33-3d7f-4402-be4e-3fe6c1cb8e86,completed,2023-03-06 20:43:42.066461,,
fdba0579-8338-47a9-91d0-db1e83e3813c,completed,2023-03-06 20:43:42.066461,,
fdbc6abc-b36c-471b-871b-0da9e5245fd0,completed,2023-03-06 20:43:42.066461,,
fdbcb811-7ea3-41b7-a615-0c3b56a18a8a,completed,2023-03-06 20:43:42.066461,,
fdbf9db2-4fea-4b77-986b-c49d041d0f40,completed,2023-03-06 20:43:42.066461,,
fdc0368b-96d4-4603-9711-01ffa1d56306,completed,2023-03-06 20:43:42.066461,,
fdc17a4c-8ec7-45cb-9b53-64558cd3ee00,completed,2023-03-06 20:43:42.066461,,
fdcb829b-00c3-412e-a083-58f8bb5f90e4,completed,2023-03-06 20:43:42.066461,,
fdcf5bc7-96b9-47ed-8aaf-5498af6dcb68,completed,2023-03-06 20:43:42.066461,,
fdd31169-0539-4e7a-8497-aa731c8e306f,completed,2023-03-06 20:43:42.066461,,
fdd618bc-7275-4765-a56d-5a7e5f9335f7,completed,2023-03-06 20:43:42.066461,,
fddbff7b-140a-4c60-a4cb-1a6a8ed8b52d,completed,2023-03-06 20:43:42.066461,,
fdde6b75-1909-4de5-9759-7b7b49afe4d5,completed,2023-03-06 20:43:42.066461,X,
fddf8db8-4be4-421d-babc-95bc1745c70d,completed,2023-03-06 20:43:42.066461,,
fde23db1-3a57-443c-bab7-c79914bfbe39,completed,2023-03-06 20:43:42.066461,,
fde6c966-3ec1-49b2-945a-d6f31d097bd6,completed,2023-03-06 20:43:42.066461,,
fdf407de-2c20-48ab-ac0e-bee9d7a7d290,completed,2023-03-06 20:43:42.066461,,
fdf56881-6496-4f7a-ada5-d30209a444c2,completed,2023-03-06 20:43:42.066461,,
fdf8e578-fc4b-46d1-93b6-17a5be08c2e1,completed,2023-03-06 20:43:42.066461,,
fdfc3eab-a274-4870-89b4-7ef0be7ea5b9,completed,2023-03-06 20:43:42.066461,,
fdfc5d7e-d938-46be-93a8-18ca02f4b94c,completed,2023-03-06 20:43:42.066461,,
fdfd718a-fb62-4a99-8f03-9f313d331289,completed,2023-03-06 20:43:42.066461,,
fdfe59a7-5128-4d8f-b2bc-59747693b0e4,completed,2023-03-06 20:43:42.066461,,
fe006c12-a01f-408a-bdfa-ca71a6652943,completed,2023-03-06 20:43:42.066461,,
fe0a9bea-3af4-4c4c-9c5a-8c49300f39aa,completed,2023-03-06 20:43:42.066461,,
fe0e5fdd-5b8d-44e3-9591-e9c6d832321b,completed,2023-03-06 20:43:42.066461,,
fe106441-12c8-4097-a9f6-361b5d9d79dc,completed,2023-03-06 20:43:42.066461,,
fe267a99-b193-43ab-acec-dbdffcf7d1b8,completed,2023-03-06 20:43:42.066461,,
fe29acf9-a4ba-4295-8d75-6b41b018d948,completed,2023-03-06 20:43:42.066461,,
fe2d4bb1-2bb5-4e14-af7a-681da41c75a1,completed,2023-03-06 20:43:42.066461,,
fe49880c-a402-43fb-bcdb-b23767c3fa61,completed,2023-03-06 20:43:42.066461,,
fe524758-acd6-4c9a-b31b-9b023dbcffb8,completed,2023-03-06 20:43:42.066461,,
fe5719de-5b57-4deb-8069-43f7535f330a,completed,2023-03-06 20:43:42.066461,,
fe57fbcc-66a1-4f93-a49b-10541ffd97fa,completed,2023-03-06 20:43:42.066461,,
fe580d14-dc40-4fa4-b1f0-1169c33b966f,completed,2023-03-06 20:43:42.066461,,
fe6247d9-800e-4b64-aa8f-1259d53cdff4,completed,2023-03-06 20:43:42.066461,,
fe641c74-16e4-4bf0-a4f6-03c0c296d026,completed,2023-03-06 20:43:42.066461,,
fe78c325-ca97-4be5-99c1-f20e32bffa88,completed,2023-03-06 20:43:42.066461,,
fe893102-daf2-4ce6-aa1d-1237d6078a97,completed,2023-03-06 20:43:42.066461,,
fe95fe71-916c-4eb4-ba16-a13523b2e9a7,completed,2023-03-06 20:43:42.066461,,
fe972d78-96fd-426c-84c7-cb8ab33bf913,completed,2023-03-06 20:43:42.066461,,
fe9ef8b6-188e-4b1b-9c98-1f7ced8fcfb9,completed,2023-03-06 20:43:42.066461,,
fe9fc635-ad62-474d-8b55-c55d7ec50655,completed,2023-03-06 20:43:42.066461,,
fe9ff087-22ec-47e7-a031-d81e4cf9dd18,completed,2023-03-06 20:43:42.066461,,
fea05c5a-6d67-46d1-a71f-416fffa4584d,completed,2023-03-06 20:43:42.066461,,
fea123b3-ddec-4c8d-9edf-6771cc23dd53,completed,2023-03-06 20:43:42.066461,,
fea4a3d9-4770-4dfe-a212-ae52aa418457,completed,2023-03-06 20:43:42.066461,,
fea6b6c1-7bc9-40fb-bb00-00185e3e7755,completed,2023-03-06 20:43:42.066461,,
feb54405-d7d8-46e2-a7fc-341a375f5493,completed,2023-03-06 20:43:42.066461,,
feb6f53a-8e82-446a-af55-1c1701059664,completed,2023-03-06 20:43:42.066461,,
febdf052-1e39-4f7c-9af1-350fc8aaacc1,completed,2023-03-06 20:43:42.066461,,
fec0957f-d298-44d4-b2a6-30ab3cdf616d,completed,2023-03-06 20:43:42.066461,,
fecbaa45-c1e9-4db1-be7b-e030af041365,completed,2023-03-06 20:43:42.066461,,
fecc45ac-ff19-4ad4-b612-b6976f03867f,completed,2023-03-06 20:43:42.066461,,
fed45dc9-f9f6-4742-9bec-871f90aaf1bb,completed,2023-03-06 20:43:42.066461,,
fed6b2ac-d605-422f-8c2c-9a06d62cb8f3,completed,2023-03-06 20:43:42.066461,,
feda84a8-29ff-4986-abc9-f541c4a1caf7,completed,2023-03-06 20:43:42.066461,,
fedce30f-6dd2-476c-9930-dea7128e8d29,completed,2023-03-06 20:43:42.066461,,
fefca4ac-2131-4acb-a75b-41dd2181438f,completed,2023-03-06 20:43:42.066461,,
fefcf7f8-9040-427d-bf00-9d412c5253b1,completed,2023-03-06 20:43:42.066461,,
ff002498-c699-4251-ba35-f0c8f660a59d,completed,2023-03-06 20:43:42.066461,,
ff0772ad-3aba-4f11-9e04-c0ef0b8abfae,completed,2023-03-06 20:43:42.066461,,
ff12dace-deb3-4252-baa8-3b29b52666dc,completed,2023-03-06 20:43:42.066461,,
ff16a6bd-6118-45f1-87f1-7b857d2fb4cb,completed,2023-03-06 20:43:42.066461,,
ff2053ea-2b2c-4341-8c70-19c2456009a4,completed,2023-03-06 20:43:42.066461,,
ff20c5c9-82af-4485-b77b-c9b75549f044,completed,2023-03-06 20:43:42.066461,,
ff2613c2-2af8-46ae-beff-1405481f9a62,completed,2023-03-06 20:43:42.066461,,
ff29d6b2-36a6-499b-9df8-535e63d9d6f9,completed,2023-03-06 20:43:42.066461,,
ff2db233-b3ed-42bd-8040-9b38051a8970,completed,2023-03-06 20:43:42.066461,,
ff31f519-644a-4ef1-9813-8d0fcabb2b2b,completed,2023-03-06 20:43:42.066461,,
ff35211d-c849-43b1-8642-b02ae7650e23,completed,2023-03-06 20:43:42.066461,,
ff438851-9848-4a38-ac06-cf249d23edc5,completed,2023-03-06 20:43:42.066461,,
ff4756d9-1249-487c-be5e-c95ae784e63d,completed,2023-03-06 20:43:42.066461,,
ff50d500-b7b6-4598-9a4c-142028c0999c,completed,2023-03-06 20:43:42.066461,,
ff5a969f-e226-4fdb-bb7c-45d786fbccce,completed,2023-03-06 20:43:42.066461,,
ff5b7bc1-f6f3-43dd-bd64-0912cdd1d3bc,completed,2023-03-06 20:43:42.066461,,
ff64608a-4c70-4707-8c62-a7cd275bc112,completed,2023-03-06 20:43:42.066461,,
ff6db3dd-d23f-4e66-b053-f3564d6e086d,completed,2023-03-06 20:43:42.066461,,
ff7844a8-986c-453f-9991-528834dc021e,completed,2023-03-06 20:43:42.066461,,
ff84441e-ca53-4a7f-9fa6-645f4338db8c,completed,2023-03-06 20:43:42.066461,,
ff85081d-9ebe-4350-bf7a-03fc832526ee,completed,2023-03-06 20:43:42.066461,,
ff862635-fec9-4f90-98b4-d0e6c7d7caa0,completed,2023-03-06 20:43:42.066461,,
ff89ecc5-04b7-4164-bea1-338f83c6c43b,completed,2023-03-06 20:43:42.066461,,
ff8d2948-8c5d-4bbc-b658-e455a3f86f81,completed,2023-03-06 20:43:42.066461,,
ff916604-1988-47f7-8731-e82d2b8b561d,completed,2023-03-06 20:43:42.066461,,
ffa0617a-6dcd-437a-9ae4-571ecaa4f819,completed,2023-03-06 20:43:42.066461,,
ffa79a2b-e1ce-4d9e-b7c9-eb8ac23dcfad,completed,2023-03-06 20:43:42.066461,,
ffaabdc3-f328-4263-b0ad-10d50873bb9e,completed,2023-03-06 20:43:42.066461,,
ffabe4b0-655e-404a-8ce3-dd80cc7da740,completed,2023-03-06 20:43:42.066461,,
ffac3414-9f47-4182-8436-57ce29e93861,completed,2023-03-06 20:43:42.066461,,
ffacf31d-9069-4b31-848e-888074a3f378,completed,2023-03-06 20:43:42.066461,,
ffaf0428-b2b4-4031-98eb-ceceac233f4b,completed,2023-03-06 20:43:42.066461,,
ffb0664d-3b51-4bd0-84b3-f01303e8e392,completed,2023-03-06 20:43:42.066461,,
ffba55d3-1072-493f-9477-5d9b8a90aefa,completed,2023-03-06 20:43:42.066461,,
ffbc621e-ba09-4c13-ae2a-5a5e666d214a,completed,2023-03-06 20:43:42.066461,,
ffbdbbbc-d2f0-4d14-aa86-34b7c98699a9,completed,2023-03-06 20:43:42.066461,,
ffc060c2-60fc-43da-8d76-2a9e716c4292,completed,2023-03-06 20:43:42.066461,,
ffc63074-304d-47c5-be11-24fc5f096769,completed,2023-03-06 20:43:42.066461,,
ffcb2021-ed87-45da-a4ea-925709155447,completed,2023-03-06 20:43:42.066461,,
ffcb65fb-0f5b-4c59-a418-871342906fcc,completed,2023-03-06 20:43:42.066461,,
ffe21e7b-7eaa-4e1f-b54d-0153b8be9b98,completed,2023-03-06 20:43:42.066461,,
fff22cb4-42c8-4b5a-8e57-9e17fd9271b8,completed,2023-03-06 20:43:42.066461,,
fffd2eef-9a6c-46bc-a100-6a647fb9a309,completed,2023-03-06 20:43:42.066461,,
37adcc54-45ec-421b-b506-e51bada9a793,completed,2023-03-06 20:43:42.066461,,
cc2799e0-1a0f-4b7b-86f1-3801b0a343ff,completed,2023-03-06 20:43:42.066461,,
561165a5-5a90-4de3-8bf9-e542a6e0cd4e,completed,2023-03-06 20:43:42.066461,,
5fb5de38-4c19-4c2f-b3ba-775c5809f2b0,failed,2023-03-06 20:43:42.066461,,
784bcb2e-c214-47a8-9a4d-6b99ff69e4e2,completed,2023-03-06 20:43:42.066461,,
7b0a71f5-6425-43df-b4d1-702ae7dcb0e2,completed,2023-03-06 20:43:42.066461,,
95fc2cac-674c-48a4-b484-20ea88fd6f2e,completed,2023-03-06 20:43:42.066461,,
7345f18e-52ca-4317-8819-8b857e6284f0,completed,2023-03-06 20:43:42.066461,,
88a8c653-69f2-46fb-aa51-4776e2726a29,completed,2023-03-06 20:43:42.066461,,
2d7d3bb6-ce32-45ec-bd69-29ae06e55a94,completed,2023-03-06 20:43:42.066461,,
13c641f2-55c7-45e5-81c2-12fe4407291c,completed,2023-03-06 20:43:42.066461,,
59996960-42bd-4ed5-b4f8-ac7491795c9d,completed,2023-03-06 20:43:42.066461,,
d2fc4115-56ae-46fa-a7e7-5678df606816,completed,2023-03-06 20:43:42.066461,,
4d64d3b8-30c2-47f7-9992-4361bc8154e5,completed,2023-03-06 20:43:42.066461,,
57a30dfe-4f91-4c89-b7ed-4ad842becabc,completed,2023-03-06 20:43:42.066461,,
4f1468fa-680e-4261-91df-b5a79aa80732,completed,2023-03-06 20:43:42.066461,,
62a0c0b9-92ed-4c1b-a7ed-c875f7f54455,completed,2023-03-06 20:43:42.066461,,
6969c6f6-675b-45f1-b1c3-c26d380e0eb9,completed,2023-03-06 20:43:42.066461,,
593553fb-5d31-4994-ae18-59535cff5ceb,completed,2023-03-06 20:43:42.066461,,
c2cc079e-a37a-4cdc-890d-44ded41eb53c,completed,2023-03-06 20:43:42.066461,,
7b3a4e68-4583-4bdc-921d-a7359ea570b7,completed,2023-03-06 20:43:42.066461,,
3d18a859-0c56-4111-a657-1b226a845013,completed,2023-03-06 20:43:42.066461,,
2a1cfb74-106e-4563-95fc-58bb1781e0ec,completed,2023-03-06 20:43:42.066461,,
4ccc3269-1cc8-40cc-88c6-caefbc91c46b,completed,2023-03-06 20:43:42.066461,,
1fdd2f1f-e5ed-4fe5-9da5-97f7d7ca2c8a,completed,2023-03-06 20:43:42.066461,,
a76f88fb-7e5a-4c51-a44a-bbfc7fe2c6b5,completed,2023-03-06 20:43:42.066461,,
3a530bc1-694b-4a01-9630-c8e9786d521e,completed,2023-03-06 20:43:42.066461,,
94e3bc39-ef85-43ea-9b11-99249753def8,completed,2023-03-06 20:43:42.066461,,
63a15b12-cd79-4cab-92ca-d032fd0a0fdd,completed,2023-03-06 20:43:42.066461,,
5c6f7224-20e9-4b1b-8065-110efe4c0e3e,completed,2023-03-06 20:43:42.066461,,
8eae09df-cf50-47d6-8585-c9531d59a1d5,completed,2023-03-06 20:43:42.066461,,
df6b8532-cda4-487e-a1c5-349f2c93d81e,completed,2023-03-06 20:43:42.066461,,
727e90b9-5b1f-4612-9963-4de500cbf933,completed,2023-03-06 20:43:42.066461,,
90fffd8d-d07f-4d48-94ff-0c4fbebd258c,completed,2023-03-06 20:43:42.066461,,
c30f3176-73b5-47cc-bd13-9d185a603369,completed,2023-03-06 20:43:42.066461,,
91c74359-2042-48f2-978b-3bdd20178330,completed,2023-03-06 20:43:42.066461,,
7c5a02b4-5465-4b16-afa0-d151c3e65284,completed,2023-03-06 20:43:42.066461,,
ecff860b-565d-401d-8356-9c1e4c02b059,completed,2023-03-06 20:43:42.066461,,
f61aa98e-bc1e-487c-807a-7db2b9d2191c,completed,2023-03-06 20:43:42.066461,,
460d36b9-7d83-4c25-a971-913dd3884724,completed,2023-03-06 20:43:42.066461,,
7f46a056-9b91-45dd-8209-87c30937fc76,completed,2023-03-06 20:43:42.066461,,
f5c16d8c-f4f4-4cce-b78c-7f9060dcd0e0,completed,2023-03-06 20:43:42.066461,,
adf6c86a-2511-4985-99c7-605dfe7f7e19,completed,2023-03-06 20:43:42.066461,,
e0de50cd-90d3-40bc-b065-ae81e7b32f8c,completed,2023-03-06 20:43:42.066461,,
1d51d500-1732-48d6-a879-fa0a07e6aced,completed,2023-03-06 20:43:42.066461,,
9e4bafb6-0a9b-4dd8-8f03-6d68671f4249,completed,2023-03-06 20:43:42.066461,,
dbbb777e-1805-4a4d-8590-139a414c24d5,completed,2023-03-06 20:43:42.066461,,
b50c89d4-a1fc-4ec7-8fa1-b8d6065836b8,completed,2023-03-06 20:43:42.066461,,
c82cd61b-678b-4767-9d11-b1d4827af7ef,completed,2023-03-06 20:43:42.066461,,
d4ae6a09-51bd-4bd5-ad5f-c85c6c7f431d,completed,2023-03-06 20:43:42.066461,,
c0324901-e1c0-46c7-a481-7b42c63101ce,completed,2023-03-06 20:43:42.066461,,
f00e13ce-579c-452e-840c-7bfb9d590e1e,completed,2023-03-06 20:43:42.066461,,
75eb84c9-b060-444b-875b-68eb5b47cf3a,completed,2023-03-06 20:43:42.066461,,
a06e1616-8383-4145-85ea-7a12280eb208,completed,2023-03-06 20:43:42.066461,,
ecb22954-90f6-427b-bcbc-c443fd42be80,completed,2023-03-06 20:43:42.066461,,
c4949473-84f8-4d6e-b35f-e23abd75b49b,completed,2023-03-06 20:43:42.066461,,
5e294333-9491-4158-a9ec-818469e34ae9,completed,2023-03-06 20:43:42.066461,,
492fb988-de22-49e4-a77b-ec4ab9bea856,completed,2023-03-06 20:43:42.066461,,
9cf66b63-7210-452c-b454-7b59fdc4c609,completed,2023-03-06 20:43:42.066461,,
2a5197af-76d0-4df2-ac6a-2761d5003d40,completed,2023-03-06 20:43:42.066461,,
073b9fa2-28e9-4bf2-a7a5-fe69b251feaa,completed,2023-03-06 20:43:42.066461,,
bd237c24-af81-4e2d-8cca-dd4956f6e811,completed,2023-03-06 20:43:42.066461,,
572ccc2f-6069-4cb7-8b64-57a4a3ec3f51,completed,2023-03-06 20:43:42.066461,,
94a4c7d7-561c-4d98-8a5c-938badba1c51,completed,2023-03-06 20:43:42.066461,,
b512929d-ca58-437d-a147-8800102502ce,completed,2023-03-06 20:43:42.066461,,
70c6c1cc-c987-4245-b21c-4b07598cab11,completed,2023-03-06 20:43:42.066461,,
96c679ba-f991-4896-b83d-c28e3b1b1b29,completed,2023-03-06 20:43:42.066461,,
79605826-d7c0-4b28-a65e-8a12cc542678,completed,2023-03-06 20:43:42.066461,,
23af7ce2-fcec-4688-964d-f7735dc1cdeb,completed,2023-03-06 20:43:42.066461,,
49413429-96c4-46d7-9d12-4a8ba1d2c122,completed,2023-03-06 20:43:42.066461,,
9fc1ff89-8b78-4ba9-a484-2b30b302cc9d,completed,2023-03-06 20:43:42.066461,,
8d798d9d-f87f-44f7-9b89-c520ad43a5ba,completed,2023-03-06 20:43:42.066461,,
6e93f317-8b6a-4e9a-8310-96979a8aa85a,completed,2023-03-06 20:43:42.066461,,
9e26aa0f-e075-4126-8e90-379c45d266a6,completed,2023-03-06 20:43:42.066461,,
56c3e0fa-151a-43af-8c7f-71760f92c952,completed,2023-03-06 20:43:42.066461,,
8195eaa6-37bd-4472-acdc-101bf4d45c16,completed,2023-03-06 20:43:42.066461,,
4ee90a71-b175-4367-b8be-6aa86751cd17,completed,2023-03-06 20:43:42.066461,,
2c8fa2c8-d748-404d-95ff-2ed8fde8d68a,completed,2023-03-06 20:43:42.066461,,
9312394c-c2e2-44b8-ae89-7eb579bcd357,completed,2023-03-06 20:43:42.066461,,
66c88000-11ed-4884-8062-14bf1530aeb2,completed,2023-03-06 20:43:42.066461,,
18ede022-ed08-40f6-82ce-7cff238f9b31,completed,2023-03-06 20:43:42.066461,,
bbbd2f78-4ace-4b61-80fb-f93abbf6314a,completed,2023-03-06 20:43:42.066461,,
9464b812-9a73-4ade-beb7-cee76c8101ff,completed,2023-03-06 20:43:42.066461,,
7d58594b-e387-4468-8818-ef653aed91e9,completed,2023-03-06 20:43:42.066461,,
9cb53eff-2335-4e9c-99df-2ffc5051dc3d,completed,2023-03-06 20:43:42.066461,,
43f1b5ae-4cf3-4210-8ff3-5224682aea83,completed,2023-03-06 20:43:42.066461,,
f6f4b7ae-1fde-4bd1-84d0-0ba56892cdfd,completed,2023-03-06 20:43:42.066461,,
c99d5231-9bf1-4059-bb9d-f3b9a7b1e5cc,completed,2023-03-06 20:43:42.066461,,
b67982d9-93fd-48e1-b0f3-0cc41759233f,completed,2023-03-06 20:43:42.066461,,
55bc0b54-07c5-434b-9e1f-c72cff9f8809,completed,2023-03-06 20:43:42.066461,,
740abd91-4eba-4b82-9166-ef2537aadc03,completed,2023-03-06 20:43:42.066461,,
a34f7643-a3dc-4882-a3e6-0765d22c65b8,completed,2023-03-06 20:43:42.066461,,
30514527-356e-40a2-9c3c-74e10200d2ed,completed,2023-03-06 20:43:42.066461,,
8c0ca2c1-4d6a-43a1-b515-48896399cf2c,completed,2023-03-06 20:43:42.066461,,
2da8011a-3661-47e6-b993-e2c70a1a840d,completed,2023-03-06 20:43:42.066461,,
76ef3dbc-ca3d-4a2e-90a8-1369a4de93b6,completed,2023-03-06 20:43:42.066461,,
69cb4fcb-44f8-42af-b6b9-16e109ff5901,completed,2023-03-06 20:43:42.066461,,
a2bfbb81-630d-4d67-bf27-7514b9dc5d47,completed,2023-03-06 20:43:42.066461,,
8d164cd5-21a0-4f35-918a-efeb5558298b,completed,2023-03-06 20:43:42.066461,,
03bf817c-5ac3-4b8a-85a0-a2ad824b3085,completed,2023-03-06 20:43:42.066461,,
3b28a5d2-4cc7-4574-9c5d-2b8179d633e6,completed,2023-03-06 20:43:42.066461,,
66956b5e-2377-42fc-b262-b04e2178cdcc,completed,2023-03-06 20:43:42.066461,,
52594430-3764-47c6-801a-d59ea3eecdf6,completed,2023-03-06 20:43:42.066461,,
2ad3486a-9031-4f07-861f-a5625ce0259b,completed,2023-03-06 20:43:42.066461,,
c132aba6-7314-4aab-8104-56bfa44775d4,completed,2023-03-06 20:43:42.066461,,
24c64986-0f43-44eb-a50e-0f398aca88bf,completed,2023-03-06 20:43:42.066461,,
be1e3ac1-b72b-4a11-8284-c54d2168f7cd,completed,2023-03-06 20:43:42.066461,,
17f72274-9589-43aa-9631-b7d35198e60d,completed,2023-03-06 20:43:42.066461,,
9cb79d74-286f-4e2d-95f0-d8e0d7a1e730,completed,2023-03-06 20:43:42.066461,,
6479dabd-2176-4c1e-9336-98f61164bd9b,completed,2023-03-06 20:43:42.066461,,
2ec5de3f-d676-4ceb-82f7-923a4a19b2f0,completed,2023-03-06 20:43:42.066461,,
6d21ea4c-8ef3-4136-8a71-066e154219b1,completed,2023-03-06 20:43:42.066461,,
e41f4e06-a3d4-4041-9c0b-b8dd2d9ab252,completed,2023-03-06 20:43:42.066461,,
da4f9ced-374f-48c5-b49a-5b6517667696,completed,2023-03-06 20:43:42.066461,,
5e721bb3-5e11-47c3-9eab-a6265d54cac0,completed,2023-03-06 20:43:42.066461,,
cac72ae8-2f77-4a74-a066-706b6d585c1a,completed,2023-03-06 20:43:42.066461,,
0b60f236-41f8-490d-9f9e-28df613d9322,completed,2023-03-06 20:43:42.066461,,
a4f883c1-cbcd-4e86-8c8e-e5f5ce4b2fef,completed,2023-03-06 20:43:42.066461,,
a4f8bca2-b464-4682-a857-47bdb7332ef4,completed,2023-03-06 20:43:42.066461,,
4de81236-e481-4a1b-a0eb-93bbae535e04,completed,2023-03-06 20:43:42.066461,,
8c44fcf6-b9fb-4939-8a51-a9026db64a8d,completed,2023-03-06 20:43:42.066461,,
01487673-a038-4bbb-acba-37c2f4bceefb,completed,2023-03-06 20:43:42.066461,,
e47877a1-43d2-459b-8651-9696f29de817,completed,2023-03-06 20:43:42.066461,,
0411f8ee-fe14-421f-be56-fbb54555e608,completed,2023-03-06 20:43:42.066461,,
88aa979d-8ecf-42dc-9ada-cfc825c85713,completed,2023-03-06 20:43:42.066461,,
02af3421-bcce-47cf-933f-674aa941e652,completed,2023-03-06 20:43:42.066461,,
e403ba30-5820-43e4-b90c-cfc4f8939ffc,completed,2023-03-06 20:43:42.066461,,
02bc2f9b-bd10-4c84-82ac-80e4ae9629a3,completed,2023-03-06 20:43:42.066461,,
d1e3fe28-bfd0-4672-911b-9b3ca149bec9,completed,2023-03-06 20:43:42.066461,,
d77ec7a6-67ff-4ff4-875c-3e3a7738c1a9,completed,2023-03-06 20:43:42.066461,,
4d1e0382-d5ff-412c-90be-6210039a2d9c,completed,2023-03-06 20:43:42.066461,,
0d60f3d7-2957-486c-bef4-1b8d6312137f,completed,2023-03-06 20:43:42.066461,,
23954ce1-fb19-42cc-a289-44df20264b5d,completed,2023-03-06 20:43:42.066461,,
484fd97c-dc0f-43c7-a906-c19fa3260811,completed,2023-03-06 20:43:42.066461,,
de788ed0-7bcf-4e83-b7e3-9e667490ac1e,completed,2023-03-06 20:43:42.066461,,
8d0cc15f-973d-4cb8-b304-59f9756efb6d,completed,2023-03-06 20:43:42.066461,,
75e79e46-96a8-4455-8768-1957da72a3d4,completed,2023-03-06 20:43:42.066461,,
3e0e24cd-c5fa-4315-a6cb-2f49d8bd7301,completed,2023-03-06 20:43:42.066461,,
c51bebc4-9631-4550-8745-8041f125b27a,completed,2023-03-06 20:43:42.066461,,
e3e464ed-481d-4793-b3fb-185a4c35e53b,completed,2023-03-06 20:43:42.066461,,
8eb4df2a-a0e6-4d67-84aa-276e3e03fa08,completed,2023-03-06 20:43:42.066461,,
ebb8f080-d45b-4c70-97f8-a3ba4c37c47a,completed,2023-03-06 20:43:42.066461,,
748849db-1c67-4b55-84a0-872dda8f7ea3,completed,2023-03-06 20:43:42.066461,,
20eba24b-8d37-4a62-9be0-13876baba685,completed,2023-03-06 20:43:42.066461,,
069baa05-5f60-4fde-acb8-186eb2978f26,completed,2023-03-06 20:43:42.066461,,
b42487d3-fdac-4d91-95ef-ed87f17e8933,completed,2023-03-06 20:43:42.066461,,
0836c998-a86f-4b7f-a5b7-047c34a3e935,completed,2023-03-06 20:43:42.066461,,
46dbcceb-69bd-4676-8ebb-b325de17e472,completed,2023-03-06 20:43:42.066461,,
8b064084-4ab0-456a-bdc9-f0a8582bc397,completed,2023-03-06 20:43:42.066461,,
5675ef18-d39b-4a97-ae08-9d13cbea658e,completed,2023-03-06 20:43:42.066461,,
7e4abc82-e60b-4520-8cc1-739c4b0c2839,completed,2023-03-06 20:43:42.066461,,
c0ff3d30-fd72-4cb7-b7c1-ef3f050aa78e,completed,2023-03-06 20:43:42.066461,,
e2e91499-0a00-4205-8b40-894e3b264e1c,completed,2023-03-06 20:43:42.066461,,
7b57ae49-b4db-474c-8bd5-cfa5f37ac97b,completed,2023-03-06 20:43:42.066461,,
4132d316-2bb6-4c99-9bfb-52b0bed07b5d,completed,2023-03-06 20:43:42.066461,,
4103ee0c-7d13-4ef3-b32a-771329d1a399,completed,2023-03-06 20:43:42.066461,,
0f36be09-72a6-49de-ade1-112be35eeb20,completed,2023-03-06 20:43:42.066461,,
eb44fd2d-9d34-4c25-9842-b73253e7d458,completed,2023-03-06 20:43:42.066461,,
47b697cf-9aad-487f-9f2c-0d5414a1a0c7,completed,2023-03-06 20:43:42.066461,,
88dba8cd-6b9c-4c46-9f06-a07966775334,completed,2023-03-06 20:43:42.066461,,
59a294f9-53b4-410c-ac63-ec0f3faa39eb,failed,2023-03-06 20:43:42.066461,,
8e825dc0-5fe6-4421-a755-7353f87629c5,completed,2023-03-06 20:43:42.066461,,
3fd92d05-0a85-41d1-9400-243f84e60f1f,completed,2023-03-06 20:43:42.066461,,
c596d763-79bf-4c6c-b13f-3f8887d919ff,completed,2023-03-06 20:43:42.066461,,
7aa94c16-6efd-4081-a1d8-c5de5cacb972,completed,2023-03-06 20:43:42.066461,,
e0001984-1812-4352-b8a4-21d16c2ada33,completed,2023-03-06 20:43:42.066461,,
7b3df5b9-c275-4e21-ab39-80be0c0ea4e2,completed,2023-03-06 20:43:42.066461,,
5e063428-fa79-4d9c-b2cc-50bd0faaa093,completed,2023-03-06 20:43:42.066461,,
5073296e-11c7-4783-a72b-678b2c5c98bc,completed,2023-03-06 20:43:42.066461,,
38307642-0134-488e-8317-bd9cb1891c08,completed,2023-03-06 20:43:42.066461,,
13d7dfd6-2658-491c-915b-3c6ece6359c8,completed,2023-03-06 20:43:42.066461,,
c1af8f8d-a8a2-4ecd-a34b-e5fd03ce30cc,completed,2023-03-06 20:43:42.066461,,
36e56a0d-3df2-4280-a585-914775fb55e3,completed,2023-03-06 20:43:42.066461,,
39a21b3a-6d5d-4a9f-9405-f5d278f1ae10,completed,2023-03-06 20:43:42.066461,,
7b9383fe-3c6c-4158-a855-266dd2fafc6f,completed,2023-03-06 20:43:42.066461,,
96388c36-a171-4d93-9bc5-8453e29a5dfc,completed,2023-03-06 20:43:42.066461,,
cc7c9923-c0ae-4d3c-b28c-239dca9430e4,completed,2023-03-06 20:43:42.066461,,
193a1deb-a4f3-4b08-863b-013007075b57,completed,2023-03-06 20:43:42.066461,,
41cf7fb7-844e-4516-b8e0-c71a6210c2b9,completed,2023-03-06 20:43:42.066461,,
399dddbc-47da-4a11-86a3-4c017df869ff,completed,2023-03-06 20:43:42.066461,,
d2bd8f7a-a845-4cb4-bd99-3d4e575c12ae,completed,2023-03-06 20:43:42.066461,,
724f7334-a4c0-4f09-88de-e049799d4b9b,completed,2023-03-06 20:43:42.066461,,
21e2e71a-fa6e-4b29-aaba-f62f782acdcb,completed,2023-03-06 20:43:42.066461,,
61ee7f6d-7fed-4bfd-bd36-fef77128ad34,completed,2023-03-06 20:43:42.066461,,
757506b5-b614-4574-a83d-1639636f8ba0,completed,2023-03-06 20:43:42.066461,,
68bcc039-44ad-4555-b642-8fe41a2dbddb,completed,2023-03-06 20:43:42.066461,,
71c7e938-a77d-402d-ad66-db8de30608c4,completed,2023-03-06 20:43:42.066461,,
0929559c-e266-45ad-9607-0ca58c84b054,completed,2023-03-06 20:43:42.066461,,
dcc0dc75-a373-4637-81a7-a3fcbfe0c3b7,completed,2023-03-06 20:43:42.066461,,
38d64a29-b324-46f5-990d-11905e25f715,completed,2023-03-06 20:43:42.066461,,
800e6138-b997-4f80-8d36-075c8b271708,completed,2023-03-06 20:43:42.066461,,
ba5a3777-f650-436a-8bed-26046f4ef358,completed,2023-03-06 20:43:42.066461,,
97cf37f2-d972-43f3-a8f0-41bcf4e3c2a2,completed,2023-03-06 20:43:42.066461,,
de309992-e39a-4132-bc5d-ae476ba61e7f,completed,2023-03-06 20:43:42.066461,,
0d817de3-4815-4361-9084-2a68fb59d66c,completed,2023-03-06 20:43:42.066461,,
74a6abd7-c613-40f4-a657-4022c6e6aca2,completed,2023-03-06 20:43:42.066461,,
84370e3e-1a4f-4230-b5b1-513b437db7c4,completed,2023-03-06 20:43:42.066461,,
4f0ba8c7-128f-4b56-9afd-1f0733d811e7,completed,2023-03-06 20:43:42.066461,,
04efc337-e67a-4b7a-a18a-fada1fb4d964,completed,2023-03-06 20:43:42.066461,,
dc0ef5f9-60a9-47f3-9506-304b1f54e3c8,completed,2023-03-06 20:43:42.066461,,
c94a4015-bcb3-4b58-8c0a-0483bd6fd1f6,completed,2023-03-06 20:43:42.066461,,
8a7e0446-120d-488a-a0dd-b2e7b122db9c,completed,2023-03-06 20:43:42.066461,,
de84d438-2f2f-4750-9fe2-24da14b9d36c,completed,2023-03-06 20:43:42.066461,,
f87cd348-73d0-4eb8-9b47-6fc1016caa4c,completed,2023-03-06 20:43:42.066461,,
222be6ec-004a-4722-83d2-69f6ace10069,completed,2023-03-06 20:43:42.066461,,
9c3d77fb-03e9-432d-aa3f-346286657b3f,completed,2023-03-06 20:43:42.066461,,
c2d352b4-492f-4fa1-ae40-8d3c70269cfc,completed,2023-03-06 20:43:42.066461,,
47ef6432-949b-4c31-a13e-cb2a3b6e32b2,completed,2023-03-06 20:43:42.066461,,
8494544a-5a33-4835-a4d0-fab65c96e0c5,completed,2023-03-06 20:43:42.066461,,
0b66be09-52c8-4933-9cfd-6ab5a30160d4,completed,2023-03-06 20:43:42.066461,,
4f3892aa-f047-443e-80d9-2b21b03291d7,completed,2023-03-06 20:43:42.066461,,
04097198-e494-4827-8e87-0dc3ba72017d,completed,2023-03-06 20:43:42.066461,,
f77f1d39-8d8f-4d79-934e-6aef11d6e92e,completed,2023-03-06 20:43:42.066461,,
d4e7c6d2-2cf2-4f1b-953f-7c5203247b0b,completed,2023-03-06 20:43:42.066461,,
34d505f9-5140-423f-a1e1-b3b3da7b1da1,completed,2023-03-06 20:43:42.066461,,
2af0e4b7-c457-4140-bfc6-1a639c429480,completed,2023-03-06 20:43:42.066461,,
c5b408fb-1a0b-48d8-89d3-53dc728db7da,completed,2023-03-06 20:43:42.066461,,
f48e488b-e33c-4e37-8b90-d5671b5706e3,completed,2023-03-06 20:43:42.066461,,
d27ce8da-8705-4551-b811-2be0fef26509,completed,2023-03-06 20:43:42.066461,,
db74d4e5-bb53-4b9f-996e-44fe8c80cca0,completed,2023-03-06 20:43:42.066461,,
5e1a996d-2b19-4001-a195-abc1ca7914d6,completed,2023-03-06 20:43:42.066461,,
9f83ba1c-629e-48eb-9844-225cdd860163,completed,2023-03-06 20:43:42.066461,,
71d47a98-1993-4f43-bf81-77db15fe8efc,failed,2023-03-06 20:43:42.066461,,
baa8a3e9-77a4-47e1-840f-4b0257f73e14,completed,2023-03-06 20:43:42.066461,,
8dac2aed-fe5c-4c92-bbb1-0834c6731e4f,completed,2023-03-06 20:43:42.066461,,
8e8f1950-b11b-484c-9f0e-143acf02572b,completed,2023-03-06 20:43:42.066461,,
98f942ec-41ab-45c9-b177-28af56b86260,completed,2023-03-06 20:43:42.066461,,
90b46710-e388-441c-b6d1-84b37259a0bb,completed,2023-03-06 20:43:42.066461,,
7db3a5a2-4e17-4ae2-a16f-548a67c5fdf1,completed,2023-03-06 20:43:42.066461,,
143ba6f8-6155-4847-8b57-c93a0a590c76,completed,2023-03-06 20:43:42.066461,,
c3789caf-f7fb-4766-97b7-b2119aa5e218,completed,2023-03-06 20:43:42.066461,,
cc439144-8552-406e-bf58-5154eb49cd5c,completed,2023-03-06 20:43:42.066461,,
645ae431-2f67-4d77-8526-9efab9bddf62,completed,2023-03-06 20:43:42.066461,,
2799dc06-a427-4a3b-8592-5a73cc1b1ffe,completed,2023-03-06 20:43:42.066461,,
521b4f81-803d-464a-8bde-be10360a5e41,completed,2023-03-06 20:43:42.066461,,
77b8c94f-616e-4be0-99f5-da696fdb0f7b,completed,2023-03-06 20:43:42.066461,,
508f38d0-2ea5-4ad6-9745-b608840bbeeb,completed,2023-03-06 20:43:42.066461,,
e5dbcc81-dd02-4125-97a4-b3236f8e5571,completed,2023-03-06 20:43:42.066461,,
554e268c-1e05-4308-83a4-7584ece8c24c,completed,2023-03-06 20:43:42.066461,,
bdfc5bc5-fe6d-444a-94bb-80c932c5e236,completed,2023-03-06 20:43:42.066461,,
b8e999a1-17d1-4c77-a4e3-897cebd105fe,completed,2023-03-06 20:43:42.066461,,
b3f7f8e0-e22c-4594-98e8-c710f00f4929,completed,2023-03-06 20:43:42.066461,,
76d67a54-4d47-4804-80ff-8c15b9f4cb6c,completed,2023-03-06 20:43:42.066461,,
bce6f915-0700-4d8a-86fc-8f7ae37dddd5,completed,2023-03-06 20:43:42.066461,,
bbf94206-c9c0-4c14-a13a-fe59d14cda65,completed,2023-03-06 20:43:42.066461,,
7eab2bd1-9ccb-4e11-a24d-4cf892e68045,completed,2023-03-06 20:43:42.066461,,
2106e60e-63fa-47ea-93c5-dbb228382ced,completed,2023-03-06 20:43:42.066461,,
1cd93228-f192-4c12-ad8d-e87ee4750c05,completed,2023-03-06 20:43:42.066461,,
e5390aca-6c6b-4404-86b8-72149246b1f8,completed,2023-03-06 20:43:42.066461,,
14ba30bb-67e5-41d9-9e16-000a79dd1eb3,completed,2023-03-06 20:43:42.066461,,
2d2f84f2-a4a3-478f-8ad8-de9b37a423ad,completed,2023-03-06 20:43:42.066461,,
c04d5b2c-41b3-454a-b55d-492f25da5de3,completed,2023-03-06 20:43:42.066461,,
13451b40-f39c-48aa-980b-9776f7b32784,completed,2023-03-06 20:43:42.066461,,
18d08658-2c59-4932-b9c2-9f65bdcc960d,completed,2023-03-06 20:43:42.066461,,
f6606306-e874-4e96-a4ed-7e9fa859452e,completed,2023-03-06 20:43:42.066461,,
1f8a5f34-ab5a-46b4-84a4-efde273c3e2f,completed,2023-03-06 20:43:42.066461,,
d58efad0-f732-4094-8a8d-f206e2f5ca8b,completed,2023-03-06 20:43:42.066461,,
de2e23bb-fcac-4c62-a489-4144a7c8582c,completed,2023-03-06 20:43:42.066461,,
08f74c52-a8ab-4ac3-9cbb-298973379fa2,completed,2023-03-06 20:43:42.066461,,
7970021e-6ee1-4e66-aa24-bc06f876a902,completed,2023-03-06 20:43:42.066461,,
7689e987-3f0f-40df-9679-1a6675fc02d0,completed,2023-03-06 20:43:42.066461,,
b4d5feef-c003-468b-aa4e-f00eeccb47ab,completed,2023-03-06 20:43:42.066461,,
45aed245-d9b1-4c35-a53f-1a9ecb33a29d,completed,2023-03-06 20:43:42.066461,,
627ae92e-7843-4cb6-b0dc-dcc58e5342c6,completed,2023-03-06 20:43:42.066461,,
e55dec22-3c89-4c62-b24a-8b39de141e4c,completed,2023-03-06 20:43:42.066461,,
06fe8ea3-3160-46dc-8c38-b45eaea7a3eb,completed,2023-03-06 20:43:42.066461,,
f7cfd057-1470-4f9c-a839-0f854ff87b12,completed,2023-03-06 20:43:42.066461,,
5b2e9f4c-71b0-4b1b-84d5-12214882dd91,completed,2023-03-06 20:43:42.066461,,
312a49ad-0e88-4b25-9418-2ce001be22f4,completed,2023-03-06 20:43:42.066461,,
1e3780f0-b37e-4fd6-8443-c55fbdf1b5d0,completed,2023-03-06 20:43:42.066461,,
758d5be6-ee21-4f1e-acd7-48d1d72288f7,completed,2023-03-06 20:43:42.066461,,
4a4a32de-691a-42cc-b5b7-f0e5793b1173,completed,2023-03-06 20:43:42.066461,,
b7cb8753-7fbd-4511-89ed-ce1dadf8b683,completed,2023-03-06 20:43:42.066461,,
85fe629c-a219-4d51-8cf8-7a09ba5bf773,completed,2023-03-06 20:43:42.066461,,
aff08153-34af-44a5-ab01-77ffcc4788d2,completed,2023-03-06 20:43:42.066461,,
04d04801-3003-4e7a-b676-eda98d396882,completed,2023-03-06 20:43:42.066461,,
5300755c-b334-40f5-b9b3-38eb4a05e661,completed,2023-03-06 20:43:42.066461,,
e475c771-cb04-4be0-ae4b-a9a4ff4f6cfe,completed,2023-03-06 20:43:42.066461,,
76146d1e-4857-4b6c-8231-6fae7e4b4d92,completed,2023-03-06 20:43:42.066461,,
d982473c-380a-4319-9328-fa94c7ab5b75,completed,2023-03-06 20:43:42.066461,,
5d3d3a4c-b06c-41bd-814a-38e9c674f67e,completed,2023-03-06 20:43:42.066461,,
b59804b8-f625-4b4c-9f2e-4908eb43e8c2,completed,2023-03-06 20:43:42.066461,,
95f7fdcb-7981-4135-9b38-d1dfc91edd19,completed,2023-03-06 20:43:42.066461,,
bc216982-4ce7-4f4b-9b82-65d0d3ab4003,completed,2023-03-06 20:43:42.066461,,
610dc4a0-34fa-43c4-b3a5-cfc6d283d4d3,completed,2023-03-06 20:43:42.066461,,
bcf550ca-c88e-48e8-b583-06fc8d1ed636,completed,2023-03-06 20:43:42.066461,,
b20a231e-11bd-4ed2-a432-ef4acc9217ef,completed,2023-03-06 20:43:42.066461,,
e66caa66-0513-415a-b69c-7dea6270954f,completed,2023-03-06 20:43:42.066461,,
0fa54322-a0dc-434b-9b45-d661ec1deebe,completed,2023-03-06 20:43:42.066461,,
a70b7c73-a6f8-4e5a-8aea-bbf74b40f97e,completed,2023-03-06 20:43:42.066461,,
10ba09d5-2a64-47e2-a4ce-f5fb1c08e468,completed,2023-03-06 20:43:42.066461,,
bed99e73-82ed-4c21-8b03-45a566dc3c0e,completed,2023-03-06 20:43:42.066461,,
1aeb9f29-2da8-46b7-a322-1d9d7c7784e9,completed,2023-03-06 20:43:42.066461,,
08f24b29-e6c4-4517-a3e5-63470863f568,completed,2023-03-06 20:43:42.066461,,
a699be4d-a130-4a62-a7da-27f454ea2e85,completed,2023-03-06 20:43:42.066461,,
2c1aa913-abd3-4cf9-99ee-15066188249e,completed,2023-03-06 20:43:42.066461,,
05e2134c-24b7-43ec-a8d4-6650fa3fdd8e,completed,2023-03-06 20:43:42.066461,,
3690e7c4-9561-42e1-a4f1-d710e6df9409,completed,2023-03-06 20:43:42.066461,,
6d7af21d-5e5a-49be-9531-71ce3b795ba5,completed,2023-03-06 20:43:42.066461,,
67c91a61-8f89-446c-b103-8dbd0d078e3f,completed,2023-03-06 20:43:42.066461,,
6721bcd6-e359-47db-9297-05cb9eea12f1,completed,2023-03-06 20:43:42.066461,,
1cb010ae-ee17-416e-b7a3-b022b8990c10,completed,2023-03-06 20:43:42.066461,,
8324b32f-ce5e-4224-ae28-08c15b41eaa1,completed,2023-03-06 20:43:42.066461,,
6ecc1687-114b-4d3c-a52f-b05b9da65099,completed,2023-03-06 20:43:42.066461,,
c8eb112f-75cd-463a-9e38-82ddbae0c5a8,completed,2023-03-06 20:43:42.066461,,
6238d34f-37cc-43a5-92a2-dc52bd99d7f1,completed,2023-03-06 20:43:42.066461,,
a34ee64e-fd93-4b11-a12c-ba5498ef05a9,completed,2023-03-06 20:43:42.066461,,
31db844c-d9da-46ac-8283-2fa68856b099,completed,2023-03-06 20:43:42.066461,,
c5efaebe-b068-4d90-b6ac-932b88989259,completed,2023-03-06 20:43:42.066461,,
ffe401a1-d50d-4e3b-8062-e300573cb1ac,completed,2023-03-06 20:43:42.066461,,
495c3cfd-4411-4a5c-bf96-95cf3b9a7243,completed,2023-03-06 20:43:42.066461,,
1bb5ab76-00ef-4fa9-90b6-1fc12afc6310,completed,2023-03-06 20:43:42.066461,,
f4f08181-120b-4ba3-b77c-ad3a22d5a66b,completed,2023-03-06 20:43:42.066461,,
a746401a-4b6c-402c-a4aa-6f2c080f6606,completed,2023-03-06 20:43:42.066461,,
8a98ccee-c57f-4b44-8659-80acc04f7155,completed,2023-03-06 20:43:42.066461,,
a7b1c27d-8867-46f0-a6d6-c644ab7a3980,completed,2023-03-06 20:43:42.066461,,
c2db3b3b-4768-47de-9f49-a6360cf1ced9,completed,2023-03-06 20:43:42.066461,,
2578f1d7-fb86-4740-84c1-5c453cc01522,completed,2023-03-06 20:43:42.066461,,
b3406870-00a0-4b83-9cae-c4c52b668f49,completed,2023-03-06 20:43:42.066461,,
7cf4c84a-cd92-4c88-bf2b-724c7115a8d5,completed,2023-03-06 20:43:42.066461,,
83a38b00-1efe-46ec-b833-c12e60fd4374,completed,2023-03-06 20:43:42.066461,,
2db1339a-240b-4c8c-82e7-769a8759f679,failed,2023-03-06 20:43:42.066461,,
d6f21641-4d20-43d7-b6e6-91b96b2392f5,completed,2023-03-06 20:43:42.066461,,
419b86bd-86db-4c8e-8f4f-28bf06e7fb1f,completed,2023-03-06 20:43:42.066461,,
b5e8a0b0-b932-40e7-a099-41c72d9cd45c,completed,2023-03-06 20:43:42.066461,,
0cdccee1-d62d-46b6-b152-961c06186943,failed,2023-03-06 20:43:42.066461,,
e24fd470-9cab-4e6a-8a6b-44c9f049f16f,completed,2023-03-06 20:43:42.066461,,
7e38fff2-14d7-4624-b8e5-34794cfde8cd,completed,2023-03-06 20:43:42.066461,,
6f85cd1a-0110-4119-a28b-65713eaf827e,completed,2023-03-06 20:43:42.066461,,
0c3272b8-7402-4a06-912e-efc2c14f2cce,completed,2023-03-06 20:43:42.066461,,
285965a0-073b-4fb8-ac81-d2e19c9c56b7,completed,2023-03-06 20:43:42.066461,,
3bd6b246-ef74-4d6d-9f46-5a2c4298cb4f,completed,2023-03-06 20:43:42.066461,,
f401068a-cb65-4ee4-a467-113fe00568fe,completed,2023-03-06 20:43:42.066461,,
3b7c2ee5-ecf4-4d94-9895-19cdeff2b811,completed,2023-03-06 20:43:42.066461,,
cd997b9c-b377-45ff-8794-008b78587b0b,completed,2023-03-06 20:43:42.066461,,
b8433f04-271e-466f-b712-c60c530031c3,completed,2023-03-06 20:43:42.066461,,
a3969fc4-c408-46c9-894d-689c45c512ab,completed,2023-03-06 20:43:42.066461,,
89ebcb94-cbb5-4ac0-978c-a67de9227b2f,completed,2023-03-06 20:43:42.066461,,
b07a3e6b-0769-44dc-8c73-3199896323f0,completed,2023-03-06 20:43:42.066461,,
66b57e24-1424-4f9c-a72a-fbb4d600b560,completed,2023-03-06 20:43:42.066461,,
1097a339-1a4e-4f22-abe2-d3e1d768e69a,completed,2023-03-06 20:43:42.066461,,
f32df4e0-e7be-4e6e-971a-61129301ad4c,completed,2023-03-06 20:43:42.066461,,
9efd1eb1-86d5-4d9c-a645-68e13b8af45f,completed,2023-03-06 20:43:42.066461,,
780f056c-2f16-4d03-92ca-1f229d468ad8,completed,2023-03-06 20:43:42.066461,,
1d402a28-eae8-4627-9ab6-3697cba3fa1e,completed,2023-03-06 20:43:42.066461,,
67e1321b-d680-48f3-ac8d-99c33f3d2eb1,completed,2023-03-06 20:43:42.066461,,
6f958b1a-e046-43b7-8105-0783baa80ab3,completed,2023-03-06 20:43:42.066461,,
9e102db3-caa9-45f4-81d1-b494393e4e6a,completed,2023-03-06 20:43:42.066461,,
8b6f870d-659e-4a75-9d9b-dec4e3dc716b,completed,2023-03-06 20:43:42.066461,,
709e5ed2-164a-4f8a-8748-4d4db2d48246,completed,2023-03-06 20:43:42.066461,,
14c204bc-6118-4b56-908b-3a706226ce53,completed,2023-03-06 20:43:42.066461,,
7e3946d4-6773-4dd3-ae69-581ab22c2cfd,completed,2023-03-06 20:43:42.066461,,
665c7fb7-1ff9-42b5-bfcc-fdaebd9190ba,completed,2023-03-06 20:43:42.066461,,
db199ff6-02fc-4c83-974c-f6f2c38b81b4,completed,2023-03-06 20:43:42.066461,,
c38aa8ea-9576-47e4-a2d3-8a285e9900ca,completed,2023-03-06 20:43:42.066461,,
9bcef866-817e-4054-898d-eef87fd552d0,completed,2023-03-06 20:43:42.066461,,
ce1615e6-14f9-4caa-abdc-d04445079055,completed,2023-03-06 20:43:42.066461,,
8d6c3b32-72fb-4dd2-9c22-bfbbf1025767,completed,2023-03-06 20:43:42.066461,,
28c1acb8-37ef-49a5-8a81-5f2e7b43bbf8,completed,2023-03-06 20:43:42.066461,,
c9bb76af-2966-4dfa-ad76-f951d27e5105,completed,2023-03-06 20:43:42.066461,,
06e0076b-6a13-4586-b07f-dc0efb20652e,completed,2023-03-06 20:43:42.066461,,
d00c44dc-2bdb-4a37-949b-1cf777472f93,completed,2023-03-06 20:43:42.066461,,
64d6eaf6-1540-4349-9a21-23ba30a3bcbf,completed,2023-03-06 20:43:42.066461,,
9a80e9c4-40ad-4537-bb1b-282b1cf2af24,completed,2023-03-06 20:43:42.066461,,
92dbc261-ae30-494b-9471-aacf2c4ba4fc,completed,2023-03-06 20:43:42.066461,,
049f2079-79e3-41a6-85e7-116ed1f9c30c,completed,2023-03-06 20:43:42.066461,,
fc9b570e-81f7-4312-86e2-762e314170bb,completed,2023-03-06 20:43:42.066461,,
17ad9837-a308-45c7-9f75-98c57a279fd6,completed,2023-03-06 20:43:42.066461,,
a03d9480-c7b5-49d1-83d1-18569889c6f3,completed,2023-03-06 20:43:42.066461,,
e2a1d4d2-b546-4599-8ebc-9a8d280a8bbb,completed,2023-03-06 20:43:42.066461,,
ab35bb2f-e104-430f-a452-f2320ac5167f,completed,2023-03-06 20:43:42.066461,,
b8f531b4-1041-4dd0-9033-c6756e491677,completed,2023-03-06 20:43:42.066461,,
77f553d6-416c-4530-b325-b87c357a0fe6,completed,2023-03-06 20:43:42.066461,,
a1971627-09f4-4540-8a7c-156c63b14657,completed,2023-03-06 20:43:42.066461,,
a0a5d48b-279b-453c-a15f-009305fb9fa3,completed,2023-03-06 20:43:42.066461,,
1142bbf9-0d41-4241-a868-968d9665c76b,completed,2023-03-06 20:43:42.066461,,
8d6d4d9b-9f19-420c-bad7-b0de3a424cf0,completed,2023-03-06 20:43:42.066461,,
80d031cb-f97f-4d19-930a-1218e1fe0baa,completed,2023-03-06 20:43:42.066461,,
df19d472-7f51-42d7-adb7-d229e605b7d4,completed,2023-03-06 20:43:42.066461,,
36d234db-45d1-405b-bcf3-ec2a2054cf5d,completed,2023-03-06 20:43:42.066461,,
b65a0a2c-1999-4b67-846e-1e23a952a04c,completed,2023-03-06 20:43:42.066461,,
98536b22-db6e-4b3f-bed6-ec423643e3cd,completed,2023-03-06 20:43:42.066461,,
583848cf-940b-401e-823e-12b89ae8ba37,completed,2023-03-06 20:43:42.066461,,
240ea677-f01f-42a9-975c-efc0cbfb2de4,completed,2023-03-06 20:43:42.066461,,
d700de58-9539-47ce-9308-7adbb2fcfb60,completed,2023-03-06 20:43:42.066461,,
754a33da-4969-4d0e-ae8d-20e3fdc334a6,completed,2023-03-06 20:43:42.066461,,
f9afbc60-fb52-4637-96bf-8bd1203106c1,completed,2023-03-06 20:43:42.066461,,
67ef2b79-0178-449f-ba8e-c5b273b5e40b,completed,2023-03-06 20:43:42.066461,,
1577827f-4fa0-439f-85ae-24e93930eef7,completed,2023-03-06 20:43:42.066461,,
b1bad31f-4071-4d07-8425-1731977b39d8,completed,2023-03-06 20:43:42.066461,,
faef0362-56c5-41d9-9e8f-85985a8ca613,completed,2023-03-06 20:43:42.066461,,
9d55783f-ba77-4dfa-b6ce-932891b05548,completed,2023-03-06 20:43:42.066461,,
5b9ddd22-df62-4c2b-bbaa-e3550bc3d98f,completed,2023-03-06 20:43:42.066461,,
3b0a3857-8a15-4123-a21f-7089eea25361,completed,2023-03-06 20:43:42.066461,,
321a4cf4-502f-44b7-88bc-76a10223427f,completed,2023-03-06 20:43:42.066461,,
517fcc72-9b7a-4783-8a65-e5fff38de7fc,completed,2023-03-06 20:43:42.066461,,
0da83921-ba51-47a6-b6b0-d56ff6418953,completed,2023-03-06 20:43:42.066461,,
f2f415c7-4c6f-4acb-8e77-913548225495,completed,2023-03-06 20:43:42.066461,,
a7f83817-9fca-47c2-92d3-d4b0fff871ef,completed,2023-03-06 20:43:42.066461,,
c05569c9-9768-4531-879a-e010c478b30e,completed,2023-03-06 20:43:42.066461,,
c1357f6c-5b44-4280-9c47-4087c9acee9b,completed,2023-03-06 20:43:42.066461,,
3ee2306b-be3a-4b96-bf6d-da96fd4f33e0,completed,2023-03-06 20:43:42.066461,,
f8be31cb-6157-42c4-b6f1-f6a865e2e11f,completed,2023-03-06 20:43:42.066461,,
7e6dd82a-da48-48d8-a4bb-9acdea2883b2,completed,2023-03-06 20:43:42.066461,,
4d8331a0-5063-4ca9-83f9-97ba931958a9,completed,2023-03-06 20:43:42.066461,,
0936a12b-ba05-4b87-a9f6-3fc8c67e3c19,completed,2023-03-06 20:43:42.066461,,
7410b4af-bfd6-4b7d-83b8-95f6612bfcdd,completed,2023-03-06 20:43:42.066461,,
c6ee3316-d539-4776-ab8a-fd1c90ad6481,completed,2023-03-06 20:43:42.066461,,
41327cd7-64f6-4bef-8885-5d3d050b11ed,completed,2023-03-06 20:43:42.066461,,
75ef8820-4064-42cc-af47-df4842c1cfcf,failed,2023-03-06 20:43:42.066461,,
ca6c6743-03c4-4a33-a2e8-c72b1b34fb81,completed,2023-03-06 20:43:42.066461,,
595fee9b-7c8d-4b36-abae-57f66def9a43,completed,2023-03-06 20:43:42.066461,,
2cfda9cf-01a7-4f65-9b35-579bffc5405f,completed,2023-03-06 20:43:42.066461,,
96613a0b-dcd6-41d1-9e88-d69bd44cf0fe,completed,2023-03-06 20:43:42.066461,,
6a195568-33ee-4af0-9497-3e473f12f923,completed,2023-03-06 20:43:42.066461,,
d9409519-65e0-4e17-a3bc-2c1c8fab7cdc,completed,2023-03-06 20:43:42.066461,,
8c6c1223-d956-431c-b741-761905f2cdf5,completed,2023-03-06 20:43:42.066461,,
2a70f6c5-918b-4ae7-9b63-e24674f2360e,completed,2023-03-06 20:43:42.066461,,
0918bee4-ad82-4f56-ad13-ec7addb1087f,completed,2023-03-06 20:43:42.066461,,
bbbd99d9-e3ef-4034-9be9-cf06c72ac34d,completed,2023-03-06 20:43:42.066461,,
df1f6030-53c7-4299-88d1-95614147abc6,completed,2023-03-06 20:43:42.066461,,
81003240-d385-410d-afba-b51127a5c6f0,completed,2023-03-06 20:43:42.066461,,
3b9595b0-be8c-4f49-8943-bc2889bc4fde,completed,2023-03-06 20:43:42.066461,,
3cf93b63-ba10-49af-a57b-a62bc09d0e08,completed,2023-03-06 20:43:42.066461,,
5ecab45f-8f4b-4d49-b595-566b14b14e33,completed,2023-03-06 20:43:42.066461,,
5221a2ac-9e2d-43da-8df8-3388996c2182,completed,2023-03-06 20:43:42.066461,,
750b7955-d159-428a-8a1f-f8029a0d1c08,completed,2023-03-06 20:43:42.066461,,
e6ffaf56-1689-4293-8590-2dd868190f27,completed,2023-03-06 20:43:42.066461,,
f2659ae0-2e45-4c39-8956-0453a1161f54,completed,2023-03-06 20:43:42.066461,,
d34a0a03-1a3f-460f-bfff-d2f98395ff85,completed,2023-03-06 20:43:42.066461,,
72ef520c-897d-4c7d-b18c-84ed5858910b,completed,2023-03-06 20:43:42.066461,,
5dc68ef5-dcbb-4791-bd33-d03d615d8768,completed,2023-03-06 20:43:42.066461,,
119b5dc9-b079-4608-8cf9-a2aee91a94ae,completed,2023-03-06 20:43:42.066461,,
971804e1-226d-4fd0-acb3-7cb7b01bbf5d,completed,2023-03-06 20:43:42.066461,,
6ce5c5ca-75ca-48bd-ac8b-7ee99b7aa289,completed,2023-03-06 20:43:42.066461,,
c0dce0a0-47f1-47a9-a6ce-48a82f428ec8,completed,2023-03-06 20:43:42.066461,,
37b297d4-86f1-4c64-a434-e2eb4b97a099,completed,2023-03-06 20:43:42.066461,,
370c4ee7-6d26-4c09-b9c5-6cb1cab76c54,completed,2023-03-06 20:43:42.066461,,
4cfc6b3d-0697-4113-bfbe-fe844a9d575f,completed,2023-03-06 20:43:42.066461,,
0b60a5c9-b1b6-407b-b720-d5caeb4a4933,completed,2023-03-06 20:43:42.066461,,
00ee35a8-0e42-4176-bd45-de898f4fefd3,completed,2023-03-06 20:43:42.066461,,
88516250-a124-46a2-990d-99e6911974d6,completed,2023-03-06 20:43:42.066461,,
d464f240-008d-43f9-86ee-2b3d22e553c6,completed,2023-03-06 20:43:42.066461,,
31e0e256-b36e-4d54-b352-3109b44d225f,completed,2023-03-06 20:43:42.066461,,
57141b75-bbaa-4b77-b7a0-8db3a7a310df,completed,2023-03-06 20:43:42.066461,,
d0cb584a-c9cd-466f-bac4-57177fd24956,completed,2023-03-06 20:43:42.066461,,
55b4d224-5766-4f36-9390-1a36a9b1c292,completed,2023-03-06 20:43:42.066461,,
f8c18cbb-e06c-41b7-9741-df1c58ebb916,completed,2023-03-06 20:43:42.066461,,
6b07941e-98a6-46a8-aafd-b6522fa07b99,completed,2023-03-06 20:43:42.066461,,
51bd86f9-06df-47ef-aa2a-22a4440eb223,completed,2023-03-06 20:43:42.066461,,
9672ccb3-c696-4bee-bab7-a481955a2121,completed,2023-03-06 20:43:42.066461,,
2b088aef-49bf-49ee-bf6c-7be755759b3d,completed,2023-03-06 20:43:42.066461,,
f26f1820-d080-4efe-894c-65564e056bff,completed,2023-03-06 20:43:42.066461,,
e9efc7c0-2c41-404f-ba42-fe47b722020d,completed,2023-03-06 20:43:42.066461,,
c36480f1-c8f6-470c-b90d-bb39aa9400b5,completed,2023-03-06 20:43:42.066461,,
6bcb0cb5-a2a7-460b-8888-7fe4e3026dbd,completed,2023-03-06 20:43:42.066461,,
4e9623a5-e7ea-4069-a4e0-11bd1ac50533,completed,2023-03-06 20:43:42.066461,,
55eac2ee-1a9b-438b-bd0f-14d4ce167c8f,completed,2023-03-06 20:43:42.066461,,
53e4200c-7b39-402d-9fc8-4d468f55c43d,completed,2023-03-06 20:43:42.066461,,
75821fbf-7199-4922-8b31-b560546a5ff7,completed,2023-03-06 20:43:42.066461,,
07206aab-81b4-4e63-997a-adc334dcf2c6,completed,2023-03-06 20:43:42.066461,,
ae9861b4-c3c7-4334-9e1e-92a55d6afed6,completed,2023-03-06 20:43:42.066461,,
53602fad-7776-4217-98ed-d5fe7d05fb9d,completed,2023-03-06 20:43:42.066461,,
9837e03c-f958-4145-8d51-4a80fd60741e,completed,2023-03-06 20:43:42.066461,,
f4b4f70b-6e5e-4167-8bde-c89dae5cdbe0,completed,2023-03-06 20:43:42.066461,,
375f4326-b82d-4552-adc4-58ea7e53b044,completed,2023-03-06 20:43:42.066461,,
6d59af83-69a1-45ad-b9b0-696bb5e646a8,completed,2023-03-06 20:43:42.066461,,
2d7314c6-4a00-44df-9857-64d4e97f8f82,completed,2023-03-06 20:43:42.066461,,
5080e952-76ca-4761-bc80-5e1469a44e78,completed,2023-03-06 20:43:42.066461,,
e360baf1-6871-46e0-b687-a0c8ba527e4a,completed,2023-03-06 20:43:42.066461,,
f19ac1f8-daa7-48db-82e2-c30e1feb1306,completed,2023-03-06 20:43:42.066461,,
11207bec-53ce-40af-998c-d205995db5fb,completed,2023-03-06 20:43:42.066461,,
67846a4f-34f9-468e-a604-1fb71405287e,completed,2023-03-06 20:43:42.066461,,
6209a2d2-fae4-4116-8dd2-cf496f0142a6,completed,2023-03-06 20:43:42.066461,,
a6d14ae7-fdb8-4417-9fe0-c409a87302fc,completed,2023-03-06 20:43:42.066461,,
29303d69-bb2a-4cd1-add2-faa5974bde22,completed,2023-03-06 20:43:42.066461,,
b9fc2217-15db-4711-8774-19c0db6908e6,completed,2023-03-06 20:43:42.066461,,
d6a24c0d-4645-4494-a668-c14d7d3b475a,completed,2023-03-06 20:43:42.066461,,
31e838a1-9628-4fa8-b2a3-60d8269b7389,completed,2023-03-06 20:43:42.066461,,
904e99bf-e0d6-4734-bb34-d9f8e0710f00,completed,2023-03-06 20:43:42.066461,,
59fe4d69-e857-40b2-8ebc-7baf0d8badcb,completed,2023-03-06 20:43:42.066461,,
cf3d91a0-ce1f-4ff1-9b71-471856c126ab,completed,2023-03-06 20:43:42.066461,,
9a20e046-b618-406c-a5cd-ed137e7f89b7,completed,2023-03-06 20:43:42.066461,,
bf4ed9c3-a29d-4ca0-a685-c403d575c609,completed,2023-03-06 20:43:42.066461,,
81341d9a-0d5b-4039-944f-990d891b84ac,completed,2023-03-06 20:43:42.066461,,
5dd52610-949a-4640-87b9-6381578cce29,completed,2023-03-06 20:43:42.066461,,
6d28140b-9b97-48b9-82e2-47faab2cb318,completed,2023-03-06 20:43:42.066461,,
adfbf76d-b342-4f91-a5a0-9cc3ac555467,completed,2023-03-06 20:43:42.066461,,
07c726bf-f979-4d08-aadc-b34a53d4000c,completed,2023-03-06 20:43:42.066461,,
7d4b479c-bb03-48f6-8614-a95e192628e4,completed,2023-03-06 20:43:42.066461,,
9d985e88-53c7-4547-927c-1315272131bc,completed,2023-03-06 20:43:42.066461,,
9e79fb9c-bb10-4503-9287-cc5971e3d943,completed,2023-03-06 20:43:42.066461,,
75dd7bc2-f90b-4ecf-b76e-74064948661d,completed,2023-03-06 20:43:42.066461,,
b74e0884-c364-4261-a527-1e253dac0079,completed,2023-03-06 20:43:42.066461,,
51efeadf-0b51-4199-aa9b-5e6c48d68d24,completed,2023-03-06 20:43:42.066461,,
9ff6423e-f19a-4366-9621-bbf6e09a2335,completed,2023-03-06 20:43:42.066461,,
95964968-89a8-4fa7-b03c-4bc71e25bb86,completed,2023-03-06 20:43:42.066461,,
ba9d6c48-4d69-43b5-a199-615a6f22e2c6,completed,2023-03-06 20:43:42.066461,,
d6fa375c-55e8-4ff5-9fc2-71c9da85446c,completed,2023-03-06 20:43:42.066461,,
7d0382bf-bc30-466e-8bdc-8a5aedf0a3fb,completed,2023-03-06 20:43:42.066461,,
0ae7a227-3f93-4750-a28d-affea847f48d,completed,2023-03-06 20:43:42.066461,,
78b1c85a-feee-4f96-ad6f-b64d58e8199c,completed,2023-03-06 20:43:42.066461,,
9d3496cd-e962-42f5-98ea-f583e823d668,completed,2023-03-06 20:43:42.066461,,
29720be7-d0e9-4305-a2e5-5c1ed4e9f8ba,completed,2023-03-06 20:43:42.066461,,
675d0305-0602-4862-9f23-cbacfda6159f,completed,2023-03-06 20:43:42.066461,,
ccc7dbf5-9b99-4fd8-ad8f-5603bb5f9c99,completed,2023-03-06 20:43:42.066461,,
3ab475b0-9f5c-4a45-b935-40ea243b327a,completed,2023-03-06 20:43:42.066461,,
c36bb95c-dcc1-4036-b391-12dee85be847,completed,2023-03-06 20:43:42.066461,,
b3fd4402-0bc9-48a0-8f5b-ed9ba26ee607,completed,2023-03-06 20:43:42.066461,,
e3f0de6e-f4b9-42cf-9112-9d0da71a266a,completed,2023-03-06 20:43:42.066461,,
ccd50382-e00c-4c60-97c0-84d42b7a5f42,completed,2023-03-06 20:43:42.066461,,
ccbfe51e-47ac-408f-9048-466f28b871d8,completed,2023-03-06 20:43:42.066461,,
4ff2870b-abe0-4601-ace9-21674850a652,completed,2023-03-06 20:43:42.066461,,
9a205ca4-7ced-48c3-ae7b-7dfe34424914,completed,2023-03-06 20:43:42.066461,,
d6d77783-c7e0-4b72-aa6e-611f6a0cd680,completed,2023-03-06 20:43:42.066461,,
4956306d-7cd0-4999-b4ee-144b9203780f,completed,2023-03-06 20:43:42.066461,,
44d6cf82-72d5-4763-9be4-89b3d1144f6d,completed,2023-03-06 20:43:42.066461,,
d9513de6-8f78-468c-b266-0c8d3221fb7a,completed,2023-03-06 20:43:42.066461,,
8b949e83-c40f-484f-aa7a-8045c40a1eea,completed,2023-03-06 20:43:42.066461,,
fe977839-320d-4ec4-9942-e43609fc5092,completed,2023-03-06 20:43:42.066461,,
acea826f-dbe7-407f-891a-d92b62017d4a,completed,2023-03-06 20:43:42.066461,,
288590fc-89fd-4956-a6d5-7ebd8de4501e,completed,2023-03-06 20:43:42.066461,,
d91841a5-0b45-42e7-aa04-23030d4827e9,completed,2023-03-06 20:43:42.066461,,
53b24570-f87f-4ec7-ae07-ee6cfe4e0ce6,completed,2023-03-06 20:43:42.066461,,
60e415ab-41c2-4e18-a7d4-3474e6c431d4,completed,2023-03-06 20:43:42.066461,,
49d4ba05-b997-4f82-a484-bc7d66fd8fe6,completed,2023-03-06 20:43:42.066461,,
aa499325-c860-43b7-a294-87bd271cc0b5,completed,2023-03-06 20:43:42.066461,,
df99bd73-d4f8-4f06-a9c9-4a98497ee32b,failed,2023-03-06 20:43:42.066461,,
dcac761b-d99d-48c9-b822-14bc03b6f142,completed,2023-03-06 20:43:42.066461,,
379263ba-f7ac-4291-9f32-fa512ff797ac,completed,2023-03-06 20:43:42.066461,,
3efd36a2-652c-4d20-862c-c4918b67151d,completed,2023-03-06 20:43:42.066461,,
bf333830-27cf-4a55-b0cc-2f711ff1857c,completed,2023-03-06 20:43:42.066461,,
ff51d2c5-39f7-4fed-951c-611eadeb4226,completed,2023-03-06 20:43:42.066461,,
b2cfe2c8-72c3-4389-a3c2-a53ad57a50ac,completed,2023-03-06 20:43:42.066461,,
e0ec5883-6c23-40e4-b8b3-e0ee42df010b,completed,2023-03-06 20:43:42.066461,,
3256c9ed-843d-4647-9e79-802215487801,completed,2023-03-06 20:43:42.066461,,
e04c4336-6a4e-48e1-b8da-c9e269f72aa8,completed,2023-03-06 20:43:42.066461,,
3ab925c4-4016-4657-8766-0784a140581a,completed,2023-03-06 20:43:42.066461,,
56a5e37e-7b31-4b50-b506-04b2d3f4fe58,completed,2023-03-06 20:43:42.066461,,
14b9d7d1-f701-485a-ad95-cbb53b7c13f1,completed,2023-03-06 20:43:42.066461,,
9c7eb429-d004-42c9-b872-d3bea18e4329,completed,2023-03-06 20:43:42.066461,,
f0ae8c4a-863c-4df3-9f96-3777bb246d6d,completed,2023-03-06 20:43:42.066461,,
41c2264d-5d73-45c1-894d-66d626d58b4e,completed,2023-03-06 20:43:42.066461,,
e587969c-b0e6-45d9-afb8-471567756d71,completed,2023-03-06 20:43:42.066461,,
41cf3f16-5269-4ac4-9987-52bdf0685456,completed,2023-03-06 20:43:42.066461,,
cb963a2e-8324-4e68-a0c0-e1248da1f055,completed,2023-03-06 20:43:42.066461,,
813f8eb9-c2e0-461d-a74b-5faf32af7446,completed,2023-03-06 20:43:42.066461,,
269e4cfc-af1d-4054-8fa0-d4000bb73a40,completed,2023-03-06 20:43:42.066461,,
c527ad71-5aab-4684-8bf8-df8849011021,completed,2023-03-06 20:43:42.066461,,
01fcdb9a-2dde-4d38-9d7b-6072c785d212,completed,2023-03-06 20:43:42.066461,,
b4022261-72bf-4215-b63c-55d156ddac0a,completed,2023-03-06 20:43:42.066461,,
420f3dda-e693-4241-ad12-665f444e2ac0,completed,2023-03-06 20:43:42.066461,,
371bd3d3-9d53-4fbb-bf85-c7729d4259f5,completed,2023-03-06 20:43:42.066461,,
7697cd0d-0c8b-45e4-be82-4576141b034c,completed,2023-03-06 20:43:42.066461,,
9ac0cc39-07e9-4862-b240-0baccbcb47a4,completed,2023-03-06 20:43:42.066461,,
620b54f3-5e4d-4fee-8098-be361d8abecc,completed,2023-03-06 20:43:42.066461,,
f4282f52-15fc-4f04-bd56-d4b3f4a292c9,completed,2023-03-06 20:43:42.066461,,
6456ab41-c248-43dc-9362-1bd928d02673,completed,2023-03-06 20:43:42.066461,,
741f25ff-9760-43c4-aa7e-35667e9305ab,completed,2023-03-06 20:43:42.066461,,
59e1360f-06b1-4474-98a4-f96383bfeb60,completed,2023-03-06 20:43:42.066461,,
c0a0b08b-55ec-41cf-bbe0-4c7f33b3a4fa,completed,2023-03-06 20:43:42.066461,,
5b5e0026-b753-4d75-a7ab-df5e737e5587,completed,2023-03-06 20:43:42.066461,,
39c1dd0a-054b-4985-9748-ee9ed097a917,completed,2023-03-06 20:43:42.066461,,
3b84cd1f-b1e0-44a7-988e-3e40657ae2ba,completed,2023-03-06 20:43:42.066461,,
6a82a869-1520-4731-8a16-df81b674a954,completed,2023-03-06 20:43:42.066461,,
62b9a861-8dfd-4d5e-ae95-35b096cfe77e,completed,2023-03-06 20:43:42.066461,,
75d4fb7a-d9d4-4481-a3a6-d459698d9fd1,completed,2023-03-06 20:43:42.066461,,
b1084bd9-7b6a-4e83-981e-bba171eccd5b,completed,2023-03-06 20:43:42.066461,,
3700a90d-989e-4105-9d9e-d7b135448051,completed,2023-03-06 20:43:42.066461,,
27db567e-22b3-4985-a11d-7077a5863215,completed,2023-03-06 20:43:42.066461,,
fd6c75f1-aee7-4cf1-9da3-40bd4bae0b30,completed,2023-03-06 20:43:42.066461,,
70cc5b95-ed00-4005-8638-c60b567e2698,completed,2023-03-06 20:43:42.066461,,
e19e7910-a6bd-4615-a64c-3b416cd219d2,completed,2023-03-06 20:43:42.066461,,
4ad42dc8-a577-4a03-a044-a56cda7bcf2e,completed,2023-03-06 20:43:42.066461,,
eabd9d9f-e24d-408c-a78a-76026fcd9cf9,completed,2023-03-06 20:43:42.066461,,
189eda0d-e958-40d6-87bc-85bdcd0465cc,completed,2023-03-06 20:43:42.066461,,
3994575a-08d7-484c-9235-7361a81dc04a,completed,2023-03-06 20:43:42.066461,,
3638c56e-e78c-4504-85d8-a5f67ca9234f,completed,2023-03-06 20:43:42.066461,,
b16349bf-433a-401c-9911-135b0d2fbb4e,completed,2023-03-06 20:43:42.066461,,
57d46637-f538-4b77-baf6-c01bdf61e3e0,completed,2023-03-06 20:43:42.066461,,
8153ea0a-2c99-4575-b0b1-44c92d1ac76d,completed,2023-03-06 20:43:42.066461,,
7076750a-1278-4f76-a468-7e23c754bb15,completed,2023-03-06 20:43:42.066461,,
a5631926-6129-44b1-9f7b-f000568647d3,completed,2023-03-06 20:43:42.066461,,
a0dd5492-27fe-41af-a56e-8bb066ee18d3,completed,2023-03-06 20:43:42.066461,,
ca11729a-a58d-4703-816a-31c69c801f90,completed,2023-03-06 20:43:42.066461,,
a46af1f4-b600-4828-b139-f2a9061ce409,completed,2023-03-06 20:43:42.066461,,
4a7c30d8-95d7-46c9-b869-2e09471945ea,completed,2023-03-06 20:43:42.066461,,
dbd0157b-8899-475a-bddd-ec5c7c5403bb,completed,2023-03-06 20:43:42.066461,,
b58b259d-098f-4311-8f91-57005824c869,completed,2023-03-06 20:43:42.066461,,
f0768e98-658d-4009-a7ea-3a4817cefd56,completed,2023-03-06 20:43:42.066461,,
605928ea-8faa-47bf-8bf4-3550bb558b78,completed,2023-03-06 20:43:42.066461,,
5ba17930-62f5-4556-a8b4-3f2df8c4bc32,completed,2023-03-06 20:43:42.066461,,
94d36753-f5be-4273-8b68-e8757317b7fd,completed,2023-03-06 20:43:42.066461,,
f18ef7c6-9619-439a-b606-4179c9c25182,completed,2023-03-06 20:43:42.066461,,
4e38b361-63a7-431d-a906-b226468d153d,completed,2023-03-06 20:43:42.066461,,
1adf82d6-3c1f-4805-8e04-ff57d1bfa05a,completed,2023-03-06 20:43:42.066461,,
dc1cfb18-7689-4817-8b5b-7d3a4a9e440e,completed,2023-03-06 20:43:42.066461,,
f39ec741-9bff-4343-801b-38213feea785,completed,2023-03-06 20:43:42.066461,,
902a70f6-7347-4700-b3c3-b8d76e6769eb,completed,2023-03-06 20:43:42.066461,,
08d52165-1a45-4c9b-a65f-3ab3cdc0829f,completed,2023-03-06 20:43:42.066461,,
03697408-ee46-45c3-85ed-271a4a932989,completed,2023-03-06 20:43:42.066461,,
e1748ac6-6ecc-4163-9b3e-dc5c29f755ea,completed,2023-03-06 20:43:42.066461,,
8e734d01-7e26-48c5-8479-df3eed4eb0fa,completed,2023-03-06 20:43:42.066461,,
d0d5fe77-8c11-4f11-a0ee-2557277b12a4,completed,2023-03-06 20:43:42.066461,,
77726053-1e3d-4d06-a8e2-5e289f94616a,completed,2023-03-06 20:43:42.066461,,
d5f6af5e-6230-4ef8-a15a-fe2e0227b827,completed,2023-03-06 20:43:42.066461,,
7eeb9bbe-023c-49f5-b1fb-bd4aeae728f3,completed,2023-03-06 20:43:42.066461,,
0a4543cd-e6e0-4d93-967b-475805cea14d,completed,2023-03-06 20:43:42.066461,,
0eba28b6-feab-47bf-b768-d14afd6b244d,completed,2023-03-06 20:43:42.066461,,
2b72f81d-ecf4-450d-b86d-5002748c441c,completed,2023-03-06 20:43:42.066461,,
c2d55beb-8134-4a82-b555-921f2963aa81,completed,2023-03-06 20:43:42.066461,,
d0b97736-5c33-4cbe-b536-bfa32fefe757,completed,2023-03-06 20:43:42.066461,,
b34287fa-0846-4b7f-98d5-6c770cf87b9d,completed,2023-03-06 20:43:42.066461,,
c2548170-34d0-4e80-aa71-8072763bb410,completed,2023-03-06 20:43:42.066461,,
34b0eb41-2e0b-45d9-82eb-48d83d1c9330,completed,2023-03-06 20:43:42.066461,,
83ebe8b7-4313-4a27-ab3d-a2d2745ade7d,completed,2023-03-06 20:43:42.066461,,
a3384447-5d0d-4cce-a2fa-0d88e9e564ec,completed,2023-03-06 20:43:42.066461,,
3d0996d0-2095-429d-90b5-029eb7b13d0d,completed,2023-03-06 20:43:42.066461,,
0e11f508-12f6-4523-91d5-818909233ecc,completed,2023-03-06 20:43:42.066461,,
0e560d49-fc56-48ea-9f15-23b50c748ca3,completed,2023-03-06 20:43:42.066461,,
a081dac0-84a6-4e47-bd8c-0f59681cc8ad,completed,2023-03-06 20:43:42.066461,,
0ead83c8-e39e-416d-8068-3138f5aef8c0,completed,2023-03-06 20:43:42.066461,,
c78c9191-1ab6-4c2d-939e-fab4bc3cedbd,completed,2023-03-06 20:43:42.066461,,
fe2cee45-4ff1-462d-b7b5-0b87b50fe42e,completed,2023-03-06 20:43:42.066461,,
9f169959-cc4c-441a-98a7-e7ecd1ddeac6,completed,2023-03-06 20:43:42.066461,,
44258c29-2ac0-4264-b506-0bc816ded75d,completed,2023-03-06 20:43:42.066461,,
527fe46b-4987-4175-a2e8-4a7b4df619f3,completed,2023-03-06 20:43:42.066461,,
0906ba55-2ff1-4e8d-ba85-0c38aca3d207,completed,2023-03-06 20:43:42.066461,,
6d24b85a-deb2-4693-8d42-9fe16ab39335,completed,2023-03-06 20:43:42.066461,,
24fe4bce-5982-48eb-9dab-79989721ca68,completed,2023-03-06 20:43:42.066461,,
5aa82169-2dec-462b-9804-38a35eb39957,completed,2023-03-06 20:43:42.066461,,
1ce3ad84-c0e6-4958-840d-a41caa8a8f0f,completed,2023-03-06 20:43:42.066461,,
e6c53edb-bb77-4c9a-a3bf-439c35c68229,completed,2023-03-06 20:43:42.066461,,
72c40e7f-6564-45bb-8b1a-029ad1cd5939,completed,2023-03-06 20:43:42.066461,,
502cb06f-4106-45b1-9140-7afed0e36dea,completed,2023-03-06 20:43:42.066461,,
b40ee12b-bce8-4bb6-b758-ff37368515e8,completed,2023-03-06 20:43:42.066461,,
37803cc7-e406-4d11-a33f-36a2acb9c5b2,completed,2023-03-06 20:43:42.066461,,
135b91cd-2f7e-4219-b78e-c0d0390529e2,completed,2023-03-06 20:43:42.066461,,
a13f4b8e-74a0-4ad9-b947-e4f1025d1a89,completed,2023-03-06 20:43:42.066461,,
297c9342-ef4d-42b4-acd4-2525bea9ddc2,completed,2023-03-06 20:43:42.066461,,
bf421abe-5865-419b-b1ef-098c85cc9f4a,completed,2023-03-06 20:43:42.066461,,
472862e3-9b21-4779-8482-20e88ff2856b,completed,2023-03-06 20:43:42.066461,,
6c6d91f4-6a0d-4b9b-97f7-d1d6dc9c1cda,completed,2023-03-06 20:43:42.066461,,
3556dcec-d570-4ddb-804e-6904c47c6479,completed,2023-03-06 20:43:42.066461,,
e3f64407-f53b-41d6-a2bd-6f155aa2928f,completed,2023-03-06 20:43:42.066461,,
5e135379-472a-47ff-b7ca-161cde19ecfd,completed,2023-03-06 20:43:42.066461,,
d1cd927e-9a93-4d8d-aada-e21572ae24a2,completed,2023-03-06 20:43:42.066461,,
a94a10c7-1b9f-4901-8f83-c422c2399700,completed,2023-03-06 20:43:42.066461,,
c83c6db9-c735-411c-ad94-0708fb555e48,completed,2023-03-06 20:43:42.066461,,
5c692a29-935f-47f3-9333-0cd0e2121d6a,completed,2023-03-06 20:43:42.066461,,
2480456b-4131-45f5-9a77-a1cd0ba76873,completed,2023-03-06 20:43:42.066461,,
01bb7543-2aed-49f2-967a-091c97d11543,completed,2023-03-06 20:43:42.066461,,
2f572576-3f96-4ce0-ba52-75bd73b90cac,completed,2023-03-06 20:43:42.066461,,
6da51136-5c3d-428f-8b5e-b7c066a7da94,completed,2023-03-06 20:43:42.066461,,
f1ef871e-bd41-492c-b3d0-e957bbb3919d,completed,2023-03-06 20:43:42.066461,,
4d6401da-f123-4fc8-bc91-31be8be35b0c,completed,2023-03-06 20:43:42.066461,,
c4731b31-85d9-44cc-9603-680c4d344ea7,completed,2023-03-06 20:43:42.066461,,
ae66ce95-b1ee-421e-b7c9-d4b5c94c0fe8,completed,2023-03-06 20:43:42.066461,,
4e3a7b30-9bc9-4a2e-8ff4-ce3a3351d48c,completed,2023-03-06 20:43:42.066461,,
737f4ad2-64f0-4c82-9567-7b1e17070825,completed,2023-03-06 20:43:42.066461,,
6afc85f0-bb73-43d3-b69e-d1a5f8e4ffc6,completed,2023-03-06 20:43:42.066461,,
0ba549f3-2ac0-4420-9290-7003c1b646c8,completed,2023-03-06 20:43:42.066461,,
1afaef95-08d1-4926-bcfc-c5aa2f191727,completed,2023-03-06 20:43:42.066461,,
ede095bc-cb0d-42fb-974c-69473ce31e33,completed,2023-03-06 20:43:42.066461,,
ca230d9e-63fa-40ef-aafa-7265b4a4318e,completed,2023-03-06 20:43:42.066461,,
b758b09c-5858-4350-9887-eeac1b8cfcba,completed,2023-03-06 20:43:42.066461,,
9938301d-7c99-4bf4-b5c0-a0b149bf3757,completed,2023-03-06 20:43:42.066461,,
f9f73548-9e38-4601-bfa6-a9a75bd2c228,completed,2023-03-06 20:43:42.066461,,
4835317b-c02b-4b28-844c-965003e82045,completed,2023-03-06 20:43:42.066461,,
4a7ac77f-c343-41c4-9535-29575dfb3886,completed,2023-03-06 20:43:42.066461,,
a2e81226-4ed6-4320-8830-f7de02f248a0,completed,2023-03-06 20:43:42.066461,,
224bd74e-4bde-4a44-a9de-bf09d129316b,completed,2023-03-06 20:43:42.066461,,
133aa3f4-9486-4372-945f-ae71d46dc913,completed,2023-03-06 20:43:42.066461,,
e3a7f00b-4dd3-4605-aa49-00b97d294ecc,completed,2023-03-06 20:43:42.066461,,
faf82f0f-519d-4b1d-bb4f-249fa3d9745d,completed,2023-03-06 20:43:42.066461,,
559a4032-b2bd-4f70-b2ee-41b67630a35c,completed,2023-03-06 20:43:42.066461,,
9dfeadcd-4320-4418-a9f3-34bda70fea48,completed,2023-03-06 20:43:42.066461,,
736e1a99-10d6-4301-84ea-b534d637a013,completed,2023-03-06 20:43:42.066461,,
017de7fe-ac71-478b-b32d-019444d76b3b,completed,2023-03-06 20:43:42.066461,,
8525e21b-5f12-4e3f-b97c-49e4e4716dec,completed,2023-03-06 20:43:42.066461,,
6a1044c8-d0e6-4a0a-8bbb-cfededeb8674,failed,2023-03-06 20:43:42.066461,,
1b7d7cd2-8608-4c3a-b624-4800883319c1,completed,2023-03-06 20:43:42.066461,,
823211a0-5e91-475e-854d-5299f09a6ff5,completed,2023-03-06 20:43:42.066461,,
7ca6dd03-253d-4d31-9901-307107977329,completed,2023-03-06 20:43:42.066461,,
baa9e0b0-d05b-498c-bb0d-404776d5ac07,completed,2023-03-06 20:43:42.066461,,
1422f4d8-6ab3-4ebf-acd3-c392b3f459a5,completed,2023-03-06 20:43:42.066461,,
d2de3d52-866d-43da-a68d-38920e4af896,completed,2023-03-06 20:43:42.066461,,
0aae41ea-feaf-436f-9a39-e0af89575390,failed,2023-03-06 20:43:42.066461,,
873778ca-ded5-4cb2-a5f1-b92098e9fe00,completed,2023-03-06 20:43:42.066461,,
9fee16c1-2574-44d5-ba81-f919679892db,completed,2023-03-06 20:43:42.066461,,
bbdf52ed-856b-49ac-a5a1-5dd3ac45b5db,completed,2023-03-06 20:43:42.066461,,
7a6e914c-1836-453b-8cab-cd443c9978cd,completed,2023-03-06 20:43:42.066461,,
ae1bd5d9-40dc-418c-bfa0-e22bd8f9f735,completed,2023-03-06 20:43:42.066461,,
7e7077f9-b6d2-4fa3-8c07-1f043d57ac63,completed,2023-03-06 20:43:42.066461,,
e6c7d4ad-7c54-4072-86ac-06fe334a21a7,completed,2023-03-06 20:43:42.066461,,
17094077-1c08-4987-ad1c-c74e72f11772,completed,2023-03-06 20:43:42.066461,,
002880f5-fbde-4ae4-8678-30eb78164616,completed,2023-03-06 20:43:42.066461,,
6fc0cf8b-ff6a-45bb-986b-7d52890ea267,completed,2023-03-06 20:43:42.066461,,
dbba5906-6789-412a-9987-2e2ca5f10fa0,completed,2023-03-06 20:43:42.066461,,
66b33fe3-1ece-4f02-9553-e161687bce87,completed,2023-03-06 20:43:42.066461,,
f961a527-58ee-490b-ae53-8991dd920c92,completed,2023-03-06 20:43:42.066461,,
10ea0b8c-4c9f-43f0-a09c-382fdb81840f,completed,2023-03-06 20:43:42.066461,,
883862fa-90e1-400a-a911-e9958d502c02,completed,2023-03-06 20:43:42.066461,,
5fb8ca60-fbcb-40b8-9f8c-a8299d6d7c12,completed,2023-03-06 20:43:42.066461,,
4271ab96-2dde-4368-b312-585e477c2c0e,completed,2023-03-06 20:43:42.066461,,
93eec1af-f820-4281-b31b-5df40c9c4299,completed,2023-03-06 20:43:42.066461,,
4b009c4a-2504-440c-91c6-7957284ff89e,completed,2023-03-06 20:43:42.066461,,
41ab89f7-2324-4dfb-b66b-98073a7fc6d6,completed,2023-03-06 20:43:42.066461,,
24dce1a1-164b-40d6-b6c7-d7e29d70251e,completed,2023-03-06 20:43:42.066461,,
a65bc6bc-5a6e-41b3-a95a-a54caa6c1ee3,completed,2023-03-06 20:43:42.066461,,
6722775b-a8d6-4252-a858-0824f8c7a585,completed,2023-03-06 20:43:42.066461,,
4c69159a-7d59-473e-ac4b-9e41ae76907e,completed,2023-03-06 20:43:42.066461,,
663867cc-e755-4154-ae49-5ae76f3a6bcc,completed,2023-03-06 20:43:42.066461,,
d69d3bf4-3003-4b15-b4ad-5c150a4984e7,completed,2023-03-06 20:43:42.066461,,
22e3d3c1-6f57-451f-b21f-5527f7f18755,completed,2023-03-06 20:43:42.066461,,
d9207a04-7f14-4209-8efc-612f3a41046f,completed,2023-03-06 20:43:42.066461,,
8d0da0d2-f4d8-449a-a8a6-387933282a87,completed,2023-03-06 20:43:42.066461,,
a114efc6-556c-44db-b3fd-b681276b00d3,completed,2023-03-06 20:43:42.066461,,
7802b516-5a00-4aef-b7a3-b09dec38311f,completed,2023-03-06 20:43:42.066461,,
25321795-c158-4d8b-ae13-1a485bbbe9ba,completed,2023-03-06 20:43:42.066461,,
1eff61ec-3145-47ca-b184-de6a6c529a48,completed,2023-03-06 20:43:42.066461,,
76c6b1fd-5d73-48fb-9c33-627b22ec239d,completed,2023-03-06 20:43:42.066461,,
0d478bbe-df1a-41f8-8497-e14005135220,completed,2023-03-06 20:43:42.066461,,
9b24e58e-1143-4a78-b993-00b0d55bc367,completed,2023-03-06 20:43:42.066461,,
84ee4efb-c79a-4cac-a3ef-c36d6a9151a3,completed,2023-03-06 20:43:42.066461,,
e019776b-5427-427c-8a3a-ab512182f010,completed,2023-03-06 20:43:42.066461,,
501320db-a8c2-4595-9f90-67bbdd16d2e5,completed,2023-03-06 20:43:42.066461,,
931262f7-97e1-4f18-9d13-2f353454d109,completed,2023-03-06 20:43:42.066461,,
563c0c31-7621-438e-a6a2-627eed1c7693,completed,2023-03-06 20:43:42.066461,,
c8891d00-d45e-4238-a801-e6f78981e87c,completed,2023-03-06 20:43:42.066461,,
5807bd1b-25e4-40ad-b5ed-763080a27399,completed,2023-03-06 20:43:42.066461,,
260c54cc-7fc6-45bd-b97d-99ce061fa426,completed,2023-03-06 20:43:42.066461,,
f8210ff0-caf1-4409-9a14-d1608547534d,completed,2023-03-06 20:43:42.066461,,
5dc2a882-6552-4f01-b654-12c9426111a1,completed,2023-03-06 20:43:42.066461,,
9d17cf57-1393-4c13-8a65-98adf2dd77c0,completed,2023-03-06 20:43:42.066461,,
6176828e-84d6-40a4-8ad6-7f546ce0faa0,completed,2023-03-06 20:43:42.066461,,
4f254ca5-0c1a-4d19-a5f7-00d371af1fc4,completed,2023-03-06 20:43:42.066461,,
96aa983a-22a6-4e18-b6c9-d4b2e27f6504,completed,2023-03-06 20:43:42.066461,,
f2ad4672-955f-4d89-af00-f8e382830e7e,completed,2023-03-06 20:43:42.066461,,
7e31c8c0-53db-45dc-88c7-a56032932572,completed,2023-03-06 20:43:42.066461,,
9d47d328-89da-46c8-a05d-ad97b9fb7d25,completed,2023-03-06 20:43:42.066461,,
688c18a5-e367-4a41-a1a6-d370121b7165,completed,2023-03-06 20:43:42.066461,,
36632d94-2b33-4992-a1a2-98aa2c16d936,completed,2023-03-06 20:43:42.066461,,
13c81bce-a2e0-45cf-b3d3-477f15186cf8,completed,2023-03-06 20:43:42.066461,,
e2a04291-1c06-440d-9e7d-fa73a31c22d8,completed,2023-03-06 20:43:42.066461,,
9e8a0444-2df1-4615-a2c3-e2b4281c31e0,completed,2023-03-06 20:43:42.066461,,
5a21a9ed-2883-4e4a-8221-dabff46e04c6,completed,2023-03-06 20:43:42.066461,,
6bf930a8-5efd-4670-9a59-9753d780fa05,completed,2023-03-06 20:43:42.066461,,
ce78a8c4-bfdb-4341-a2aa-74f2e29db54b,completed,2023-03-06 20:43:42.066461,,
f906aa80-a7c9-4750-a648-cc5bc74e3e5e,completed,2023-03-06 20:43:42.066461,,
bd0aa4bd-243f-4702-9432-7c1ccf866b89,completed,2023-03-06 20:43:42.066461,,
1a37fbd7-a7fa-4b80-8ecb-84412c51d5c9,completed,2023-03-06 20:43:42.066461,,
157c3990-3590-4203-b859-d8eea6284af6,completed,2023-03-06 20:43:42.066461,,
91d5216b-6edb-448f-a3c6-2e9c42fdaaff,completed,2023-03-06 20:43:42.066461,,
bddd6b9b-3977-4498-aecf-6e2420351ca2,completed,2023-03-06 20:43:42.066461,,
b51bc462-3f65-419f-96c6-effe94a8f925,completed,2023-03-06 20:43:42.066461,,
38d0cdaf-cdee-4f1a-8213-68e280cc344c,completed,2023-03-06 20:43:42.066461,,
4758a4f7-2973-4912-b2b1-3b3037e6ad65,completed,2023-03-06 20:43:42.066461,,
0f7cd1c0-3ba3-43a5-a992-3bdda6cc07e7,completed,2023-03-06 20:43:42.066461,,
36a1d7e6-4b53-408a-9e52-0a019e1902ff,completed,2023-03-06 20:43:42.066461,,
63760e43-05cc-4141-86e0-a1189cac24ce,completed,2023-03-06 20:43:42.066461,,
8b662908-b3de-4b07-aa49-d7e6c9373166,completed,2023-03-06 20:43:42.066461,,
280de62e-031b-48d8-8305-7b173a04b0f8,completed,2023-03-06 20:43:42.066461,,
33c9e9c3-a283-4fd1-812a-b0e81b9e7c43,completed,2023-03-06 20:43:42.066461,,
3f53b20b-d505-448f-8660-1cb161f27d6c,completed,2023-03-06 20:43:42.066461,,
96576f03-4603-497d-bce6-4f5e9d636bde,completed,2023-03-06 20:43:42.066461,,
0ad5d6b4-4bf0-4dd7-ac3b-b9d008a4e9a7,completed,2023-03-06 20:43:42.066461,,
e450c4fe-66a3-4a3c-bf05-f01c8f856027,completed,2023-03-06 20:43:42.066461,,
436f0ec7-2b06-4b4f-91c4-d896283969a3,completed,2023-03-06 20:43:42.066461,,
9e7ff5b5-9221-4c7e-a0cd-f4b77996d27b,completed,2023-03-06 20:43:42.066461,,
3f85adad-775a-49b7-b5c8-af7af7200289,completed,2023-03-06 20:43:42.066461,,
09ba06ba-df1f-45f6-8121-1c2f16bcb354,completed,2023-03-06 20:43:42.066461,,
42e038e9-8e2f-439b-b3dc-f86012abbace,completed,2023-03-06 20:43:42.066461,,
b7babc58-8bd9-4cce-ab7a-4ea41874f197,completed,2023-03-06 20:43:42.066461,,
0c04286d-b364-4902-b789-f897437ce6fd,completed,2023-03-06 20:43:42.066461,,
cb9751af-3641-4d01-8c87-d7ab918d7281,completed,2023-03-06 20:43:42.066461,,
fee8f7e6-b49b-42b8-bca3-be5b0610458b,completed,2023-03-06 20:43:42.066461,,
ef0998a1-aa4f-4ee0-bc70-92612952c89b,completed,2023-03-06 20:43:42.066461,,
2d015f77-01bb-48ea-ab09-4f7b00ca4fbc,completed,2023-03-06 20:43:42.066461,,
e7433f91-a0cd-40bf-a2ec-895b327c906c,completed,2023-03-06 20:43:42.066461,,
a2bbdcf2-0181-4dd9-8799-91611f1bd66b,completed,2023-03-06 20:43:42.066461,,
f4179600-1144-4121-8168-b5cc3056c946,completed,2023-03-06 20:43:42.066461,,
49ab9175-0acb-4322-a44e-3b15b051acd9,completed,2023-03-06 20:43:42.066461,,
ca4f7578-e605-492e-953d-e9c5d9fc3f4b,completed,2023-03-06 20:43:42.066461,,
e2f068e5-4883-47de-a173-2dbef854e006,completed,2023-03-06 20:43:42.066461,,
18ea8466-10e5-436b-a74b-b6af93432c34,completed,2023-03-06 20:43:42.066461,,
d487991b-2b1e-4804-88c9-819c9eb7383e,completed,2023-03-06 20:43:42.066461,,
85230cd4-f981-40af-8bf8-b240608072d4,completed,2023-03-06 20:43:42.066461,,
a63d5e1f-a5c7-465c-a628-15ee9af5a0b9,completed,2023-03-06 20:43:42.066461,,
60de7999-a8f8-4d8f-b76f-ec9f89842164,completed,2023-03-06 20:43:42.066461,,
b90b9a4d-795b-4616-9cdf-0a0a5a5e0e9a,completed,2023-03-06 20:43:42.066461,,
09402f5d-a318-419a-9926-f82657a057db,completed,2023-03-06 20:43:42.066461,,
b2a20f51-b6fd-431a-b2bf-e0da470e3203,completed,2023-03-06 20:43:42.066461,,
b03d3083-f8e8-4290-ad39-be21182851b9,completed,2023-03-06 20:43:42.066461,,
6a4bd0c7-5b97-41fd-9db1-4a5058e0255c,completed,2023-03-06 20:43:42.066461,,
779cb9fd-d863-462a-90b4-22a70e9577a6,completed,2023-03-06 20:43:42.066461,,
60be489d-0b3c-4c4c-a8d9-dc7b72126fbf,completed,2023-03-06 20:43:42.066461,,
25f102cf-510f-46c8-9729-f1221f2ff1ba,completed,2023-03-06 20:43:42.066461,,
ee502885-c0bf-4d03-90e8-6f39280ac79c,completed,2023-03-06 20:43:42.066461,,
30f2143e-38a6-4674-9c20-b13d70b1815d,completed,2023-03-06 20:43:42.066461,,
22c3bc84-f6e3-4fe4-a435-9bef760413cd,completed,2023-03-06 20:43:42.066461,,
8bdb2f92-463f-4c40-b952-4f05909d0702,completed,2023-03-06 20:43:42.066461,,
7bc3a95f-ad0d-4759-a8bc-efc2d1e51b23,completed,2023-03-06 20:43:42.066461,,
bc668d4a-4011-4a63-84e6-3f06f7325d42,completed,2023-03-06 20:43:42.066461,,
6907524f-9b2b-4f70-a6de-caf900be773e,completed,2023-03-06 20:43:42.066461,,
57402dc2-de49-4dae-93a7-cb2227cc3768,completed,2023-03-06 20:43:42.066461,,
9f49cce9-a7bc-4764-947d-1f7e8579382f,completed,2023-03-06 20:43:42.066461,,
543d6861-4262-4ec6-889b-f523bed776c3,completed,2023-03-06 20:43:42.066461,,
ccd11aba-a818-47ea-8d81-9d4eee5e5ef1,completed,2023-03-06 20:43:42.066461,,
9427b2d1-0400-4a9e-9305-5c9dc5658758,completed,2023-03-06 20:43:42.066461,,
19f2499d-1123-4274-b6ee-70f82c3ce6f1,completed,2023-03-06 20:43:42.066461,,
ce944577-2af3-41ff-8747-375693ab9ccd,completed,2023-03-06 20:43:42.066461,,
6abbdf68-8b20-4dd3-9053-31035f2c4a92,completed,2023-03-06 20:43:42.066461,,
bb986a49-8a12-4e43-bbef-6bef3ac77b06,completed,2023-03-06 20:43:42.066461,,
76f8a37b-810a-4d30-923b-0b44a324b1cc,completed,2023-03-06 20:43:42.066461,,
9b8897d9-fbad-4e0f-a6ef-77b49f7c8152,completed,2023-03-06 20:43:42.066461,,
0044ad23-3350-4a45-b742-4b873a5ac96b,completed,2023-03-06 20:43:42.066461,,
918a8edb-8185-4f6c-b1e8-45e06f378905,completed,2023-03-06 20:43:42.066461,,
3a690e77-80ba-4dd0-bb9d-f98a1dbeec0a,completed,2023-03-06 20:43:42.066461,,
6d78a349-8bf9-478d-b21a-ff9ae52dc8eb,completed,2023-03-06 20:43:42.066461,,
1dad4350-8f9e-4cf3-966c-8d0c0bdafd1e,completed,2023-03-06 20:43:42.066461,,
daf04acd-ca47-40cd-a03f-56c766a3bcd2,completed,2023-03-06 20:43:42.066461,,
2827e1c4-f8a2-45db-a94e-603f0cfc00c6,completed,2023-03-06 20:43:42.066461,,
f3826d80-4ecb-4b84-873b-6ebf52f0687c,completed,2023-03-06 20:43:42.066461,,
af2df635-50a8-4db8-8da1-039eca57618f,completed,2023-03-06 20:43:42.066461,,
75add337-f1cc-4640-ab2f-ab2e1047ebf1,completed,2023-03-06 20:43:42.066461,,
639122da-1d41-478c-888d-aacd9a762de8,completed,2023-03-06 20:43:42.066461,,
ed3496fe-f823-44e8-84b7-da53f938477b,completed,2023-03-06 20:43:42.066461,,
c6ad866e-4356-4fa9-8233-edd755a83213,completed,2023-03-06 20:43:42.066461,,
4d0d4dca-2edb-4cb2-b879-baa65eb68e8c,completed,2023-03-06 20:43:42.066461,,
409ddb99-ccad-4c9e-940a-21734fd49918,completed,2023-03-06 20:43:42.066461,,
fb943f64-a712-4e01-9f94-3dc39e778f2f,completed,2023-03-06 20:43:42.066461,,
5ed5ebf2-0e22-4175-961b-53cf7c8d6def,completed,2023-03-06 20:43:42.066461,,
de2e09dc-c9d7-425f-91ae-1289d6129f33,completed,2023-03-06 20:43:42.066461,,
42fdfe01-2725-44ee-aa68-44fbd210408d,completed,2023-03-06 20:43:42.066461,,
5a8d67c7-05f5-42b6-96d7-40525ae74142,completed,2023-03-06 20:43:42.066461,,
3d47a0f9-5448-42d8-b310-462e74938732,completed,2023-03-06 20:43:42.066461,,
f628adb3-8c78-4a90-a76e-96139a7fe50a,completed,2023-03-06 20:43:42.066461,,
8baaa539-425c-4425-af48-45d248d8ee2b,completed,2023-03-06 20:43:42.066461,,
6765ba56-6582-450c-b895-8f5216e4208b,completed,2023-03-06 20:43:42.066461,,
49b36b21-4360-4675-8096-ee421a53efab,completed,2023-03-06 20:43:42.066461,,
3bddd2c6-a9f5-42cf-bf1b-bfbc0bca361a,completed,2023-03-06 20:43:42.066461,,
3d1356e2-3db4-4335-a0d5-935000251f3b,completed,2023-03-06 20:43:42.066461,,
d4405f97-358c-4632-b5b2-4746e647a65b,completed,2023-03-06 20:43:42.066461,,
e25a408a-4125-4f93-a996-21a459914e3f,completed,2023-03-06 20:43:42.066461,,
46c65755-850b-4783-b1fa-1658d02be716,completed,2023-03-06 20:43:42.066461,,
0f38052f-757a-4dd8-88bb-1fa121d7092a,completed,2023-03-06 20:43:42.066461,,
a2dc238f-f83d-4932-b035-722412e38c88,completed,2023-03-06 20:43:42.066461,,
c9776fd7-516c-4838-a872-66427d2d84f9,completed,2023-03-06 20:43:42.066461,,
f7185502-0059-4152-be97-63c279113fe0,completed,2023-03-06 20:43:42.066461,,
bd5eef54-5de1-477a-b34b-ec147654cefd,completed,2023-03-06 20:43:42.066461,,
e2d22cf5-979e-4e5e-b609-f53fd7f1fa41,completed,2023-03-06 20:43:42.066461,,
77540e94-c556-4d76-967c-1725902d6ae9,completed,2023-03-06 20:43:42.066461,,
e162f8c0-7ecd-4bef-a2b4-83eeaa20ddb1,completed,2023-03-06 20:43:42.066461,,
21201cf0-9906-463a-8783-18e1313a7a93,completed,2023-03-06 20:43:42.066461,,
95a3caad-0c57-44e0-9198-000dc41a937d,completed,2023-03-06 20:43:42.066461,,
a2664e5e-69a5-4f83-b448-14953bfde735,completed,2023-03-06 20:43:42.066461,,
94a3adab-1f33-44a3-8d3c-27ab05ea9859,completed,2023-03-06 20:43:42.066461,,
bf887620-15ff-4171-8eb1-fb7e0045f233,completed,2023-03-06 20:43:42.066461,,
a367e98d-a53f-4d1e-9f1a-4878a896f974,completed,2023-03-06 20:43:42.066461,,
75b7bb86-150b-443d-bfc6-770542067bf3,completed,2023-03-06 20:43:42.066461,,
daa02a47-a523-406f-b0e7-4f295996ba61,completed,2023-03-06 20:43:42.066461,,
01c3f659-4af3-406c-9b17-b5a3464478e2,completed,2023-03-06 20:43:42.066461,,
e3ea6907-116f-4263-b7af-455e69da01dc,completed,2023-03-06 20:43:42.066461,,
a1383cfd-1704-42f1-98cf-5cb2dd9c5e33,completed,2023-03-06 20:43:42.066461,,
e262a786-7885-41f4-aeab-0f9f2da3ccd9,completed,2023-03-06 20:43:42.066461,,
c8077cbe-f13c-4bde-bcef-bb479da3e3af,completed,2023-03-06 20:43:42.066461,,
41eae66d-701c-419d-ad98-90314e45ff32,completed,2023-03-06 20:43:42.066461,,
1b838e27-19ea-41fa-81fd-dde8f342e42e,completed,2023-03-06 20:43:42.066461,,
cf8e706d-8a7a-4b84-9e97-b28ec823b165,completed,2023-03-06 20:43:42.066461,,
ed26c484-b5da-4e0f-8493-7387d781052f,completed,2023-03-06 20:43:42.066461,,
3fba322c-e1b0-45b5-86c6-52e798641445,completed,2023-03-06 20:43:42.066461,,
8b6968fb-df89-4f54-a585-848716c6066f,completed,2023-03-06 20:43:42.066461,,
05c56089-7728-42b6-b987-b8156cde746b,completed,2023-03-06 20:43:42.066461,,
c391ae24-a589-43ff-91fb-40423a5600dd,completed,2023-03-06 20:43:42.066461,,
e16ee8b1-5fd4-47e9-8699-a9f30791ef2e,completed,2023-03-06 20:43:42.066461,,
8e98cf2d-8053-482d-b1f1-073519896bb8,completed,2023-03-06 20:43:42.066461,,
45b56f74-4982-4dd5-b913-8f1300f1d80e,completed,2023-03-06 20:43:42.066461,,
75e5ba5b-28d7-46d5-b9be-77e5267524c7,completed,2023-03-06 20:43:42.066461,,
2d28e6cb-46b7-4c8f-9c5a-9fe9d5f5cb3b,completed,2023-03-06 20:43:42.066461,,
4f9b5841-4085-4901-b603-ed5552c13ee3,completed,2023-03-06 20:43:42.066461,,
ebafa315-0eca-4d39-8b33-accb44c4d232,completed,2023-03-06 20:43:42.066461,,
135f67bf-a71e-4d1c-baf6-9f8a7945e15e,completed,2023-03-06 20:43:42.066461,,
f88c11f4-78c2-41c4-8990-7bb645bc31b3,completed,2023-03-06 20:43:42.066461,,
f2f3276e-91f8-49de-a9ed-2d651a8093ba,completed,2023-03-06 20:43:42.066461,,
17b13f6b-9469-4e91-8451-84abadf47f5a,completed,2023-03-06 20:43:42.066461,,
3c5a0852-2308-4de0-9f32-3992a68190be,completed,2023-03-06 20:43:42.066461,,
876658bb-9de9-4669-9a1b-f0fd8a966729,completed,2023-03-06 20:43:42.066461,,
b64d88dd-f9c7-4b5c-8aa9-98d062df54d2,completed,2023-03-06 20:43:42.066461,,
5fa4647b-60fc-428a-b172-ad8e43a06114,completed,2023-03-06 20:43:42.066461,,
2fb603b4-905e-463d-94b5-6ee17b3c8705,completed,2023-03-06 20:43:42.066461,,
83450b92-5712-46e6-8d9f-fc8b56f4d5a2,completed,2023-03-06 20:43:42.066461,,
51633f70-6aa1-4bd1-9ded-e691356ed426,completed,2023-03-06 20:43:42.066461,,
c8756eac-2fa1-4396-b8a2-7c7bda0cb55c,completed,2023-03-06 20:43:42.066461,,
0ec8e500-847a-43bb-9e35-774792192a27,completed,2023-03-06 20:43:42.066461,,
2286ef59-cd65-42e5-aef1-3314c2b32af2,completed,2023-03-06 20:43:42.066461,,
c53f7c39-a45f-46a1-954e-c49da65258fb,completed,2023-03-06 20:43:42.066461,,
aea8fd54-a897-4b08-83dd-658fcfd84bab,completed,2023-03-06 20:43:42.066461,,
0463e310-1215-4fdd-81da-1b820df73415,completed,2023-03-06 20:43:42.066461,,
c8029a55-8aa2-4926-b8b4-59374751d81d,completed,2023-03-06 20:43:42.066461,,
b0f6b9d7-fdc1-4e88-96f7-1a9c8c33d7a8,completed,2023-03-06 20:43:42.066461,,
25c9e25b-bd89-4e78-9de3-bde176196896,completed,2023-03-06 20:43:42.066461,,
5dff9fbf-e9b1-4967-b3d9-c1a2813c46d1,completed,2023-03-06 20:43:42.066461,,
6c0c9745-8990-4303-89bd-00039831188f,completed,2023-03-06 20:43:42.066461,,
ca7964b7-66a3-41bf-a883-8019f80445a2,completed,2023-03-06 20:43:42.066461,,
eecfe3f4-6ded-4faa-bd39-c6f83dca3672,completed,2023-03-06 20:43:42.066461,,
bf3c9a87-6457-4187-963d-80ff8347900c,completed,2023-03-06 20:43:42.066461,,
6da00726-fc10-474c-9d8c-41909d0f7e08,completed,2023-03-06 20:43:42.066461,,
ce7bff6c-7e11-47b6-9135-e9812f661a7a,completed,2023-03-06 20:43:42.066461,,
99e759e9-eca8-44a7-857a-0d52102afb7d,completed,2023-03-06 20:43:42.066461,,
6504cf7e-cce8-4267-96d0-0ba124532aed,completed,2023-03-06 20:43:42.066461,,
7e465529-2aa6-44ad-90dc-9d18a59624ba,completed,2023-03-06 20:43:42.066461,,
3f137a82-9076-4b6e-9121-90d1c9700cae,completed,2023-03-06 20:43:42.066461,,
b84d8908-1440-4e12-94ea-37a656cd2826,completed,2023-03-06 20:43:42.066461,,
7ab849ae-a463-44c2-abe0-b9c6053c1d97,completed,2023-03-06 20:43:42.066461,,
8f62ba7a-f9f2-423f-973e-263bfabfd613,completed,2023-03-06 20:43:42.066461,,
44964e8b-6832-44b7-9a09-7933b4e0d051,completed,2023-03-06 20:43:42.066461,,
738e7000-40c2-4607-b4e5-0c3f3aa95f5e,completed,2023-03-06 20:43:42.066461,,
47350d8a-538b-48d3-a5c3-7050cca27d6b,completed,2023-03-06 20:43:42.066461,,
27cf0305-4670-4b4d-9fd9-7cd39e7d9acd,completed,2023-03-06 20:43:42.066461,,
b2fd6724-f793-45ca-be2b-a57e938cf6d1,completed,2023-03-06 20:43:42.066461,,
a1715021-9ee9-4b42-8b7f-e3572dcc604e,completed,2023-03-06 20:43:42.066461,,
3d434947-62f9-4fdc-9fd9-4404ea32afcf,completed,2023-03-06 20:43:42.066461,,
8d97104d-478a-4876-8c41-9f8e58516ec6,completed,2023-03-06 20:43:42.066461,,
22b5e195-d954-4bb3-9ec3-7be4a69fe7dc,completed,2023-03-06 20:43:42.066461,,
cc9c34bb-bcab-43d7-a112-9293e1ed5153,completed,2023-03-06 20:43:42.066461,,
9ca34a1b-6251-4136-b2ea-2a03671cda9e,completed,2023-03-06 20:43:42.066461,,
673235f3-e720-4b02-90a2-c4e42533e150,completed,2023-03-06 20:43:42.066461,,
a650c7a4-3e93-4747-b3b5-b20afacc7cda,completed,2023-03-06 20:43:42.066461,,
ba433ad4-fb64-48d2-a2f8-3e41ed1df273,completed,2023-03-06 20:43:42.066461,,
bd2b2a1a-855b-4e62-838a-b17d90a75928,completed,2023-03-06 20:43:42.066461,,
d7a5270f-5fc4-425a-832f-7b1c5eb8d36d,completed,2023-03-06 20:43:42.066461,,
216de2fa-9c0e-4ee1-9e85-91367d47bdaa,completed,2023-03-06 20:43:42.066461,,
09369db1-7158-4f7b-a0e2-bd59b83d4d35,completed,2023-03-06 20:43:42.066461,,
e3351a9d-5d31-48f6-985b-2c5581e474bb,completed,2023-03-06 20:43:42.066461,,
4ae245f7-d992-4282-b168-56b3613bb156,completed,2023-03-06 20:43:42.066461,,
5485f03e-b22a-45d9-a951-e0904135ed1f,completed,2023-03-06 20:43:42.066461,,
f3a7e90f-933c-4f35-b075-bf31e78cb439,completed,2023-03-06 20:43:42.066461,,
11d1066b-1c51-45a7-98ae-0fe584186036,completed,2023-03-06 20:43:42.066461,,
f8c67750-9101-4f0a-b8a7-9b371a02d502,completed,2023-03-06 20:43:42.066461,,
b855e76c-5025-4bea-a673-aaa8a4fa0201,completed,2023-03-06 20:43:42.066461,,
dee6b2dc-17bf-4c10-aefc-998e1a561744,completed,2023-03-06 20:43:42.066461,,
5eb15dd0-f6b6-4088-bfa8-a3b59599896c,completed,2023-03-06 20:43:42.066461,,
21285db4-cdfb-4b18-859a-6ccc209d88f2,completed,2023-03-06 20:43:42.066461,,
12517657-8983-4782-9b88-f9f0a8ec6eea,completed,2023-03-06 20:43:42.066461,,
9248064e-283a-418a-85c5-ef3e12bcf639,completed,2023-03-06 20:43:42.066461,,
a20520d8-16ac-471b-b191-dabb530ac724,completed,2023-03-06 20:43:42.066461,,
96ef8423-85dd-4dca-9c13-4024f9c23813,completed,2023-03-06 20:43:42.066461,,
48bf544d-868c-4ca8-ae03-b09757116784,completed,2023-03-06 20:43:42.066461,,
040e9552-78e9-4e18-b5f0-443a02671b4b,completed,2023-03-06 20:43:42.066461,,
33664eb6-63df-4716-89e2-332daf57d0ae,completed,2023-03-06 20:43:42.066461,,
a8ecf7a1-707a-4171-9c61-600d087dad05,completed,2023-03-06 20:43:42.066461,,
69fee80d-f402-429d-ade5-2280b7414ad0,completed,2023-03-06 20:43:42.066461,,
e5c2505e-38a3-45a7-8bae-5d241d11d652,completed,2023-03-06 20:43:42.066461,,
26baa27c-165f-4c29-90fe-245fb4d10dc4,completed,2023-03-06 20:43:42.066461,,
b78ebbe5-eacb-4cd1-ab10-cc0ed41d57ef,completed,2023-03-06 20:43:42.066461,,
501deb5d-e562-4cfa-91d9-246ebb62efb9,completed,2023-03-06 20:43:42.066461,,
2e70021e-8f26-4f9c-8f2e-19f6741c094a,completed,2023-03-06 20:43:42.066461,,
a9bcd8dd-0b55-44f7-a098-a081581e3ef7,completed,2023-03-06 20:43:42.066461,,
e8a8d3e8-633c-48c0-be30-201f376ec0b0,completed,2023-03-06 20:43:42.066461,,
0cd5ac9a-8e14-4ea2-a2fe-a156e94b9d4f,completed,2023-03-06 20:43:42.066461,,
5a379355-5f2f-4695-b9e9-a5caa489b67c,completed,2023-03-06 20:43:42.066461,,
a95912ab-7d39-4b8a-a8f0-e02291fc2f83,completed,2023-03-06 20:43:42.066461,,
2128dce1-37d8-4152-9206-9bdca3a330bd,completed,2023-03-06 20:43:42.066461,,
aba90ede-4314-4ed4-beeb-cb5f2d3e462e,completed,2023-03-06 20:43:42.066461,,
e80f0e06-9452-48da-bfb3-88b561025db3,completed,2023-03-06 20:43:42.066461,,
73a78fcf-c6c4-4e24-ab4a-a7ae81fa1281,completed,2023-03-06 20:43:42.066461,,
b65552f0-4079-43cb-9b07-36cc8813ad57,completed,2023-03-06 20:43:42.066461,,
f4708795-9670-416c-afb1-8f0cfdfc7557,completed,2023-03-06 20:43:42.066461,,
1418175a-2d34-40bc-95e3-f1f87774428d,completed,2023-03-06 20:43:42.066461,,
59da33e8-4813-437e-a223-c8519397faf0,completed,2023-03-06 20:43:42.066461,,
b7f2a8d6-96ff-4a96-bd62-935a8d0d7503,completed,2023-03-06 20:43:42.066461,,
53b36e42-4536-4714-8d70-98b622000f56,completed,2023-03-06 20:43:42.066461,,
198bbbbf-7736-431f-893c-7989c42fdf3c,completed,2023-03-06 20:43:42.066461,,
69bbaa4a-3907-4360-902d-92483e1c171c,completed,2023-03-06 20:43:42.066461,,
75544bcf-a730-4e4a-9157-d7f0a066c2b1,completed,2023-03-06 20:43:42.066461,,
264f919c-ef47-42b4-838d-22b5f9ded6e7,completed,2023-03-06 20:43:42.066461,,
35c94b11-4dd8-449b-8107-b8078c10d55e,completed,2023-03-06 20:43:42.066461,,
8b8f6db7-5db2-4fac-92aa-5a2a88a3a799,completed,2023-03-06 20:43:42.066461,,
90cd524a-a41b-4a64-bb70-a121d62f5fcc,completed,2023-03-06 20:43:42.066461,,
94ee0dab-0623-441d-9a1f-20f486ade198,completed,2023-03-06 20:43:42.066461,,
c153f107-cb22-4750-b2de-b6ed5f1d1486,completed,2023-03-06 20:43:42.066461,,
4a71c3bd-4152-4c8e-bd3d-e0479f859408,completed,2023-03-06 20:43:42.066461,,
d7d28b8c-05c1-4ecf-9a8b-ad29bd851302,completed,2023-03-06 20:43:42.066461,,
38364ee7-a78a-4f61-b96d-55a5d272bb84,completed,2023-03-06 20:43:42.066461,,
a6f66aee-73ec-4aa0-8240-04a736a2cbbe,completed,2023-03-06 20:43:42.066461,,
e62ca297-78b9-493a-a60d-03c0fdb37995,completed,2023-03-06 20:43:42.066461,,
52c7addd-3dde-4b71-a363-400979dd4122,completed,2023-03-06 20:43:42.066461,,
485df256-33f7-4eea-b3e5-1b851398e682,completed,2023-03-06 20:43:42.066461,,
45c2d6da-2510-4194-bc64-567b39234a56,completed,2023-03-06 20:43:42.066461,,
dbc8e12d-bc35-4054-b86b-85bb638a5216,completed,2023-03-06 20:43:42.066461,,
beedef73-0b04-4a2c-9fb0-57270d48bf26,completed,2023-03-06 20:43:42.066461,,
680c06f0-189d-46fd-a1b9-928c69851a04,completed,2023-03-06 20:43:42.066461,,
785ddb37-b4ec-4d57-ab5c-7ba55cd69fe6,completed,2023-03-06 20:43:42.066461,,
d0e6439a-30b9-4220-a49c-0eac3539ad42,completed,2023-03-06 20:43:42.066461,,
8e13186d-2709-4486-a2ad-6e0e2e2c9a8a,completed,2023-03-06 20:43:42.066461,,
db139e85-c0c7-4638-8c01-027528802a79,completed,2023-03-06 20:43:42.066461,,
61cbd609-6b4c-42c7-bada-33c402f58807,completed,2023-03-06 20:43:42.066461,,
eb504c61-139c-4c5b-81fb-1780e0d435c0,completed,2023-03-06 20:43:42.066461,,
a24d829a-2b4b-4690-aab2-e5d1fe7d0fc7,completed,2023-03-06 20:43:42.066461,,
003a2ff6-427d-47a4-896e-22c6b8018f6b,completed,2023-03-06 20:43:42.066461,,
5563c07d-4f5c-4149-be6e-9f7da49ed66c,completed,2023-03-06 20:43:42.066461,,
48fbd647-2c24-43fb-bf4c-c715a3dc033d,completed,2023-03-06 20:43:42.066461,,
7d54f7a4-fae8-409f-a20f-6cad5c550f76,completed,2023-03-06 20:43:42.066461,,
b330e079-bb19-4406-a79f-1984fb6970ac,completed,2023-03-06 20:43:42.066461,,
3b8d0b85-a5fd-4d54-8f23-10b50933f642,completed,2023-03-06 20:43:42.066461,,
c475e0b9-022a-4e57-bf8e-4db668a7128e,completed,2023-03-06 20:43:42.066461,,
eb12f9fa-9ea7-466b-b9a6-7ef2c0e4f710,completed,2023-03-06 20:43:42.066461,,
b63898c7-2a43-46a7-b21f-8afcbd32c6f5,completed,2023-03-06 20:43:42.066461,,
e5582e6c-1939-4f1f-80e9-7fa3bfa41b01,completed,2023-03-06 20:43:42.066461,,
85a32efb-4b27-4d24-ae48-2c91aa964889,completed,2023-03-06 20:43:42.066461,,
33d4cccf-a4fd-4cfb-ba62-eba24cfbe231,completed,2023-03-06 20:43:42.066461,,
c354c643-99b3-40d9-b196-1e91055ec18e,completed,2023-03-06 20:43:42.066461,,
661f2179-b640-4b6e-94dc-0e8e70d37416,completed,2023-03-06 20:43:42.066461,,
de7841c7-59a8-4bef-a18f-867420145484,completed,2023-03-06 20:43:42.066461,,
a83a4e46-fc0a-4cb4-b63b-1376c2b4399c,completed,2023-03-06 20:43:42.066461,,
8defb0a2-f32f-4b3d-ba34-35b376441a7f,completed,2023-03-06 20:43:42.066461,,
b8642817-2169-43a9-90cb-071f5e3c5cdb,completed,2023-03-06 20:43:42.066461,,
c9ccdc00-12c2-4175-aaba-5d7ae00a63ca,completed,2023-03-06 20:43:42.066461,,
feb1adf0-445b-4f3c-a5d1-7c970bb2199b,completed,2023-03-06 20:43:42.066461,,
5f3fa56e-cd84-4769-9591-087b23f2aa96,completed,2023-03-06 20:43:42.066461,,
d1eec644-b92b-476f-8a88-3dc0757841a0,completed,2023-03-06 20:43:42.066461,,
d1cdafc2-39e6-4833-b62d-4358e1382e6c,completed,2023-03-06 20:43:42.066461,,
4d6cf3a2-bb9e-464d-ab97-70199240171f,completed,2023-03-06 20:43:42.066461,,
cfa82cee-2b14-4704-8817-82e170d94040,completed,2023-03-06 20:43:42.066461,,
f90a301d-c603-471a-a9d3-d46c426b7680,completed,2023-03-06 20:43:42.066461,,
d093f3ac-5eb1-4360-9f06-349320242664,completed,2023-03-06 20:43:42.066461,,
6d2d7a69-032a-482f-9aa6-1c54583b759a,completed,2023-03-06 20:43:42.066461,,
991f1900-b6dc-4060-869c-ac7f28f4a924,completed,2023-03-06 20:43:42.066461,,
7ff6c5e2-3b09-4d94-a509-ca037051a5d8,completed,2023-03-06 20:43:42.066461,,
6c1b458d-8149-491f-907a-5c29d45fde0d,completed,2023-03-06 20:43:42.066461,,
99431707-bef1-4f12-b083-e65a27a494c9,completed,2023-03-06 20:43:42.066461,,
517fdaef-d956-40ae-9af9-2883d265895b,completed,2023-03-06 20:43:42.066461,,
36dd50c1-7e0c-42f6-9f08-69d022c91c9c,completed,2023-03-06 20:43:42.066461,,
60eb9ca3-abd5-41f7-81e1-d363b101d15b,completed,2023-03-06 20:43:42.066461,,
314ac3c4-c680-4600-b9af-6b283a809c6c,completed,2023-03-06 20:43:42.066461,,
e58bb8b6-3811-4830-8256-01967b5be199,completed,2023-03-06 20:43:42.066461,,
d1b196e0-c9cb-4760-8593-350461444d51,completed,2023-03-06 20:43:42.066461,,
c7819468-564a-4ce5-a065-9be94774c760,completed,2023-03-06 20:43:42.066461,,
b36e677c-047f-4cbd-a682-c0f9560ef7f7,completed,2023-03-06 20:43:42.066461,,
0e2dcff0-42ee-4bc9-8e32-9a7c07de5897,completed,2023-03-06 20:43:42.066461,,
19dc8125-1dc2-49ba-bf44-4d4cb93ca0cc,completed,2023-03-06 20:43:42.066461,,
054ad136-53d8-4bdd-ad2d-1099ec24eeb5,completed,2023-03-06 20:43:42.066461,,
e399ddff-5465-4a64-b377-eb0af7842932,completed,2023-03-06 20:43:42.066461,,
f2b0537f-2b45-46e9-bb91-85293912d8d1,completed,2023-03-06 20:43:42.066461,,
43f866bf-546e-4005-9ceb-ad1ec93e9b87,completed,2023-03-06 20:43:42.066461,,
cb579b85-2fe5-41a2-82ef-b5d7a1720a7b,completed,2023-03-06 20:43:42.066461,,
60612144-b095-4957-89ec-1b6a06054aa6,completed,2023-03-06 20:43:42.066461,,
551e7604-f631-47a3-9f1d-933f1d5daa63,completed,2023-03-06 20:43:42.066461,,
25907563-0b3f-4719-9815-1827193f6ae1,completed,2023-03-06 20:43:42.066461,,
c67e5da7-41ee-4de1-b991-cfce02d22c89,completed,2023-03-06 20:43:42.066461,,
b95236e5-6ab4-4057-8cb5-a3af7a76b663,completed,2023-03-06 20:43:42.066461,,
defbc205-f947-4521-b68e-1fc1942302e3,completed,2023-03-06 20:43:42.066461,,
694fbc56-6599-4e5a-86c1-042f1d2a1167,completed,2023-03-06 20:43:42.066461,,
ff6948eb-78e8-46a7-b3f3-536793772159,completed,2023-03-06 20:43:42.066461,,
73a0bfe0-ccd8-4093-aff2-e4d83b78f7fe,completed,2023-03-06 20:43:42.066461,,
d7085211-4bb8-473a-a579-495de1fabdc6,completed,2023-03-06 20:43:42.066461,,
aafc0ce2-8e98-4257-9c36-6d5bee4a60e5,completed,2023-03-06 20:43:42.066461,,
02694bfa-07bd-4484-a399-f0a052e6f7e0,completed,2023-03-06 20:43:42.066461,,
11252417-6097-467a-971d-2a013c844de8,completed,2023-03-06 20:43:42.066461,,
cc15d8e5-a204-4437-b193-aeac9f6264ac,completed,2023-03-06 20:43:42.066461,,
93139d6d-d151-4389-affe-aa0b1a2e7ff1,completed,2023-03-06 20:43:42.066461,,
9a696f8d-9f46-4738-925c-3ec4aaef5efa,completed,2023-03-06 20:43:42.066461,,
d4b972c7-34e0-49c8-a032-76d56e409e71,completed,2023-03-06 20:43:42.066461,,
0b2f644a-f15a-4e00-90be-813ec5eb132f,completed,2023-03-06 20:43:42.066461,,
4040468c-771e-4abc-91ec-b67d1cbc9f83,completed,2023-03-06 20:43:42.066461,,
2b3eb59c-b90c-4746-9f66-6ef791182feb,completed,2023-03-06 20:43:42.066461,,
ffc3e126-87a8-46da-8c8e-c5e08f480ebe,completed,2023-03-06 20:43:42.066461,,
c7d95597-669c-4102-af48-2e39b6fd30e3,completed,2023-03-06 20:43:42.066461,,
139b104f-dec4-4e3b-a384-24bab21bb463,completed,2023-03-06 20:43:42.066461,,
b241f59a-0ccc-45c9-a3a0-ee0132b50205,completed,2023-03-06 20:43:42.066461,,
d3bfd311-4abc-4fb4-9465-c97227e98064,completed,2023-03-06 20:43:42.066461,,
4cab1d5f-4b1b-41f4-a5ee-cbf1e8de1920,completed,2023-03-06 20:43:42.066461,,
baf90870-99b1-4613-9eea-5fb6655dbb8e,completed,2023-03-06 20:43:42.066461,,
93a731e1-0133-4449-9973-7d4f71bbbcad,completed,2023-03-06 20:43:42.066461,,
757837db-7e4c-4f31-8ba4-d1e9e477ecef,completed,2023-03-06 20:43:42.066461,,
5d53a126-faf5-4f6e-a876-bcab24723c5b,completed,2023-03-06 20:43:42.066461,,
5dd90f05-6139-448c-8f8a-31ec6aaf9ed1,completed,2023-03-06 20:43:42.066461,,
80228c67-df32-4495-bd6f-8cfd2fa8ea74,completed,2023-03-06 20:43:42.066461,,
d7b57c7c-b1bc-4e98-b8eb-660d1a4d3ede,completed,2023-03-06 20:43:42.066461,,
03822202-b9db-45a3-b54f-a48334463a2d,completed,2023-03-06 20:43:42.066461,,
729e6d1d-af86-4763-92e1-d11cab4c80b7,completed,2023-03-06 20:43:42.066461,,
35024ea3-8a86-4918-ad86-7bd1fdd193ad,completed,2023-03-06 20:43:42.066461,,
ed237b7a-1a70-4555-9d08-21c2c682b372,completed,2023-03-06 20:43:42.066461,,
bd1b3d4d-b99d-4488-9995-9ebe4636e264,completed,2023-03-06 20:43:42.066461,,
9e9a81c8-a394-45e9-a13b-0f9ea97c2f64,completed,2023-03-06 20:43:42.066461,,
a97961e7-3eab-4ffd-bd6f-c8db20e22b83,completed,2023-03-06 20:43:42.066461,,
0de5acd4-bf02-4e01-bfdf-1b7752681225,completed,2023-03-06 20:43:42.066461,,
0f962b4b-6394-4a22-baee-0b811e274c06,completed,2023-03-06 20:43:42.066461,,
52131e06-68c8-42e3-a02e-35b9f4c28dad,completed,2023-03-06 20:43:42.066461,,
5ed46a50-6bcf-44d1-b4d1-f9ed774ccafb,completed,2023-03-06 20:43:42.066461,,
664154fb-5f32-46ea-a910-a9528ac3b9e8,completed,2023-03-06 20:43:42.066461,,
0b3326de-c0bb-4562-8174-4672754730b2,completed,2023-03-06 20:43:42.066461,,
d61ca16b-987b-4ad7-968f-0cfeee1ecd80,completed,2023-03-06 20:43:42.066461,,
c211455b-e3d5-4db7-bbfd-7f7cf34b1a86,completed,2023-03-06 20:43:42.066461,,
622ce50c-9c02-4397-a750-31b331b563be,completed,2023-03-06 20:43:42.066461,,
6cec25fe-2e51-4d05-bb8e-c6d09ab889b7,completed,2023-03-06 20:43:42.066461,,
98981bc5-ed5f-4571-a1f8-e4a312e7794f,completed,2023-03-06 20:43:42.066461,,
827df40a-8f16-473f-bdfe-07b71ebb3977,completed,2023-03-06 20:43:42.066461,,
a752a652-1327-44ff-a3bd-d8e1d6592bae,completed,2023-03-06 20:43:42.066461,,
bd8284f1-8974-4d9b-9ea8-c946022e18e5,completed,2023-03-06 20:43:42.066461,,
4ae18837-b5b7-440d-baf9-eb698e1aeb07,completed,2023-03-06 20:43:42.066461,,
1f88e1a4-12e9-4d1f-abe7-a50d806d370a,completed,2023-03-06 20:43:42.066461,,
fdf7e2da-9131-4078-a5fb-10cfa410505a,completed,2023-03-06 20:43:42.066461,,
12e45c16-ccba-4cab-b52f-97701df16117,completed,2023-03-06 20:43:42.066461,,
e4c8f272-f36a-480d-a243-54edf9cb2396,completed,2023-03-06 20:43:42.066461,,
b95de426-ff0a-4465-9b1b-45bca518d3df,completed,2023-03-06 20:43:42.066461,,
c483969f-8c4b-4b97-8bd5-1a00cb5186a2,completed,2023-03-06 20:43:42.066461,,
e8f6bce3-06d8-4ef2-b139-d92f27c3bae6,completed,2023-03-06 20:43:42.066461,,
9ead01ee-3e87-49f3-a044-914626a62463,completed,2023-03-06 20:43:42.066461,,
ca1e7019-7704-49fe-a42f-65294a6df5c5,completed,2023-03-06 20:43:42.066461,,
995148a9-a015-455f-ad99-a378017424b3,completed,2023-03-06 20:43:42.066461,,
a2f3af69-e39d-49f9-817b-361a71378526,completed,2023-03-06 20:43:42.066461,,
3095f72e-81f6-4ada-88f2-94296a33dd78,completed,2023-03-06 20:43:42.066461,,
362481af-132a-4cde-b209-d250e7d37c57,completed,2023-03-06 20:43:42.066461,,
ba663c89-2182-4daf-9043-b3ae986dcaec,completed,2023-03-06 20:43:42.066461,,
9792aa7e-33ea-413d-9d9e-41b9a47f9ccb,completed,2023-03-06 20:43:42.066461,,
17b94829-2b5a-4a86-b816-122bc27558a7,completed,2023-03-06 20:43:42.066461,,
a5dbf1eb-fa87-4e5a-a330-0255a3e4e6be,completed,2023-03-06 20:43:42.066461,,
5fd386da-a6af-4945-b05e-ef67770fbaf2,completed,2023-03-06 20:43:42.066461,,
83eab16f-d9a4-469f-ab73-86739f9b811f,completed,2023-03-06 20:43:42.066461,,
150a2a8d-d102-46ae-8a41-9c9379e9466b,completed,2023-03-06 20:43:42.066461,,
450f64d2-fb9a-4220-99e2-20058641144f,completed,2023-03-06 20:43:42.066461,,
407b4536-80ad-419f-b307-ac277f20b465,completed,2023-03-06 20:43:42.066461,,
504e6aab-8c6c-4830-85f6-e4e410398fd1,completed,2023-03-06 20:43:42.066461,,
586b026d-f602-4675-abeb-5d58ff08e467,completed,2023-03-06 20:43:42.066461,,
c645e41b-e3d3-4c8d-af01-1dc7300fb169,completed,2023-03-06 20:43:42.066461,,
c377b2e2-3d53-4473-a974-ed9d244dbb4f,completed,2023-03-06 20:43:42.066461,,
227cff42-d804-4975-aa36-53851f6f35ef,completed,2023-03-06 20:43:42.066461,,
ef5e6d4d-02ed-4f16-9973-bada583f2534,completed,2023-03-06 20:43:42.066461,,
eb4fb7ec-fe31-45bf-a48a-3b5030cd889a,completed,2023-03-06 20:43:42.066461,,
8abdcbba-6bc4-42ff-97c4-828fc42728b4,completed,2023-03-06 20:43:42.066461,,
b9069414-e2eb-41ae-a8c0-d2b52954266b,completed,2023-03-06 20:43:42.066461,,
6cc193d1-d82f-4621-b3ed-ad5e150216ea,completed,2023-03-06 20:43:42.066461,,
6768f8c7-f1e1-4970-a770-7baa188955c3,completed,2023-03-06 20:43:42.066461,,
6f06f9f6-e688-4415-a0c1-713ca55f72c1,completed,2023-03-06 20:43:42.066461,,
0520898a-7d49-4fa6-9567-884d34e25ecc,completed,2023-03-06 20:43:42.066461,,
2388d0cb-16c7-4b74-9ad2-3c95a3d63195,completed,2023-03-06 20:43:42.066461,,
e758ccdb-779c-4da5-8c28-de111c5141eb,completed,2023-03-06 20:43:42.066461,,
4575ca68-359d-403f-9310-9aca0da1ce03,completed,2023-03-06 20:43:42.066461,,
5a619a88-42e8-4c26-83ef-181b7e95670d,completed,2023-03-06 20:43:42.066461,,
bc52d554-351e-48c3-b97b-4bc61bd0ddaa,completed,2023-03-06 20:43:42.066461,,
09cfb2b7-65a8-44df-ae34-f28812bb2659,completed,2023-03-06 20:43:42.066461,,
136c89f5-46fd-4d63-afc0-1cdca446cf25,completed,2023-03-06 20:43:42.066461,,
c8cb79f1-51ea-4ae5-98b9-53da627201b7,completed,2023-03-06 20:43:42.066461,,
d8509483-c404-4882-ae45-61b6d270d6be,completed,2023-03-06 20:43:42.066461,,
f801c92f-0c67-4218-adac-49d6d9ace15e,completed,2023-03-06 20:43:42.066461,,
5d055c2d-59a4-44a3-a969-fbba4beda404,completed,2023-03-06 20:43:42.066461,,
daed8610-1fc1-4aa0-a558-468b7222bb43,completed,2023-03-06 20:43:42.066461,,
6982356c-0960-449f-84a4-df23095d21ae,completed,2023-03-06 20:43:42.066461,,
6741e55d-ae10-426f-b04b-8975dcfa86c6,completed,2023-03-06 20:43:42.066461,,
6ecb51b7-10d1-45f1-89b4-a9a1ca1c973b,completed,2023-03-06 20:43:42.066461,,
75760c42-eb96-40a9-874a-5cbe27f22245,completed,2023-03-06 20:43:42.066461,,
9ef01d0e-6c79-412f-9df5-75ccd7f9f69b,completed,2023-03-06 20:43:42.066461,,
0ad89af1-7556-42cf-beb0-e41dc5de2b57,completed,2023-03-06 20:43:42.066461,,
d2f5e649-74c8-4173-a7c9-465081e53300,completed,2023-03-06 20:43:42.066461,,
63ce17bc-0494-4eb0-bd2d-c02601356af9,completed,2023-03-06 20:43:42.066461,,
9f732e67-0eca-49bb-9ac1-0f9465628ae7,completed,2023-03-06 20:43:42.066461,,
4f0de56a-591d-4132-8fef-df898743e8b1,completed,2023-03-06 20:43:42.066461,,
891071e4-8063-4fcb-aad4-375662e965ba,completed,2023-03-06 20:43:42.066461,,
a7099d8e-1de3-4bae-a4a6-ab9952c36bc4,completed,2023-03-06 20:43:42.066461,,
b1350563-5574-45a5-ba62-abd31efdb817,completed,2023-03-06 20:43:42.066461,,
bd2d95cf-7373-4866-897f-6262c588c295,completed,2023-03-06 20:43:42.066461,,
ef3d681d-1d01-48c8-98da-ba4c8e58dc86,completed,2023-03-06 20:43:42.066461,,
be6f0143-5f6d-47cf-b3de-558da285a856,completed,2023-03-06 20:43:42.066461,,
2f670b47-8118-4f8b-a06b-efc46c26fb35,completed,2023-03-06 20:43:42.066461,,
7fa3976a-b902-4bcd-8491-bde7c880df35,completed,2023-03-06 20:43:42.066461,,
75686e24-4ace-4ff3-91d2-9bbf7b4593b0,completed,2023-03-06 20:43:42.066461,,
cbfb6a7c-e680-43ad-a121-614539612277,completed,2023-03-06 20:43:42.066461,,
56e95d14-3171-4beb-b421-08d8f99c62f9,completed,2023-03-06 20:43:42.066461,,
77e5c58a-9784-4809-babf-d9fcef55de4d,completed,2023-03-06 20:43:42.066461,,
5c4e2303-9e5c-45b2-ba2d-86293834296f,completed,2023-03-06 20:43:42.066461,,
8b5eae55-2c14-478f-a0b7-d61d24cbce03,completed,2023-03-06 20:43:42.066461,,
e0d94327-ce41-4b73-b94b-b8d61939e959,completed,2023-03-06 20:43:42.066461,,
962b4f5e-d292-4bd2-9815-0987ef95fcd9,completed,2023-03-06 20:43:42.066461,,
c9a544f0-55a2-499c-9007-69b7a777952c,completed,2023-03-06 20:43:42.066461,,
6f8d26a1-30ff-4205-8787-3ef8a5c21106,completed,2023-03-06 20:43:42.066461,,
6310e84f-5fa2-466c-9092-e631019113ed,completed,2023-03-06 20:43:42.066461,,
ee91d66c-a221-4114-bd38-9aa7cc44d58e,completed,2023-03-06 20:43:42.066461,,
440fabe6-18e3-4b42-b986-ff52b170c510,completed,2023-03-06 20:43:42.066461,,
9372cb64-74a5-4969-9fb1-4f874c9e3de5,completed,2023-03-06 20:43:42.066461,,
db7f8aaf-da83-49e5-a4ee-84c14adca235,completed,2023-03-06 20:43:42.066461,,
aaa5a32b-cf12-4832-87dd-82d00707c7a0,completed,2023-03-06 20:43:42.066461,,
6cfe9642-f24d-4ab8-928a-84e62e048336,completed,2023-03-06 20:43:42.066461,,
ea967d92-2940-4139-b389-a510a973adea,completed,2023-03-06 20:43:42.066461,,
84b24195-a43d-44e0-91cd-0fc9a94c5b60,completed,2023-03-06 20:43:42.066461,,
6317850b-8c10-45a2-8562-884e533178a9,completed,2023-03-06 20:43:42.066461,,
098bde3b-99f6-4a36-aac8-fee67c1cea95,completed,2023-03-06 20:43:42.066461,,
deb0c20a-719f-4369-b03d-3f015f48c7c1,completed,2023-03-06 20:43:42.066461,,
5b3c4cc3-d0b5-40dc-afb5-f36f2d1d9c2d,completed,2023-03-06 20:43:42.066461,,
67af4c54-d2c5-42b6-a1f6-e33cd2b88d5e,completed,2023-03-06 20:43:42.066461,,
2ee6bd90-b8dd-4dfa-9ca6-df119b34f7c7,completed,2023-03-06 20:43:42.066461,,
b76cdc5f-00b9-4f7c-9296-305617d5133f,completed,2023-03-06 20:43:42.066461,,
c315bfd6-d7c0-436d-8b36-0234c9644f27,completed,2023-03-06 20:43:42.066461,,
96bb33d3-0ca4-4c8f-bc66-9e1d1f143c1c,completed,2023-03-06 20:43:42.066461,,
c2c894f5-b0dd-428d-9e7e-4984b9d44a6c,completed,2023-03-06 20:43:42.066461,,
fd03f0d7-4fcc-4307-af7d-0634d86e3455,completed,2023-03-06 20:43:42.066461,,
3e140729-1113-47d2-bf70-ecbcbf5f6ee8,completed,2023-03-06 20:43:42.066461,,
0bf1855d-db12-4aa6-8c8f-e69eb4db2911,completed,2023-03-06 20:43:42.066461,,
3425ab25-ef9b-4738-9850-932aa95dc13a,completed,2023-03-06 20:43:42.066461,,
6e6f72f3-09c1-4a25-a7d7-056baea88fcf,completed,2023-03-06 20:43:42.066461,,
fd2cc270-61b4-4ec6-a94a-68cc385bd4b5,completed,2023-03-06 20:43:42.066461,,
81a809cd-ebd3-4cf0-ba6e-ff7d5a768ce0,completed,2023-03-06 20:43:42.066461,,
8a8b1995-0091-4fde-ae50-e18dd0efab42,completed,2023-03-06 20:43:42.066461,,
41725b35-aea4-45e9-bf69-6f94b4f2331e,completed,2023-03-06 20:43:42.066461,,
18b7cf11-37ee-4b11-97ca-dfbc73aa022e,completed,2023-03-06 20:43:42.066461,,
7807b240-dc27-4485-b834-8d02485140b1,completed,2023-03-06 20:43:42.066461,,
2d9018a5-1e6f-4afd-b1c8-091ddab5b77c,completed,2023-03-06 20:43:42.066461,,
839ba91a-28cf-471f-b4b9-05db3fbccb20,completed,2023-03-06 20:43:42.066461,,
ef7d88f2-726d-4d08-bd85-79e953483958,completed,2023-03-06 20:43:42.066461,,
f8ce0b4f-b41a-4db2-bd57-ca34fe6afb30,completed,2023-03-06 20:43:42.066461,,
ce56c4bf-8379-41e2-a479-e2888ee7ea40,completed,2023-03-06 20:43:42.066461,,
40f1e10e-a8a1-4053-931c-379aa4e93fab,completed,2023-03-06 20:43:42.066461,,
0f69f09c-a4f6-47db-abcd-79ae65d2278b,completed,2023-03-06 20:43:42.066461,,
0d672b58-9384-4c6d-9c6b-e5846c8f7a18,completed,2023-03-06 20:43:42.066461,,
e3095ced-f783-4495-8b0a-594ea7e64218,completed,2023-03-06 20:43:42.066461,,
ae0a485e-5ab2-4993-9932-3634d43caade,completed,2023-03-06 20:43:42.066461,,
bacc8908-0647-46ad-bbb3-e5f9a9e487b5,completed,2023-03-06 20:43:42.066461,,
a807b3dd-cd1b-4979-8d43-d881f48c9d1a,completed,2023-03-06 20:43:42.066461,,
a39dc87e-3440-4f3e-bfc3-fd743ce45099,completed,2023-03-06 20:43:42.066461,,
43fce427-c628-4102-a78a-ffedc1ec6dff,completed,2023-03-06 20:43:42.066461,,
f5e4aba2-ae02-4212-aed3-8f54c475aa29,completed,2023-03-06 20:43:42.066461,,
631b17a0-0c43-4a0d-9299-70cc60e1d1a2,completed,2023-03-06 20:43:42.066461,,
350e1e2d-5b14-4758-87a3-e74b84946719,completed,2023-03-06 20:43:42.066461,,
6207a9a1-60cc-442f-ba0f-5d77c3fbdcee,completed,2023-03-06 20:43:42.066461,,
ca09d0db-ea3b-44a3-9549-7505d3cef344,completed,2023-03-06 20:43:42.066461,,
07bd8220-4389-4b8c-9a78-00e3caee6c2f,completed,2023-03-06 20:43:42.066461,,
2b824146-850b-4046-895b-2862d3332648,completed,2023-03-06 20:43:42.066461,,
6f76cf78-8ecd-4d6a-b8a4-b232cf217ca0,completed,2023-03-06 20:43:42.066461,,
5b8a5348-2b17-4b0b-b141-bf94b1eaa218,completed,2023-03-06 20:43:42.066461,,
598d2050-c497-426a-9026-b998f48d11f6,completed,2023-03-06 20:43:42.066461,,
039686af-d751-4b2a-a62b-c6b5057d01a4,completed,2023-03-06 20:43:42.066461,,
8ef9ccd7-2ef9-4d87-ae72-e858fbbc105a,completed,2023-03-06 20:43:42.066461,,
a84da608-dc43-4dc1-8d18-384c401e9723,completed,2023-03-06 20:43:42.066461,,
e014b42e-d001-443a-9dd5-104a3e6432e6,completed,2023-03-06 20:43:42.066461,,
6bfbc6f9-395c-4341-ad52-a329d4412a73,completed,2023-03-06 20:43:42.066461,,
e9e2d37a-212a-41f5-9461-d42be2973bec,completed,2023-03-06 20:43:42.066461,,
92e45f30-bbee-4b1f-9b55-51575fb82f46,completed,2023-03-06 20:43:42.066461,,
e12eed48-c592-4c21-828e-bd6fe4e03d05,completed,2023-03-06 20:43:42.066461,,
90fc6226-500f-42cd-a8ae-bcc2c0033000,completed,2023-03-06 20:43:42.066461,,
03030d81-e7a9-48e8-90c8-7fae470f9a4f,completed,2023-03-06 20:43:42.066461,,
9fc96675-a135-4a3d-9e3b-c926d657d3ee,completed,2023-03-06 20:43:42.066461,,
f69f8ed3-a8b2-46a8-8ba2-df41628f45aa,completed,2023-03-06 20:43:42.066461,,
d3da1666-2296-4411-ad77-95b93cffc860,completed,2023-03-06 20:43:42.066461,,
53b471a7-700a-40bf-9c90-0a12f1d34e2a,completed,2023-03-06 20:43:42.066461,,
10ce6d92-42af-4b7b-9589-647c9a07e922,completed,2023-03-06 20:43:42.066461,,
29a5649f-d961-4341-bb96-100badcb21cf,completed,2023-03-06 20:43:42.066461,,
8e3d1453-382a-4c7f-b165-461ccceb166c,completed,2023-03-06 20:43:42.066461,,
564d76d2-dcdd-4316-9b5b-7a5a5f10641a,completed,2023-03-06 20:43:42.066461,,
d3505d5d-3447-41a9-8e8a-4f7387fa5226,completed,2023-03-06 20:43:42.066461,,
26fe4e98-1c7a-4962-96b4-7894873b85ac,completed,2023-03-06 20:43:42.066461,,
1cd08af5-985c-4e2c-b524-6dde0d97f9d0,completed,2023-03-06 20:43:42.066461,,
aecd48b5-3264-408b-a326-7dd62c35cd45,completed,2023-03-06 20:43:42.066461,,
5101a7f7-4fc0-4139-8e25-96e1d2cc1005,completed,2023-03-06 20:43:42.066461,,
6213235a-f072-4696-9f43-4cd8043a2b8e,completed,2023-03-06 20:43:42.066461,,
7dd147ee-f950-4b16-b060-5621ddeaf25c,completed,2023-03-06 20:43:42.066461,,
afd8fba1-3333-494f-afbb-fa3cb1597dc5,completed,2023-03-06 20:43:42.066461,,
44449add-0a48-4558-be6e-6ec24e3d92eb,completed,2023-03-06 20:43:42.066461,,
0c047fab-b680-4333-8bb3-919e7c8b4197,completed,2023-03-06 20:43:42.066461,,
c62eb90c-c53d-4949-94c6-eccdad292d71,completed,2023-03-06 20:43:42.066461,,
c71254fe-5158-43dc-92d5-f57b37b9065e,completed,2023-03-06 20:43:42.066461,,
14e497d7-3ef0-43b6-b8e6-06ce66627c15,completed,2023-03-06 20:43:42.066461,,
5a47d1ce-4f37-4651-8ead-05e53756b8b6,completed,2023-03-06 20:43:42.066461,,
86578937-99d8-4748-82f2-363b94072a87,completed,2023-03-06 20:43:42.066461,,
54c8f8e6-a282-4a79-ae9d-86f1b442da58,completed,2023-03-06 20:43:42.066461,,
6d0b6df9-fb49-4f56-9086-df6d2fcacd6c,completed,2023-03-06 20:43:42.066461,,
b01fb9ec-515d-43f6-9910-b160986eb8d2,completed,2023-03-06 20:43:42.066461,,
1c330e0c-4c5b-4cf0-9a11-8e80034f34cb,completed,2023-03-06 20:43:42.066461,,
7985141a-dd9c-427a-8913-bb3ad396b90a,completed,2023-03-06 20:43:42.066461,,
8719be18-73ec-4ba7-9075-05e15d400485,completed,2023-03-06 20:43:42.066461,,
5bf2485b-4b86-4207-a615-d6de2fa61807,completed,2023-03-06 20:43:42.066461,,
4e673ac8-72d0-4405-b8d5-c4f529278bd1,completed,2023-03-06 20:43:42.066461,,
b6a10f9d-3007-4d84-acf0-d57f023473b1,completed,2023-03-06 20:43:42.066461,,
1f44f2d2-c967-4c6d-8de4-7311e5f45b47,completed,2023-03-06 20:43:42.066461,,
cd254acc-74f0-4799-9dd9-3600ce46be89,completed,2023-03-06 20:43:42.066461,,
fcc20947-8f2e-41b4-9774-f8828824f7c2,completed,2023-03-06 20:43:42.066461,,
a9b8e36e-8f49-4802-80b7-3922d8ec0ca4,completed,2023-03-06 20:43:42.066461,,
91e23879-0408-44ff-bfff-229784941fc4,completed,2023-03-06 20:43:42.066461,,
2c9a1e97-c6d9-4a99-bfb0-4b727f27643f,completed,2023-03-06 20:43:42.066461,,
1ac6ebad-88b8-433b-a835-e8dca23847f6,completed,2023-03-06 20:43:42.066461,,
84b51c4e-57ca-4b3d-aaa0-021470e0d3de,completed,2023-03-06 20:43:42.066461,,
9626f854-50bd-49e3-a973-4de983115105,completed,2023-03-06 20:43:42.066461,,
0ef7331d-64b8-4ea1-84ae-8e280ee11c71,completed,2023-03-06 20:43:42.066461,,
658976f7-2f9f-46e1-bec4-20facfce7e62,completed,2023-03-06 20:43:42.066461,,
e5f31041-c8d7-4045-8274-9e5cfe0b81d0,completed,2023-03-06 20:43:42.066461,,
291ed734-2f1c-40c0-b39f-bc2203049846,completed,2023-03-06 20:43:42.066461,,
cc1dfc99-0dea-454d-9d40-af09c5a54736,completed,2023-03-06 20:43:42.066461,,
9e0fe430-d4df-41d8-afca-3c2d2adda490,completed,2023-03-06 20:43:42.066461,,
dd2e30b7-5418-47a1-bf68-1f3fc7fa21ad,completed,2023-03-06 20:43:42.066461,,
621c319d-8554-4d1a-8d32-cdef847dcdab,completed,2023-03-06 20:43:42.066461,,
e7d9694d-b12b-4bb8-8474-58c177785a0a,completed,2023-03-06 20:43:42.066461,,
0eff2e29-e4ae-4cb7-90c9-c29d4ecf9237,completed,2023-03-06 20:43:42.066461,,
e7ea688e-8e04-45b3-a748-ad2f898004d3,completed,2023-03-06 20:43:42.066461,,
18ffc637-58a0-472a-9de0-dce85b242cab,completed,2023-03-06 20:43:42.066461,,
16273269-9b07-4d30-b6d2-d205098d591a,completed,2023-03-06 20:43:42.066461,,
0193300c-36e6-4fa6-ac60-00264318dd68,completed,2023-03-06 20:43:42.066461,,
38a90ede-131a-419c-bfc0-7cd788389b74,completed,2023-03-06 20:43:42.066461,,
2fa8060e-e5fb-47b2-9e09-cf6e09ab6f18,completed,2023-03-06 20:43:42.066461,,
b4d7f096-3539-44a6-afaf-2f0b9061ab9d,completed,2023-03-06 20:43:42.066461,,
40cf3bfd-f4a6-4f07-bd25-bdecdcbe76a3,completed,2023-03-06 20:43:42.066461,,
df397d87-0af8-4576-8728-b6aaf4afe587,completed,2023-03-06 20:43:42.066461,,
0724d9f8-9699-4f86-996a-fb1972086a44,completed,2023-03-06 20:43:42.066461,,
4b5debbd-aa1c-4950-ba7c-11bb6c80f7c7,completed,2023-03-06 20:43:42.066461,,
2aa8485b-3826-4a3b-b7e4-54468f901a25,completed,2023-03-06 20:43:42.066461,,
0f32eaba-0a70-483f-b1aa-8c69c9a25cd5,completed,2023-03-06 20:43:42.066461,,
5f18ec7b-4dcb-4733-ac1f-657096b1988d,completed,2023-03-06 20:43:42.066461,,
50e34c96-7d38-4252-bf1e-6bb4981e49ef,completed,2023-03-06 20:43:42.066461,,
72194249-750b-4d50-9d6b-66d89cae7322,completed,2023-03-06 20:43:42.066461,,
d0b0b7f0-3f67-4e98-94cc-813438f94a94,completed,2023-03-06 20:43:42.066461,,
964fe6c9-4863-4407-94e5-202a1b4451c0,completed,2023-03-06 20:43:42.066461,,
2703ba16-3792-4163-a4c4-f7a03906474c,completed,2023-03-06 20:43:42.066461,,
6f04f13f-0a62-4161-b783-e0cd47801cae,completed,2023-03-06 20:43:42.066461,,
511592a9-fcb8-404c-a478-3c4b5f9a48fc,completed,2023-03-06 20:43:42.066461,,
781b8de6-e444-474c-807b-e25712412712,completed,2023-03-06 20:43:42.066461,,
e95b1e74-4ab9-4ed2-acca-9af85f64ea6a,completed,2023-03-06 20:43:42.066461,,
dbce0738-a315-4097-b1af-77cc11cdbd5b,completed,2023-03-06 20:43:42.066461,,
fce80c8b-c1eb-410e-b0a5-691375f66390,completed,2023-03-06 20:43:42.066461,,
0ba700c6-e7ed-477e-a484-ac46b14c5d2a,completed,2023-03-06 20:43:42.066461,,
124b764f-53fd-4b51-aafb-1fd83857d775,completed,2023-03-06 20:43:42.066461,,
d251e54c-2415-487e-ab15-a03a1f3b7c69,completed,2023-03-06 20:43:42.066461,,
cc767471-4bd9-439c-8d16-7b5231c1b314,completed,2023-03-06 20:43:42.066461,,
76683ec3-d48a-479c-a8a3-80a14702528d,completed,2023-03-06 20:43:42.066461,,
eee89e77-0e52-4315-9482-8d52fab249e1,completed,2023-03-06 20:43:42.066461,,
a40f3103-bd7f-4946-902a-3df005ed7ad4,completed,2023-03-06 20:43:42.066461,,
4db0d4e7-91c5-4c15-b195-54ea10176ec7,completed,2023-03-06 20:43:42.066461,,
62a7fb73-650f-4860-ae3e-7877aca8f0cf,completed,2023-03-06 20:43:42.066461,,
b4a6c175-5be3-49fe-9a77-b3a072deca01,completed,2023-03-06 20:43:42.066461,,
69a9c7a3-4657-43f3-80d7-ba66727afde5,completed,2023-03-06 20:43:42.066461,,
6d4bd4c7-eba3-4af6-bc9f-1a4200c537f7,completed,2023-03-06 20:43:42.066461,,
4b7ea3d3-7c5e-4c66-b5fb-8e58603beb3c,completed,2023-03-06 20:43:42.066461,,
0f1ba691-cff1-4ec2-9e00-cfbfbeb0856a,completed,2023-03-06 20:43:42.066461,,
044b8a91-a9a1-4dba-8812-52e9bda17c3a,completed,2023-03-06 20:43:42.066461,,
a8e36f18-70b8-4b5d-963c-198e19ef4e78,completed,2023-03-06 20:43:42.066461,,
b81e1c25-a02f-4b94-a144-9adf92d9b3ad,completed,2023-03-06 20:43:42.066461,,
e10249c0-6ee8-45d7-b7b5-d4073b223c59,completed,2023-03-06 20:43:42.066461,,
b719da99-2dce-417b-854d-296201d12a34,completed,2023-03-06 20:43:42.066461,,
3cf69232-005b-4891-8f72-3b1614ac1279,completed,2023-03-06 20:43:42.066461,,
1c9feb3e-8b8a-4536-872b-5a3091a1a135,completed,2023-03-06 20:43:42.066461,,
18abe518-627a-4df2-9f1b-1e0e1e52a400,completed,2023-03-06 20:43:42.066461,,
87e5f729-3d1a-420f-8d5b-b9e501b189d6,completed,2023-03-06 20:43:42.066461,,
6ff0cda7-1da2-4e7b-af59-9a94317cb846,completed,2023-03-06 20:43:42.066461,,
a5324e0d-bf76-4d2e-8f66-686af8d3c420,completed,2023-03-06 20:43:42.066461,,
651f5d02-ce74-49d2-bfa6-02ef38320beb,completed,2023-03-06 20:43:42.066461,,
b48bd00c-ca51-4fd8-8fae-d887d2ec94ec,completed,2023-03-06 20:43:42.066461,,
5c04c8f7-a15b-4abd-91ab-f96c489f8102,completed,2023-03-06 20:43:42.066461,,
06c31057-8fb1-45c5-b049-3f1233c88bfc,completed,2023-03-06 20:43:42.066461,,
34e05974-11c8-4671-898b-c79b1f55844f,completed,2023-03-06 20:43:42.066461,,
e2c7ad41-159a-4e8e-af12-5b0de06e1d1c,completed,2023-03-06 20:43:42.066461,,
e92010bd-d3c5-4512-9102-4c11e4a633a4,completed,2023-03-06 20:43:42.066461,,
b926bb22-bd15-4c17-9971-8447f2b397a7,completed,2023-03-06 20:43:42.066461,,
5a121ef8-b3e0-4120-b84e-0fabf7885818,completed,2023-03-06 20:43:42.066461,,
526d91b8-9940-4def-868c-f6120a8014a9,completed,2023-03-06 20:43:42.066461,,
e55efc2f-6590-4382-94bb-61ea0ada688e,completed,2023-03-06 20:43:42.066461,,
13e792eb-029e-429e-8eaa-f585097fea43,completed,2023-03-06 20:43:42.066461,,
ce4b55ae-9e9f-49e4-8114-3e0085f14b77,completed,2023-03-06 20:43:42.066461,,
6a88fe5c-566f-4fad-a5fd-185b52cd28b0,completed,2023-03-06 20:43:42.066461,,
375a355d-63aa-405e-8501-5c9b07b9f955,completed,2023-03-06 20:43:42.066461,,
a38d1988-c20f-40d1-9269-3cc334baee6b,completed,2023-03-06 20:43:42.066461,,
f390f7ec-bf43-4d35-b704-cea8917819b9,completed,2023-03-06 20:43:42.066461,,
96dfaf53-f859-47a9-a84a-b655e3ed6aaa,completed,2023-03-06 20:43:42.066461,,
4274431d-c529-4570-afd6-2bac04a05d0a,completed,2023-03-06 20:43:42.066461,,
fa966c67-78e9-4235-8899-0ea0f737aa0d,completed,2023-03-06 20:43:42.066461,,
b2943644-3810-4d78-925f-c17535491e62,completed,2023-03-06 20:43:42.066461,,
1d47eebd-2efb-4202-889f-72849b344103,completed,2023-03-06 20:43:42.066461,,
859e4572-b2a4-427e-a92a-24b56c133a58,completed,2023-03-06 20:43:42.066461,,
1b353206-0ddc-4090-99f8-32f6676ad890,completed,2023-03-06 20:43:42.066461,,
cd7882cc-a34d-4149-be6e-84bb43b5a3c1,completed,2023-03-06 20:43:42.066461,,
17f33d8b-3b9c-4884-b8e3-c8bfd8ef53f8,completed,2023-03-06 20:43:42.066461,,
4edaadb3-964a-4d34-b3ce-a157a5370a9e,completed,2023-03-06 20:43:42.066461,,
7b4ca1d2-f547-4313-938b-74cf17a3c539,completed,2023-03-06 20:43:42.066461,,
7a3728cd-dbce-42b8-a4ac-88563962e9b6,completed,2023-03-06 20:43:42.066461,,
0423647f-c9c4-46df-9a01-75ce28c72579,completed,2023-03-06 20:43:42.066461,,
28acbeb3-6c9b-480a-bf96-231600436e45,completed,2023-03-06 20:43:42.066461,,
05f85d59-91a8-4ff6-9a6f-b68acb9a238d,completed,2023-03-06 20:43:42.066461,,
8bb5a473-9d66-4314-a26f-55724051df94,completed,2023-03-06 20:43:42.066461,,
086492b8-cbb8-40ee-b4fa-78b47482c536,completed,2023-03-06 20:43:42.066461,,
8fe32500-3b70-4bef-ace8-9d2d83dbf094,completed,2023-03-06 20:43:42.066461,,
bb50334c-0ee5-46f5-9e13-d76b2b82fb52,completed,2023-03-06 20:43:42.066461,,
17c91364-0959-44df-948f-e72fc6150f14,completed,2023-03-06 20:43:42.066461,,
2aba2334-a6cc-4b6b-ae03-ac52c1ff64d9,completed,2023-03-06 20:43:42.066461,,
daa75e1d-085a-42a5-9293-d7c8b30705b5,completed,2023-03-06 20:43:42.066461,,
2b37898e-0c33-492f-9cf5-942aa59521b8,completed,2023-03-06 20:43:42.066461,,
5d7c9f26-2338-4612-9e5e-65e745777dd4,completed,2023-03-06 20:43:42.066461,,
7c790608-124f-4758-ae68-6bf6988aa444,completed,2023-03-06 20:43:42.066461,,
7cb2e27f-fa37-4e5d-94b6-0f4c72a58fae,completed,2023-03-06 20:43:42.066461,,
41520757-3a89-4397-8ccb-aae4fb033c46,completed,2023-03-06 20:43:42.066461,,
758e8187-9417-4825-81ba-baf5b6e10c5c,completed,2023-03-06 20:43:42.066461,,
31857d26-3d5f-41e5-b320-57ffc8b38ed7,completed,2023-03-06 20:43:42.066461,,
62dd5abb-9779-4982-be5a-0cac11c0b061,completed,2023-03-06 20:43:42.066461,,
71417af0-647f-447e-a64a-872c70b61fd0,completed,2023-03-06 20:43:42.066461,,
60a56aa4-f8b1-4714-a394-381b102ac415,completed,2023-03-06 20:43:42.066461,,
6f3a48c7-0f59-40e5-b3a9-927e87c1b91a,completed,2023-03-06 20:43:42.066461,,
5da8844a-b598-44c1-9424-840f127d6c6a,completed,2023-03-06 20:43:42.066461,,
bb38d341-b04a-4344-b2bd-e22acae5a445,completed,2023-03-06 20:43:42.066461,,
4496021d-4221-435b-94a6-1d3e80656c2a,completed,2023-03-06 20:43:42.066461,,
132eb0dc-e9cc-4dfd-832b-f2868dde13a9,completed,2023-03-06 20:43:42.066461,,
0fae4057-1fba-44d4-ad68-3f088c2e3b29,completed,2023-03-06 20:43:42.066461,,
9395008a-3088-4f38-a0ed-a66cb5f412f5,completed,2023-03-06 20:43:42.066461,,
2d38479a-c3b6-4c2e-aeee-d6ccb52362f1,completed,2023-03-06 20:43:42.066461,,
f4c873d1-1339-414d-b22f-c900b8416646,completed,2023-03-06 20:43:42.066461,,
e8c53f9b-eebf-48f7-8b92-d9f6fe5077ee,completed,2023-03-06 20:43:42.066461,,
34102995-6da7-42a2-be63-4bbcac82f3a9,completed,2023-03-06 20:43:42.066461,,
19e0314e-d2d6-400a-bf39-5ef30d928b2a,completed,2023-03-06 20:43:42.066461,,
7390fda2-1122-4e1a-a12d-3405f21d2f1d,completed,2023-03-06 20:43:42.066461,,
51ea2a9c-cbd8-4a44-b10f-7ab731b99100,completed,2023-03-06 20:43:42.066461,,
ce62fb28-9d99-4264-966d-3c227f6aeebf,completed,2023-03-06 20:43:42.066461,,
6845fd6e-82fd-4103-906b-d9d901f1b5d4,completed,2023-03-06 20:43:42.066461,,
aa36ff99-08e7-42f6-859b-3f3dca86cd56,completed,2023-03-06 20:43:42.066461,,
61bbb1c3-fbc0-410b-ba02-794d2f16d6bf,completed,2023-03-06 20:43:42.066461,,
6aadd18a-5853-419e-8636-32f0fc8cdf06,completed,2023-03-06 20:43:42.066461,,
4b6f6c1b-5d03-4ac5-8e90-fd1d63893ef0,completed,2023-03-06 20:43:42.066461,,
ba45160f-0736-4cf3-8cc6-72e0124e943a,completed,2023-03-06 20:43:42.066461,,
7ce7206e-f921-4d7f-9c83-c8ad21a342b6,completed,2023-03-06 20:43:42.066461,,
4e540a72-9e94-45d9-b7d5-48a3bcd418dc,completed,2023-03-06 20:43:42.066461,,
0eb761ca-269a-40a5-b486-3d17bb9ae1df,completed,2023-03-06 20:43:42.066461,,
f7b5f4cf-db2f-4e0e-b673-cde943da03f1,completed,2023-03-06 20:43:42.066461,,
42efe7f6-a4a9-48f6-b478-abb0704f3d88,completed,2023-03-06 20:43:42.066461,,
12b44f64-725d-41d6-afe6-c7a6e92f7a09,completed,2023-03-06 20:43:42.066461,,
4a1c4883-cae1-4684-a20f-a633263ef185,completed,2023-03-06 20:43:42.066461,,
a33b7de9-8fcd-4e62-b34f-e2957e21a839,completed,2023-03-06 20:43:42.066461,,
1e1cfc8e-1d07-4df3-850e-4dc8453d23a1,completed,2023-03-06 20:43:42.066461,,
3e28646a-3b59-4986-a0b2-a0121c890be7,completed,2023-03-06 20:43:42.066461,,
92ceb6c8-2c3a-408e-b48d-af8a06daa3cf,completed,2023-03-06 20:43:42.066461,,
5ff35c1d-9528-4b1c-b6ba-449b0dbdf357,completed,2023-03-06 20:43:42.066461,,
ea658cac-8760-4455-b6c7-170176f4334a,completed,2023-03-06 20:43:42.066461,,
23d33353-8687-43aa-a063-1e9722abadb5,completed,2023-03-06 20:43:42.066461,,
cae37873-84d1-4054-9fc9-82fdef53b30b,completed,2023-03-06 20:43:42.066461,,
d58b5109-e042-4e35-885d-a0fe2c20cd7f,completed,2023-03-06 20:43:42.066461,,
3118a038-9812-4ace-97b9-11548b3d61d9,completed,2023-03-06 20:43:42.066461,,
d2dbc374-f219-48c1-93b7-2aafa921a7fe,completed,2023-03-06 20:43:42.066461,,
8e09fd3b-854e-4719-b945-110c2ad8aa6a,completed,2023-03-06 20:43:42.066461,,
262c619c-2c0f-412a-91e1-8bdf90712374,completed,2023-03-06 20:43:42.066461,,
537fca3b-df18-4dc7-b99c-b71681642aaa,completed,2023-03-06 20:43:42.066461,,
16088bfc-e902-4f6e-8d36-6033fe696e6a,completed,2023-03-06 20:43:42.066461,,
4f9db51d-b94a-4716-8f88-5d1ca3d9367d,completed,2023-03-06 20:43:42.066461,,
4d5c2404-8c71-476f-8ad0-c82053d17e43,completed,2023-03-06 20:43:42.066461,,
98f167ce-2ced-44dc-aa31-3cb8e3a8dc3d,completed,2023-03-06 20:43:42.066461,,
8a519c16-2408-4bc7-8d8c-a0c918730a5e,completed,2023-03-06 20:43:42.066461,,
837c4f8b-016b-4571-ae96-c7d033d654e1,completed,2023-03-06 20:43:42.066461,,
5dd2700f-dee7-496c-8d78-a3397f8ecffe,completed,2023-03-06 20:43:42.066461,,
1746cbf4-6578-4886-8803-414ccb844ff2,completed,2023-03-06 20:43:42.066461,,
b7cbf96e-d02c-4cb4-b819-be7ab82bce30,completed,2023-03-06 20:43:42.066461,,
d9528e19-b4fb-4ef9-81e2-005a9d9a89f8,completed,2023-03-06 20:43:42.066461,,
34ed1479-b5c2-4a98-8476-ef36f10c297a,completed,2023-03-06 20:43:42.066461,,
ccdd342e-fe1e-4ce6-9239-73ce1e80e3a5,completed,2023-03-06 20:43:42.066461,,
5b143592-f78e-4613-8ff7-ff4c843120e7,failed,2023-03-06 20:43:42.066461,,
584c1362-9195-492b-b40b-c4d8512bff8f,completed,2023-03-06 20:43:42.066461,,
16ef1f5d-9626-4bce-a7c7-01e826c1fd0b,completed,2023-03-06 20:43:42.066461,,
a000322d-b642-4248-a991-562bbfc0894c,completed,2023-03-06 20:43:42.066461,,
d9bb9a9c-f3a6-4cb2-9048-bec30f37835f,completed,2023-03-06 20:43:42.066461,,
49a4a4bd-1d46-4899-ab5d-2e87c7dba103,completed,2023-03-06 20:43:42.066461,,
12337ab9-5ccb-4d7b-8696-af2b0aa61d01,completed,2023-03-06 20:43:42.066461,,
476d022f-b817-4e66-b884-ab4d37b47256,completed,2023-03-06 20:43:42.066461,,
4371b57b-f3b1-434b-99bb-1be40277027e,completed,2023-03-06 20:43:42.066461,,
007ccda5-4a5c-4743-99cd-4314d41c6a41,completed,2023-03-06 20:43:42.066461,,
1ae3ea09-a519-467d-a984-251474a1cbac,completed,2023-03-06 20:43:42.066461,,
a9919e0a-f2ce-4a7d-a536-9519af88aee8,completed,2023-03-06 20:43:42.066461,,
9b15eb0e-8c95-49e9-b488-12d9f3532cd2,completed,2023-03-06 20:43:42.066461,,
93e43e25-28ac-469d-92ec-fa6fad269a24,completed,2023-03-06 20:43:42.066461,,
21b075d8-3a40-41ea-84c8-2cc5e49e5954,completed,2023-03-06 20:43:42.066461,,
b02c6e52-3a60-472f-86af-a9b869a8a0e7,completed,2023-03-06 20:43:42.066461,,
2c553f0a-925e-4a34-ab96-e8d93a5e820e,completed,2023-03-06 20:43:42.066461,,
5f708812-26d3-4122-8787-04400aba8c4f,completed,2023-03-06 20:43:42.066461,,
18a0cfe6-8d02-4dd0-bf3b-ae35aa1ec8fd,completed,2023-03-06 20:43:42.066461,,
3c3ea936-119a-4cfc-8541-7a5a006c32fb,completed,2023-03-06 20:43:42.066461,,
2e6eebba-fd09-4615-a41a-40bcbf4b6f5e,completed,2023-03-06 20:43:42.066461,,
1235a868-61b8-4b22-9198-0055824c6da7,completed,2023-03-06 20:43:42.066461,,
ac2fd482-7c9d-4b67-ad9b-b57a2395e9ed,completed,2023-03-06 20:43:42.066461,,
bc77ad48-282d-4a59-b759-9e6d9487a491,completed,2023-03-06 20:43:42.066461,,
4332d1d9-5337-41fa-9584-caa9f91b9718,completed,2023-03-06 20:43:42.066461,,
7d71f9ca-6798-431b-b8b7-0b3952abd0fb,completed,2023-03-06 20:43:42.066461,,
9fd9ba81-da1f-4438-b2df-8d722793862b,completed,2023-03-06 20:43:42.066461,,
97729be0-94d3-45e7-af56-a9ad6ec93f37,completed,2023-03-06 20:43:42.066461,,
769178ea-56a5-4557-bee1-d3c3d56a7fcb,completed,2023-03-06 20:43:42.066461,,
42d654a6-4eba-4bf3-b545-6b12fc92d0ca,completed,2023-03-06 20:43:42.066461,,
3484f6c8-7062-4b33-8d01-bc72535d6484,completed,2023-03-06 20:43:42.066461,,
c0055750-0c64-401b-82a0-3aa57b590b3c,completed,2023-03-06 20:43:42.066461,,
8469660c-9a3b-438c-9219-071803107119,completed,2023-03-06 20:43:42.066461,,
38a14a08-d959-4642-a48b-03bbc7af5ed1,completed,2023-03-06 20:43:42.066461,,
e6658f43-48f4-4df3-a2d7-0222eb4afada,completed,2023-03-06 20:43:42.066461,,
e6e0de2f-83fd-4621-b098-ca49118f5cca,completed,2023-03-06 20:43:42.066461,,
ba55631d-a8f9-407b-ac4c-1dbc31de87ce,completed,2023-03-06 20:43:42.066461,,
c8029ce6-2059-43da-a009-64d670b7103a,completed,2023-03-06 20:43:42.066461,,
39dba74c-5773-41bd-80c4-0e96fc65679e,completed,2023-03-06 20:43:42.066461,,
6df4fe3c-7b3d-4ede-b951-b7f57117cc9f,completed,2023-03-06 20:43:42.066461,,
4ea43903-d05e-4e70-8020-2ca7882e236a,completed,2023-03-06 20:43:42.066461,,
ae933b78-8dbd-472a-9877-78bef2e275f4,completed,2023-03-06 20:43:42.066461,,
51ed82cd-bf50-49a5-9a6a-c72c164abd3c,completed,2023-03-06 20:43:42.066461,,
ab2f7d05-3ff0-47c5-bdad-60d1af17ddc3,completed,2023-03-06 20:43:42.066461,,
c2317837-b787-4530-9698-e571c0ef4b98,completed,2023-03-06 20:43:42.066461,,
4fa77392-ed19-46f6-a66d-d871ae1e4268,completed,2023-03-06 20:43:42.066461,,
8d675082-58f3-407c-8f67-198300a60d20,completed,2023-03-06 20:43:42.066461,,
f40b12fc-4f38-4168-9900-6160f5622cf9,completed,2023-03-06 20:43:42.066461,,
c8a24760-ca73-43af-b1a0-dfc02fe80824,completed,2023-03-06 20:43:42.066461,,
81172a29-c59c-4b21-8fd4-20fcb2437dac,completed,2023-03-06 20:43:42.066461,,
25060269-4af9-4d65-b443-f47b8942d894,completed,2023-03-06 20:43:42.066461,,
493bb2e9-6294-446a-b291-9272a8777284,completed,2023-03-06 20:43:42.066461,,
e7b94ba8-00fa-4f8e-8f4e-caf9f73ac226,completed,2023-03-06 20:43:42.066461,,
6f5a6736-56dc-4d5c-b79e-4583f3208aea,completed,2023-03-06 20:43:42.066461,,
b2b46780-6633-4519-8e04-9815e50fbc23,completed,2023-03-06 20:43:42.066461,,
0669c289-05e5-430d-a5fb-1cc1f6b859dd,completed,2023-03-06 20:43:42.066461,,
0fc1db12-0ca2-4344-aefe-5ebd46d3ffc4,completed,2023-03-06 20:43:42.066461,,
383cacb6-097b-4983-a16c-929529b678dd,completed,2023-03-06 20:43:42.066461,,
423e201c-87d5-4024-b15d-76cc1aa37db1,completed,2023-03-06 20:43:42.066461,,
c856093e-3bb1-41a0-9b79-d91fc7e78abc,completed,2023-03-06 20:43:42.066461,,
e2a866d5-cf46-48f7-bd4b-c231bb5c5f63,completed,2023-03-06 20:43:42.066461,,
80635871-8c9d-47a5-ace3-25b0adf1be67,completed,2023-03-06 20:43:42.066461,,
210ebead-c10a-4243-893b-01b1deb7b9d9,completed,2023-03-06 20:43:42.066461,,
0dcf56fd-2477-41ed-a7f4-8838c6148e47,completed,2023-03-06 20:43:42.066461,,
2bea6de0-64e4-4252-b944-0a591cb103a7,completed,2023-03-06 20:43:42.066461,,
f4d3694f-92c1-49cc-b920-5725687522b5,completed,2023-03-06 20:43:42.066461,,
3b75b7cd-78af-41cd-8a35-fb9953fb0ee5,completed,2023-03-06 20:43:42.066461,,
aba5f829-02b2-4571-8d88-d826aba66d83,completed,2023-03-06 20:43:42.066461,,
d02db799-e4ec-4e43-b2fd-dc3dde7fef59,completed,2023-03-06 20:43:42.066461,,
1a20485e-61cd-411e-9ba0-252d49d8085d,completed,2023-03-06 20:43:42.066461,,
c4524a65-0027-47b2-bcc0-49d1f46ffd7f,completed,2023-03-06 20:43:42.066461,,
f9b9b084-7340-4a4c-a34a-7caf2d4b0f69,completed,2023-03-06 20:43:42.066461,,
926154ec-0ff4-48c1-9e18-dc7902c8d13b,completed,2023-03-06 20:43:42.066461,,
8e606f42-6d53-4590-9c20-957b7a98fd80,completed,2023-03-06 20:43:42.066461,,
4afad466-2095-4280-8e02-b2df5aeaf579,completed,2023-03-06 20:43:42.066461,,
8c50aa6d-fcc1-4467-88c7-213a46f7f945,completed,2023-03-06 20:43:42.066461,,
f06d0b44-bb9b-4f29-92a6-e7de06790d01,completed,2023-03-06 20:43:42.066461,,
1ccc2253-9706-41c9-b7e6-e53b621a297d,completed,2023-03-06 20:43:42.066461,,
bc527115-df60-4f06-ac41-08aa1644074e,completed,2023-03-06 20:43:42.066461,,
2128385f-be12-46db-af32-c11ac05ab5d7,completed,2023-03-06 20:43:42.066461,,
712dc853-c4ba-468e-9cd0-ddbba430ae1a,completed,2023-03-06 20:43:42.066461,,
6d8c53d6-d996-4709-bb37-ab667649a0bd,completed,2023-03-06 20:43:42.066461,,
4e87ecc3-a602-4707-8600-e23fb9f0b447,completed,2023-03-06 20:43:42.066461,,
c519584a-2afb-4707-ab38-c6e031f49b58,completed,2023-03-06 20:43:42.066461,,
ba9249e0-fca1-4edb-a570-d5d2b1961e9d,completed,2023-03-06 20:43:42.066461,,
563d5c87-2a02-4d70-9716-0cd542272b87,completed,2023-03-06 20:43:42.066461,,
e85cd0c3-5ff7-4017-9eab-eaafb246e02e,completed,2023-03-06 20:43:42.066461,,
17bcb5c6-63f7-4d4e-88b7-ef16905f8d72,completed,2023-03-06 20:43:42.066461,,
60c15019-cd60-4569-96cb-fab0a81b508f,completed,2023-03-06 20:43:42.066461,,
cc913a78-a07b-4dfd-91b2-5c982f872a0c,completed,2023-03-06 20:43:42.066461,,
9bba31ed-039b-42f8-b49a-49907464d467,completed,2023-03-06 20:43:42.066461,,
dabc6bc6-19f3-404c-8f80-98a8cb39bbdb,completed,2023-03-06 20:43:42.066461,,
641c0d2e-085b-4bae-a291-48f08f9ebaff,completed,2023-03-06 20:43:42.066461,,
96fb97e7-7cb4-4aec-bc14-a203d3cd12df,completed,2023-03-06 20:43:42.066461,,
dced0c24-7e25-407e-8762-d28813db4cf1,completed,2023-03-06 20:43:42.066461,,
9361127e-b84d-4d75-98d1-8a12e722d337,completed,2023-03-06 20:43:42.066461,,
9bde51ef-8d20-4bb4-8a2d-305714b387f1,completed,2023-03-06 20:43:42.066461,,
769de7a3-d53c-49eb-8113-3302ffed3ff5,completed,2023-03-06 20:43:42.066461,,
2c26224f-11cc-4397-a362-194f9201c4a5,completed,2023-03-06 20:43:42.066461,,
8b47cb3e-25bb-4e6f-8f3c-976dc0cee5f7,completed,2023-03-06 20:43:42.066461,,
e00155ae-276a-4fd2-b4c4-4e23d8228f06,completed,2023-03-06 20:43:42.066461,,
918bfe25-a8d8-4572-b149-ea106216d42f,completed,2023-03-06 20:43:42.066461,,
d68638f9-1397-485e-890b-6ce2411c766d,completed,2023-03-06 20:43:42.066461,,
06fef66e-9466-454a-9f8f-a915df59b198,completed,2023-03-06 20:43:42.066461,,
aa3377ed-05db-40b7-b397-de6777a26276,completed,2023-03-06 20:43:42.066461,,
bfe835c2-c20d-4364-beaa-25f7ac892592,completed,2023-03-06 20:43:42.066461,,
967bce3c-9863-448f-8fb5-8430c96d52df,completed,2023-03-06 20:43:42.066461,,
1a877be6-ada2-46bd-ba7b-e6a16c4fed3f,completed,2023-03-06 20:43:42.066461,,
9a9aea78-3709-4d28-a21e-717cc149acd0,completed,2023-03-06 20:43:42.066461,,
7134976a-515e-4678-b762-630a2162bd3a,completed,2023-03-06 20:43:42.066461,,
bd9ea9d4-7352-4640-b355-589e4d5334f9,completed,2023-03-06 20:43:42.066461,,
6891e80b-7c10-4655-8fe6-df981c38edb8,completed,2023-03-06 20:43:42.066461,,
022803f7-3188-4b47-8ece-21ac480cff03,completed,2023-03-06 20:43:42.066461,,
7ee62b35-0203-4826-823b-adfead6e7536,completed,2023-03-06 20:43:42.066461,,
6793642c-e705-42e2-8ee8-070bf0befdbd,completed,2023-03-06 20:43:42.066461,,
79efdc4c-6897-4828-8a89-4b0e440a7e9a,completed,2023-03-06 20:43:42.066461,,
41ab9215-8e04-405b-907f-1c83b6d5707c,completed,2023-03-06 20:43:42.066461,,
d367ebdf-33ce-4779-992d-e4ddc4d104a4,completed,2023-03-06 20:43:42.066461,,
f9b60589-c37a-4eeb-a40c-a1c0a75b6cb2,completed,2023-03-06 20:43:42.066461,,
10d78f21-7aba-4881-a596-bdc98ba7fb58,completed,2023-03-06 20:43:42.066461,,
6f48d74d-0a32-47d1-b36e-2dc8e82cb6ea,completed,2023-03-06 20:43:42.066461,,
c9ab6853-1b26-4d07-8f9e-42003a12f592,completed,2023-03-06 20:43:42.066461,,
0224cfea-c980-4c80-ad64-0acd51128989,completed,2023-03-06 20:43:42.066461,,
beaee33e-bc8e-4b76-8fe0-c9afe8064bfe,completed,2023-03-06 20:43:42.066461,,
92c6daff-8250-435d-8537-af6a57ff80e9,completed,2023-03-06 20:43:42.066461,,
a48c840e-858c-44b8-b7f6-f299c9f15028,completed,2023-03-06 20:43:42.066461,,
1cb722aa-c2a0-4b0c-91fc-5e3648bfa9e4,completed,2023-03-06 20:43:42.066461,,
49c007fa-4a75-4a0f-88a6-03e0bd0de7a0,completed,2023-03-06 20:43:42.066461,,
83a1eed6-4e11-4d3c-bb8f-db384f6fc55f,completed,2023-03-06 20:43:42.066461,,
8dc8a164-6b19-4d58-8251-a7fdc1a739af,completed,2023-03-06 20:43:42.066461,,
65b1b0d1-bb3c-4435-b08c-f9b30e238425,completed,2023-03-06 20:43:42.066461,,
16b687df-92b9-4191-b6c7-a05149c9f70a,completed,2023-03-06 20:43:42.066461,,
76b062f1-0c18-4680-87bf-08bea767ba93,completed,2023-03-06 20:43:42.066461,,
6cb19a8a-a352-4485-89bc-618efffb7ce6,completed,2023-03-06 20:43:42.066461,,
4a1a7989-de90-43a5-8eba-96247cc3d544,completed,2023-03-06 20:43:42.066461,,
ccdf7b7b-a64a-4c72-b096-31177eb77305,completed,2023-03-06 20:43:42.066461,,
eba87b81-eb6d-4523-a20c-707f59b88330,completed,2023-03-06 20:43:42.066461,,
8dfaead3-5aae-4572-859f-7c56f33e510a,completed,2023-03-06 20:43:42.066461,,
ce007e68-e5fc-4e2d-af61-f4132cc4da0c,completed,2023-03-06 20:43:42.066461,,
d24ae364-85ea-4918-9a79-bd3ebc562826,completed,2023-03-06 20:43:42.066461,,
4a766f9d-8f23-4682-b58d-0d03737f8188,completed,2023-03-06 20:43:42.066461,,
aeb40557-1c59-4d22-b977-4fb8e3f42033,completed,2023-03-06 20:43:42.066461,,
58e291c5-a8a3-40ab-be71-a83b5d290ac7,completed,2023-03-06 20:43:42.066461,,
963f04c0-6c9a-4ade-9c52-2aac700ef896,completed,2023-03-06 20:43:42.066461,,
a9976e55-bc28-41a1-8eff-9f8ee1729de8,completed,2023-03-06 20:43:42.066461,,
cdb15441-1e04-4f34-b51a-d8a262ba5233,completed,2023-03-06 20:43:42.066461,,
ca7d7755-bb69-487f-8cf9-68d005f19aca,completed,2023-03-06 20:43:42.066461,,
9cb967e3-9076-4c19-97ee-eb4296f7e228,completed,2023-03-06 20:43:42.066461,,
6cb3442a-4b7c-4179-a9de-ffb092901f0c,completed,2023-03-06 20:43:42.066461,,
1e5ce7e7-9d16-4577-9551-3c1c2a2e1879,completed,2023-03-06 20:43:42.066461,,
0182035a-bfa7-42be-9c1a-c9a504f26598,completed,2023-03-06 20:43:42.066461,,
c5f8650e-ca18-4b50-9c5f-1df1c530f2a3,completed,2023-03-06 20:43:42.066461,,
4d3090eb-8500-4a9b-ae8b-bd2541404ea4,completed,2023-03-06 20:43:42.066461,,
d07c6840-c7a1-4361-9993-1be651339ea9,completed,2023-03-06 20:43:42.066461,,
270d65bb-596b-4f6c-9d95-62d20a27520c,completed,2023-03-06 20:43:42.066461,,
08758e1f-0118-4f59-bcd0-166964ac1381,completed,2023-03-06 20:43:42.066461,,
ffb86f76-a403-40f6-b0b9-d842f4945de0,completed,2023-03-06 20:43:42.066461,,
ec29d91a-5a9a-4b81-aed5-3bd4fb09ebff,completed,2023-03-06 20:43:42.066461,,
a084d675-5ad3-492c-9587-6f9ee6495e99,failed,2023-03-06 20:43:42.066461,,
7e92d3c9-6c05-49a8-aedd-a5e5c84964b0,completed,2023-03-06 20:43:42.066461,,
466fcec4-1eb2-43d8-bfd5-bc39fa673296,completed,2023-03-06 20:43:42.066461,,
793e6409-8c16-4416-bfd3-093eddcc7620,completed,2023-03-06 20:43:42.066461,,
003b887d-7c4b-4f62-8b46-c9b060beee84,completed,2023-03-06 20:43:42.066461,,
d1e7c927-6174-41bb-ac42-f336876657ec,completed,2023-03-06 20:43:42.066461,,
59ff169f-9273-4a60-962f-c2249758760b,completed,2023-03-06 20:43:42.066461,,
6193473e-2150-408f-887c-7f45df6453bd,completed,2023-03-06 20:43:42.066461,,
dc3eab51-77a6-4942-b432-974661581254,completed,2023-03-06 20:43:42.066461,,
e173a0c2-b732-462e-a5c1-40555d5f6cfa,completed,2023-03-06 20:43:42.066461,,
b5d5c94e-71c5-4121-a5f3-9a2c82129b09,completed,2023-03-06 20:43:42.066461,,
abd5258c-32f2-4bb8-bc4e-95d48f37eee5,completed,2023-03-06 20:43:42.066461,,
6d1a39a2-0ea8-4cde-a5f0-4cbce1e1f75c,completed,2023-03-06 20:43:42.066461,,
12f1537f-d394-4409-b37d-1522b9cc4780,completed,2023-03-06 20:43:42.066461,,
52eaa688-15b0-46fb-9a06-e9f5c0b114ba,completed,2023-03-06 20:43:42.066461,,
922c8dfd-bdbb-4465-91db-ebe766264479,completed,2023-03-06 20:43:42.066461,,
27d1c5f0-c41b-4b91-afc9-fcf9e2e4e94e,completed,2023-03-06 20:43:42.066461,,
48175bea-88da-4de4-bf4b-b3a27b2b835c,completed,2023-03-06 20:43:42.066461,,
4a364612-3ea4-4e67-939e-4bc3e2df33c8,completed,2023-03-06 20:43:42.066461,,
c324a2e4-1a97-4994-b31e-ff1bef7b7fc6,completed,2023-03-06 20:43:42.066461,,
d3709e1f-0af4-48d5-9a25-35bd59caa670,completed,2023-03-06 20:43:42.066461,,
a9775ada-ff44-4324-8832-ceceaa8e2b71,completed,2023-03-06 20:43:42.066461,,
9f4b4cd5-10cb-4247-89bd-462ee4581746,completed,2023-03-06 20:43:42.066461,,
4652c0e9-6ab3-4195-91da-90bdccfb3ee6,completed,2023-03-06 20:43:42.066461,,
e8d848ad-0c57-4857-835a-fac4b0b63c10,completed,2023-03-06 20:43:42.066461,,
b4fdbfed-56e3-4d4e-9466-c87d3cc05d3c,completed,2023-03-06 20:43:42.066461,,
470ec9c3-822d-4eaa-ba3d-4cb7ecae3dfa,completed,2023-03-06 20:43:42.066461,,
ca093fdb-4465-4b60-a55d-ce734e554741,completed,2023-03-06 20:43:42.066461,,
01e694ae-cb57-4d31-808b-63daa6b805e2,completed,2023-03-06 20:43:42.066461,,
e8fbf17e-675e-480d-956e-c8bddd289939,completed,2023-03-06 20:43:42.066461,,
ff8f8176-79e4-4fea-bce8-d9de0acdae14,completed,2023-03-06 20:43:42.066461,,
692709ad-a4b4-4a56-baa9-3d9c93db3b00,completed,2023-03-06 20:43:42.066461,,
de75bcbf-1243-4273-a386-f868b2118ecf,completed,2023-03-06 20:43:42.066461,,
487a4902-d19a-4aba-952b-4adabf2254a0,completed,2023-03-06 20:43:42.066461,,
59d3d2b4-e4b9-42b5-ad44-682fbfb05211,completed,2023-03-06 20:43:42.066461,,
2ed91eb6-870b-49d4-a936-5ab3de5f5b4d,completed,2023-03-06 20:43:42.066461,,
3777e1ad-e193-44bd-9d4d-8ec9bab88b37,completed,2023-03-06 20:43:42.066461,,
bc92c265-c608-43a1-8220-a88546410f4e,completed,2023-03-06 20:43:42.066461,,
4b64fd21-a20d-4412-bd17-9e8e3712f118,completed,2023-03-06 20:43:42.066461,,
921839fd-e531-4b35-8c0e-4bea6ccc2634,completed,2023-03-06 20:43:42.066461,,
bad2f6dc-5c90-44a8-9378-edc4e4d46adf,completed,2023-03-06 20:43:42.066461,,
992c037f-2118-47ef-b6a0-d44550c4718e,completed,2023-03-06 20:43:42.066461,,
74e00902-a13a-47b4-92f4-8272ecd6530b,completed,2023-03-06 20:43:42.066461,,
de810e9f-855a-415f-8727-3cde99f385c5,completed,2023-03-06 20:43:42.066461,,
4bd50d56-569b-41d8-81d7-0a0e2cd38191,completed,2023-03-06 20:43:42.066461,,
04fbdf89-0bcc-45ec-bcfe-8dba35d7ec0f,completed,2023-03-06 20:43:42.066461,,
05678289-2a92-4f4f-abe2-1b2c998de34a,completed,2023-03-06 20:43:42.066461,,
71f80bce-f5c2-4779-a88b-86bba4b007d2,completed,2023-03-06 20:43:42.066461,,
5c21ae6f-4c03-4a53-9eb9-8a48340554d8,completed,2023-03-06 20:43:42.066461,,
dbb54e49-3f09-4dfa-bea4-0cf1eaa7c500,completed,2023-03-06 20:43:42.066461,,
72e27512-bc79-4476-b784-5b7c2ae9a3bf,completed,2023-03-06 20:43:42.066461,,
ac39b7a1-01d9-4bf7-824d-f5d6f34e176f,completed,2023-03-06 20:43:42.066461,,
6a740652-a8a2-452e-9545-87022e6facc0,completed,2023-03-06 20:43:42.066461,,
bf6779c4-8bdd-4d62-8ce1-0328064b853d,completed,2023-03-06 20:43:42.066461,,
39c90cc1-41c4-4e6d-a4d5-f9cd27bce9b8,completed,2023-03-06 20:43:42.066461,,
cf81a8c5-8e28-46c9-9f4b-8042cb34b14e,completed,2023-03-06 20:43:42.066461,,
ec41e663-d7f5-4ae8-9e1e-e9cb2f956037,completed,2023-03-06 20:43:42.066461,,
0eb5fb36-ffcf-46bb-a129-6785a650961e,completed,2023-03-06 20:43:42.066461,,
5e05154e-963f-4e2b-b13a-d67f270663af,completed,2023-03-06 20:43:42.066461,,
27f6d60d-9b69-4082-bc97-983a35391f2e,completed,2023-03-06 20:43:42.066461,,
9b92c83b-a2e9-4dd0-9e31-31914d9b0f62,completed,2023-03-06 20:43:42.066461,,
f94ef86a-07d2-43ee-aa8a-f53700ee5f58,completed,2023-03-06 20:43:42.066461,,
4478b06a-ed5d-4b00-b097-c252a079b74b,completed,2023-03-06 20:43:42.066461,,
7720ae38-7d11-4d3f-b3d9-f9f9413098ff,completed,2023-03-06 20:43:42.066461,,
21963beb-8682-49f2-9340-8a6455dbf399,completed,2023-03-06 20:43:42.066461,,
b9ad5388-e476-4f05-8013-7a312b63a6e5,completed,2023-03-06 20:43:42.066461,,
c403385c-e1ad-4031-a534-d9976dc0152f,completed,2023-03-06 20:43:42.066461,,
96fec9e6-4c02-45bc-896e-691268313b94,completed,2023-03-06 20:43:42.066461,,
639411f8-2c80-41c1-9d81-2e9b28b3af5e,completed,2023-03-06 20:43:42.066461,,
9b266f61-d958-4d64-b257-5dd88dc92a2d,completed,2023-03-06 20:43:42.066461,,
a039bb74-eb5d-4874-9bad-a124bb0f5da7,completed,2023-03-06 20:43:42.066461,,
3f84b92b-4a10-4994-a3d2-d4f8ee6f320a,completed,2023-03-06 20:43:42.066461,,
a28bfe80-bdd9-4b3e-baba-fd2d1ebdea7e,completed,2023-03-06 20:43:42.066461,,
b6723be8-fa31-4a62-8908-4e0c4854a6db,completed,2023-03-06 20:43:42.066461,,
ab17fbad-4f67-44f4-9f93-ae0eebb27506,completed,2023-03-06 20:43:42.066461,,
5bfb3347-c5a9-4dc2-81d5-9e724edf53fc,completed,2023-03-06 20:43:42.066461,,
aac44da1-efe6-45cd-9410-d2bd893f24f4,completed,2023-03-06 20:43:42.066461,,
55d93e20-feeb-44fd-9234-4fada0fe3877,completed,2023-03-06 20:43:42.066461,,
c9634180-0dfe-4c32-8b2b-a2cdc294b1cd,completed,2023-03-06 20:43:42.066461,,
96b262c7-a96e-4b0d-ad9d-a09ac796b263,completed,2023-03-06 20:43:42.066461,,
45eecb31-6bbc-4bb1-a555-1b5c63890565,completed,2023-03-06 20:43:42.066461,,
71fd2289-f6ee-4660-a9ca-be409c88b5b5,completed,2023-03-06 20:43:42.066461,,
fd26f0d6-4634-4453-9660-d3faa555114f,completed,2023-03-06 20:43:42.066461,,
b9ff655e-aa16-4cad-818a-a5d9f344a517,completed,2023-03-06 20:43:42.066461,,
53115df9-3278-4142-a782-6f7fc6a0d719,completed,2023-03-06 20:43:42.066461,,
c8c79247-5480-4694-884d-e0a163d911b6,completed,2023-03-06 20:43:42.066461,,
2efbd3ab-bcca-409f-97fc-e73cb004a44a,completed,2023-03-06 20:43:42.066461,,
804cc412-eeaf-45e4-a899-3ea64e9b71ba,completed,2023-03-06 20:43:42.066461,,
fbf46c7b-fa87-47d6-964f-9ee3fe381bd6,completed,2023-03-06 20:43:42.066461,,
3911a29a-270c-4c97-a261-6e239bc6ae55,completed,2023-03-06 20:43:42.066461,,
90154422-36b2-43e3-8ae8-8b3564e5a5cd,completed,2023-03-06 20:43:42.066461,,
2a89d890-da1d-4b8e-930e-f799675d44a6,completed,2023-03-06 20:43:42.066461,,
456b39e0-c3e8-45c8-9d25-ee922544cc23,completed,2023-03-06 20:43:42.066461,,
489bffd5-de3e-4853-a351-e38720834922,completed,2023-03-06 20:43:42.066461,,
9981fb22-bb16-46c6-aea1-92ec104f5586,completed,2023-03-06 20:43:42.066461,,
9cf00ccc-dddd-41fd-beb2-b9c89ac6d629,completed,2023-03-06 20:43:42.066461,,
454f925a-0842-426c-b36f-6c93d0466d7d,completed,2023-03-06 20:43:42.066461,,
eee6a2ac-f9e0-43de-920d-905c5fc72a4e,completed,2023-03-06 20:43:42.066461,,
04a58330-8729-4aa7-8d38-99c23a461b5d,completed,2023-03-06 20:43:42.066461,,
2d81b2e4-b73e-4574-8925-bffd9c1f8ae0,completed,2023-03-06 20:43:42.066461,,
29b30746-24b9-4d50-a0b7-2f8c05229949,completed,2023-03-06 20:43:42.066461,,
b405cebe-1e1f-4faf-9677-3a1068dd9215,completed,2023-03-06 20:43:42.066461,,
674fc657-445e-4b33-9923-ef23c37e8563,completed,2023-03-06 20:43:42.066461,,
87641f8e-fa73-4451-8be5-600891f37504,completed,2023-03-06 20:43:42.066461,,
750b6857-9346-4e5b-8171-3ccc1a7cec49,completed,2023-03-06 20:43:42.066461,,
b0e6fe0f-7264-4db0-9a3b-7bf0a3195993,completed,2023-03-06 20:43:42.066461,,
450c8c49-03b4-4138-8114-2fac8e8b2697,completed,2023-03-06 20:43:42.066461,,
61861de7-ee48-47ab-b6a8-c170b415c267,completed,2023-03-06 20:43:42.066461,,
f6fd9a2b-e8cf-46ee-9d05-0c25eef40bc4,completed,2023-03-06 20:43:42.066461,,
7d4f8b11-ea77-4309-a267-1a63d6f21348,completed,2023-03-06 20:43:42.066461,,
d1fc3e61-dea6-4f63-8e98-e8d94b184ec0,completed,2023-03-06 20:43:42.066461,,
254860b6-98ea-43d6-b499-27e52dd14857,completed,2023-03-06 20:43:42.066461,,
6715b336-a4c3-4704-a54f-9ff2a2ca3b44,completed,2023-03-06 20:43:42.066461,,
ebaf9ba7-0aa6-4ec7-8b08-d0d0105c6a8f,completed,2023-03-06 20:43:42.066461,,
0648b5bf-8cad-4e11-962c-b5aa65ec72e8,completed,2023-03-06 20:43:42.066461,,
b525274c-cee6-4590-a99d-2915c444ed7f,completed,2023-03-06 20:43:42.066461,,
9caf208b-0c26-4793-997c-d83ded3e74ed,completed,2023-03-06 20:43:42.066461,,
8ea241dc-288e-42a6-9b30-70ba747ff82d,completed,2023-03-06 20:43:42.066461,,
d944f40c-240d-48fc-83f2-c4245462f289,completed,2023-03-06 20:43:42.066461,,
1aa26f34-33a3-4fa8-99af-768fe91621bc,completed,2023-03-06 20:43:42.066461,,
22b486e2-a849-4c04-bb43-b60b48ca1746,completed,2023-03-06 20:43:42.066461,,
c7b769f5-fc70-4cf9-9dde-6feb9da065ce,completed,2023-03-06 20:43:42.066461,,
6239899d-0523-4cb7-a9ad-b88c60771d70,completed,2023-03-06 20:43:42.066461,,
850f349d-c7a8-4b58-b8a0-adf47cd7ebc1,completed,2023-03-06 20:43:42.066461,,
9472b182-fc44-4ef8-b8f0-36e803263fb5,completed,2023-03-06 20:43:42.066461,,
f4295422-a065-4f4b-a402-1cf2b91f8ff7,completed,2023-03-06 20:43:42.066461,,
ae121ca5-2108-44fa-8164-106fa78b6ed4,completed,2023-03-06 20:43:42.066461,,
afbc8338-ede4-4052-a919-6daf91fb871e,completed,2023-03-06 20:43:42.066461,,
6e62f262-abf2-4ab7-84eb-4d3135e92ba2,completed,2023-03-06 20:43:42.066461,,
d53b6791-7e83-4354-8c80-8bd57d3267f2,completed,2023-03-06 20:43:42.066461,,
ea1516db-545a-4266-8cb9-dc772d8292c9,completed,2023-03-06 20:43:42.066461,,
962a93ce-20ee-4e59-8d7e-c4c54621635e,completed,2023-03-06 20:43:42.066461,,
1c3d03b8-d3e0-4ea6-a994-5c31847bb0da,completed,2023-03-06 20:43:42.066461,,
3184f3f3-aee3-4d0c-af58-beca36263d73,completed,2023-03-06 20:43:42.066461,,
0472e90c-0109-4b1a-bcc9-6426567c3d73,completed,2023-03-06 20:43:42.066461,,
b87c3962-bae5-4cfa-bcd4-cb879a84fafb,completed,2023-03-06 20:43:42.066461,,
f3f04cca-6331-4f5a-883d-12341d0b74cf,completed,2023-03-06 20:43:42.066461,,
f8f36919-e3ce-4474-bb8e-ed6b5a24fa9b,completed,2023-03-06 20:43:42.066461,,
0ccef085-5e29-46d7-b1c8-e2b83afa6973,completed,2023-03-06 20:43:42.066461,,
98f5abba-5114-44c3-898b-352f9523d4b8,completed,2023-03-06 20:43:42.066461,,
c0bbba55-309a-49b4-bf2e-6976c0f0ee97,completed,2023-03-06 20:43:42.066461,,
039e68b0-2c40-4ddc-9e68-295fb1229182,completed,2023-03-06 20:43:42.066461,,
64b41b90-71d1-4eb5-a326-ba1910c7ae10,completed,2023-03-06 20:43:42.066461,,
211ff3e8-066b-4e7e-8027-cef3d131a290,completed,2023-03-06 20:43:42.066461,,
2009ba20-d2a9-45cc-8869-4108913ecc64,completed,2023-03-06 20:43:42.066461,,
61491fc9-ab2f-4231-be5d-c5e5e71a3fe4,completed,2023-03-06 20:43:42.066461,,
49c24884-7a22-44ce-877b-422b17d1f2f5,completed,2023-03-06 20:43:42.066461,,
76e8caf6-753a-4ac4-94ca-d07e4af48310,completed,2023-03-06 20:43:42.066461,,
fcadb312-ac41-4fd8-9160-d245878e12ae,completed,2023-03-06 20:43:42.066461,,
0fa1e36a-2f59-4e63-8314-64f843d6c6d9,completed,2023-03-06 20:43:42.066461,,
d660664d-a2ff-4d60-849f-41b46cfc9ece,completed,2023-03-06 20:43:42.066461,,
2b9e3c79-fa7b-40fa-91ee-38bc83c5a104,completed,2023-03-06 20:43:42.066461,,
c4b0243f-60bf-4bd2-a69d-e025bb5c7d02,completed,2023-03-06 20:43:42.066461,,
7f50802e-eaac-491e-9b97-e61e5d7e000e,completed,2023-03-06 20:43:42.066461,,
26e64237-c9d2-439a-a117-d11bb167942f,completed,2023-03-06 20:43:42.066461,,
b4a7dbb4-bfd8-4a12-9f80-de8d9ac993cc,completed,2023-03-06 20:43:42.066461,,
3ea16693-6145-4926-8f98-ceb3117a8d83,completed,2023-03-06 20:43:42.066461,,
dc4c8ae4-d79d-44e1-8902-ee06be5f33bf,completed,2023-03-06 20:43:42.066461,,
b03b3075-6e6e-497b-9c7c-c10ee7d4a051,completed,2023-03-06 20:43:42.066461,,
eb79015c-fefc-4f8a-8dee-b069e92e009f,completed,2023-03-06 20:43:42.066461,,
f3f5e719-cfe8-41b4-9e7d-cba41e1ed40d,completed,2023-03-06 20:43:42.066461,,
207c3eaf-872d-4dd1-a5de-14ba78828dcc,completed,2023-03-06 20:43:42.066461,,
cca23403-104b-46d3-a2ec-9f91e61a18b0,completed,2023-03-06 20:43:42.066461,,
880d9c37-8edc-45bd-81d4-fb559d71723a,completed,2023-03-06 20:43:42.066461,,
95806988-dd69-4988-9ffb-cbe1c07200f9,completed,2023-03-06 20:43:42.066461,,
e17a011a-8c46-4fd5-bd11-4b4ba7dafda4,completed,2023-03-06 20:43:42.066461,,
55a272a7-bb7b-4785-b41b-26cd053ab25f,completed,2023-03-06 20:43:42.066461,,
8cc63b42-e75c-41c1-bdb5-10fd3ff6a899,completed,2023-03-06 20:43:42.066461,,
becb10a6-b7f5-4ffd-9ea0-442f479f5596,completed,2023-03-06 20:43:42.066461,,
14424038-d4c4-429c-af49-bb575dd8c931,completed,2023-03-06 20:43:42.066461,,
f94d8920-f8d4-407f-89ee-eaa73c897a11,completed,2023-03-06 20:43:42.066461,,
17e7c529-5943-4d49-b42b-0042b50adbda,completed,2023-03-06 20:43:42.066461,,
9b55ff57-a194-45b0-b29d-5299477b3cfa,completed,2023-03-06 20:43:42.066461,,
b1e75b87-7d48-4255-a191-3fadd77e9ce6,completed,2023-03-06 20:43:42.066461,,
e9994776-b2a3-4496-8165-e611f7f3a21c,completed,2023-03-06 20:43:42.066461,,
c15bc70e-1983-4712-a76d-faea5af07ea9,completed,2023-03-06 20:43:42.066461,,
d0e9f7db-4d86-4406-b089-78fe921f450d,completed,2023-03-06 20:43:42.066461,,
203a8841-c946-4161-aa49-00f02eaad3a5,completed,2023-03-06 20:43:42.066461,,
56129d74-4bc4-46d3-8d12-0b9ab9fc3904,failed,2023-03-06 20:43:42.066461,,
a331ea26-5978-4392-b2a0-c14f68208d81,completed,2023-03-06 20:43:42.066461,,
0e870dc4-58c6-427d-89c3-3bb4fc1bef41,completed,2023-03-06 20:43:42.066461,,
82855173-f6d0-4979-8c84-12dc5a45fce3,completed,2023-03-06 20:43:42.066461,,
e18629a7-06e8-418c-b60c-4735de3c3538,completed,2023-03-06 20:43:42.066461,,
fc4c6cf3-27ba-4a61-b279-34586eec2c3c,completed,2023-03-06 20:43:42.066461,,
ecdf7e64-6128-4a44-b63f-4f1397f171c2,completed,2023-03-06 20:43:42.066461,,
931e795a-11e8-430c-84a6-d3ccda3e7b57,completed,2023-03-06 20:43:42.066461,,
20b0486b-2697-4a1b-a81f-a4e61ec628f4,completed,2023-03-06 20:43:42.066461,,
1f831ca5-06c8-48c4-bbd1-a2f7ec1daaa4,completed,2023-03-06 20:43:42.066461,,
665f951a-a0c5-47b6-ac27-1dc4ad0fc09b,completed,2023-03-06 20:43:42.066461,,
5e8403b6-367c-4b98-861f-ca90adb42082,completed,2023-03-06 20:43:42.066461,,
51e08910-adfa-4957-851f-41bbc3fc555e,completed,2023-03-06 20:43:42.066461,,
85c341f7-ba9c-4f33-9eeb-c11a41b3f2ef,completed,2023-03-06 20:43:42.066461,,
8dab3801-75ed-4ca9-a9f7-902400ac1656,completed,2023-03-06 20:43:42.066461,,
7188433f-7f9a-4a24-9b92-ea2597dad910,completed,2023-03-06 20:43:42.066461,,
96aeb550-f090-42c0-ab64-d6089ec675af,completed,2023-03-06 20:43:42.066461,,
e10dbe70-affe-415a-98b6-7a44569e1016,completed,2023-03-06 20:43:42.066461,,
5e202bda-2367-4f5f-ac3f-12ab6ca0b96e,completed,2023-03-06 20:43:42.066461,,
2555e667-90c6-4575-b2e1-0e868246c858,completed,2023-03-06 20:43:42.066461,,
3b8308c7-bb5c-4dfe-8776-6c19a3ec4a6f,completed,2023-03-06 20:43:42.066461,,
d33a110c-6223-41a7-be59-a84de35815a2,completed,2023-03-06 20:43:42.066461,,
f0bd2947-737c-4285-a4ab-50e2a8857fad,completed,2023-03-06 20:43:42.066461,,
9b0fc0a0-8686-4371-b6bd-d154f81a2892,completed,2023-03-06 20:43:42.066461,,
7120c005-76c9-4023-83fc-88b22d028383,completed,2023-03-06 20:43:42.066461,,
e4eed5da-6b45-4972-89a9-805e6ce09f0a,completed,2023-03-06 20:43:42.066461,,
81144ecc-d8bf-445c-b80f-4d7178134d9a,completed,2023-03-06 20:43:42.066461,,
d06feb92-088d-4687-ab2c-161aa4567317,completed,2023-03-06 20:43:42.066461,,
744f7080-4dd7-4188-b022-21ca7f3b38d4,completed,2023-03-06 20:43:42.066461,,
d70f0bc5-0a93-4537-85f0-93a2e75a5cb3,completed,2023-03-06 20:43:42.066461,,
890fb011-2f8f-40e9-b542-82a58f2223e7,completed,2023-03-06 20:43:42.066461,,
ae80152b-6f3e-46f3-b56f-9397fa6b3f20,completed,2023-03-06 20:43:42.066461,,
1a6c3c5e-6380-40ef-8d9f-c22aa72c3933,completed,2023-03-06 20:43:42.066461,,
058e13f7-3262-4ca4-9f8f-d9e98023079a,completed,2023-03-06 20:43:42.066461,,
b7fb1b36-640c-4110-86f2-a29e8d8736b5,completed,2023-03-06 20:43:42.066461,,
ccdd004b-bd34-4396-a213-e43240ad2033,completed,2023-03-06 20:43:42.066461,,
f71a18c3-8bbf-4df0-9488-49744da26cd1,completed,2023-03-06 20:43:42.066461,,
9301b0fd-52b1-4cea-a9f6-41b15c15bd0a,completed,2023-03-06 20:43:42.066461,,
208288f1-b806-4c1b-9c50-9120e7b4ad78,completed,2023-03-06 20:43:42.066461,,
a92b6715-9102-4910-91c8-c630ea90d970,completed,2023-03-06 20:43:42.066461,,
4d112d68-9575-4f33-8a9e-ebe4a4c2df5f,completed,2023-03-06 20:43:42.066461,,
1267bc2b-70ce-4dfb-b630-5a7c5b2b23ef,completed,2023-03-06 20:43:42.066461,,
55a89925-77a7-4f01-9b61-a66be4c9b094,completed,2023-03-06 20:43:42.066461,,
518bdd4d-5dfc-4b8e-9695-dd1f5982cb0e,completed,2023-03-06 20:43:42.066461,,
f31b6eb5-5ab4-49b8-9d9a-b24fe7926e3a,completed,2023-03-06 20:43:42.066461,,
280e363b-f798-436f-98b6-587395c79526,completed,2023-03-06 20:43:42.066461,,
9eef57da-9e83-431a-b5ca-830fa5faa24d,completed,2023-03-06 20:43:42.066461,,
b7e85336-a3ff-4a62-a83a-817ced231e36,completed,2023-03-06 20:43:42.066461,,
79f629c6-2b81-4584-b436-0b711a3a0b65,completed,2023-03-06 20:43:42.066461,,
68e41f5f-3a89-483f-8bda-3e72d2aff853,completed,2023-03-06 20:43:42.066461,,
a2a25510-4f5b-494a-a2c8-9da6de0a14b6,completed,2023-03-06 20:43:42.066461,,
b04871f8-977a-49e8-8845-d003980da308,completed,2023-03-06 20:43:42.066461,,
fd46abdd-43bd-4e51-b44f-aa568c57bd72,completed,2023-03-06 20:43:42.066461,,
21818a7c-f38e-4733-9f81-9f106f069584,completed,2023-03-06 20:43:42.066461,,
2c27990d-11b3-4186-a5b5-85c77662e5d9,completed,2023-03-06 20:43:42.066461,,
3929f27a-fc44-43bf-9ac8-6e09bbb2c4d8,completed,2023-03-06 20:43:42.066461,,
ae154563-e74c-41ea-955d-9fb1628e36ee,completed,2023-03-06 20:43:42.066461,,
7c83d336-a0c9-40e7-a8c8-3ecc78fd878c,completed,2023-03-06 20:43:42.066461,,
64f4bdf2-c207-4c65-a8bc-88ba9ade84a3,completed,2023-03-06 20:43:42.066461,,
63b27c3d-542a-45c3-abb7-202aa74729b4,completed,2023-03-06 20:43:42.066461,,
4503a6ed-ba39-4138-a7f0-fa5df0892eab,completed,2023-03-06 20:43:42.066461,,
2fd326a8-ed02-4a6d-98ee-b9c57a5cddaf,completed,2023-03-06 20:43:42.066461,,
4bb21da9-b1b4-4284-87c2-3b210a8ba231,completed,2023-03-06 20:43:42.066461,,
d4644251-0b82-4549-a004-ba8eda5b74c0,completed,2023-03-06 20:43:42.066461,,
50ef40f8-eb64-43d9-bac6-d9758b12f9d9,completed,2023-03-06 20:43:42.066461,,
f2bb7a55-e1c6-4a8c-a093-0b7a0c750678,completed,2023-03-06 20:43:42.066461,,
355a1a8d-157f-4695-8fb4-575426dca2be,completed,2023-03-06 20:43:42.066461,,
e3ea4aba-8de5-40f4-a85e-ac4855c65ae3,completed,2023-03-06 20:43:42.066461,,
cb4d11cb-2703-42e7-aa63-4fdf8b742974,completed,2023-03-06 20:43:42.066461,,
a960f145-1cb9-4e6d-9f51-b710ac4cb4d5,completed,2023-03-06 20:43:42.066461,,
3cc636cf-4009-4cea-b0c3-db95054f36ad,completed,2023-03-06 20:43:42.066461,,
c6422823-5ce1-44f4-bffe-892f81527c2a,completed,2023-03-06 20:43:42.066461,,
684ef82a-7963-41b4-ac92-c0b077b2cb3c,completed,2023-03-06 20:43:42.066461,,
a7e9e589-d79a-446a-9074-7d4459d8d849,completed,2023-03-06 20:43:42.066461,,
193d8187-5ee2-4681-838d-223c9713faf6,completed,2023-03-06 20:43:42.066461,,
a98af4dc-a0af-42d9-a720-64c26277018f,completed,2023-03-06 20:43:42.066461,,
07477cfb-f87f-45e1-aa11-5203c696fe13,completed,2023-03-06 20:43:42.066461,,
ebaac58e-5d7c-4be1-995a-47a635c728ad,completed,2023-03-06 20:43:42.066461,,
569380e4-52a4-4181-b311-9fa3f021fe32,completed,2023-03-06 20:43:42.066461,,
a36933a6-5eed-418c-adbb-59f1e3995c3b,completed,2023-03-06 20:43:42.066461,,
a03bdde3-6e34-403e-a870-066e7c1b71e7,completed,2023-03-06 20:43:42.066461,,
67a927b4-707b-4894-8322-623c7985a837,completed,2023-03-06 20:43:42.066461,,
23cbcf54-ae61-4ec5-830e-dd36e5b75159,completed,2023-03-06 20:43:42.066461,,
faa9ff81-58d1-454d-84f3-3aa84aefe501,completed,2023-03-06 20:43:42.066461,,
4e905b1c-305a-4ab3-b82a-29b2f208b86f,completed,2023-03-06 20:43:42.066461,,
43ff1a3b-3a92-49fb-b784-01dead255615,completed,2023-03-06 20:43:42.066461,,
ad4929f9-96ce-4c62-a119-073cc807838b,completed,2023-03-06 20:43:42.066461,,
ced3c267-6737-4f67-8b60-9c8e8fc8a70b,completed,2023-03-06 20:43:42.066461,,
03b7f533-5796-4f69-93a2-ecfe705a2533,completed,2023-03-06 20:43:42.066461,,
2def0f5e-c0de-437d-90b7-948203875bcb,completed,2023-03-06 20:43:42.066461,,
8ed7699a-e0ea-471f-8c42-9a257c466519,completed,2023-03-06 20:43:42.066461,,
3367b2e3-4916-4f84-ad6c-937b6643b5e4,completed,2023-03-06 20:43:42.066461,,
fca449b5-6d27-4d5c-9e7d-2232aaded611,completed,2023-03-06 20:43:42.066461,,
801b1bb9-2f57-4cb9-88eb-5f6f8087f5b3,completed,2023-03-06 20:43:42.066461,,
f639aec1-0df6-4a31-bb32-79e1c72a9c55,completed,2023-03-06 20:43:42.066461,,
ad645620-afab-4a2c-8e21-1efa54466a10,completed,2023-03-06 20:43:42.066461,,
2a5494d8-f765-459b-85dc-935576e433bd,completed,2023-03-06 20:43:42.066461,,
a0bcc298-64cf-4cfe-9beb-5b2db70f541b,completed,2023-03-06 20:43:42.066461,,
2c45fa79-50f6-4d84-bde7-59e3e0abe338,completed,2023-03-06 20:43:42.066461,,
f678cd14-0562-44bf-a302-d302e403c045,completed,2023-03-06 20:43:42.066461,,
fa0a0f49-8664-40b4-879e-0bfe23b0dca9,completed,2023-03-06 20:43:42.066461,,
d8a04ed8-258f-4ea5-8450-09a10779f337,completed,2023-03-06 20:43:42.066461,,
22f80433-9e58-49c7-b662-4a362a83a8e2,completed,2023-03-06 20:43:42.066461,,
48d4168c-cee4-4184-bdee-69876670a473,completed,2023-03-06 20:43:42.066461,,
518b5113-4bbf-47cd-a4b8-afb96f02e282,completed,2023-03-06 20:43:42.066461,,
dc657fe7-9c2d-477f-89a3-bc664a4b779f,completed,2023-03-06 20:43:42.066461,,
55ff2a32-f1f3-42ac-9a8a-53a959c7763e,completed,2023-03-06 20:43:42.066461,,
115b6537-86f3-45df-ae06-224787138136,completed,2023-03-06 20:43:42.066461,,
888b8061-75a5-44ca-a5ef-1ab0d593323b,completed,2023-03-06 20:43:42.066461,,
7452c463-eb70-4a2a-952b-ec6836a04617,completed,2023-03-06 20:43:42.066461,,
0a82cd81-8f70-43ee-9b87-74f2f795d7f1,completed,2023-03-06 20:43:42.066461,,
40011fa8-28ec-4302-b4ea-9df547e6acfc,completed,2023-03-06 20:43:42.066461,,
411a6e0f-e5c6-438b-96bf-3e9b4d655983,completed,2023-03-06 20:43:42.066461,,
25b49984-9306-400f-991f-3b061574d804,completed,2023-03-06 20:43:42.066461,,
4d3548c0-3a52-4211-bea4-69af20fe78a0,completed,2023-03-06 20:43:42.066461,,
547ad0dc-ee22-46dd-8e34-c7e8a1c54f70,completed,2023-03-06 20:43:42.066461,,
d6d78628-6e58-4382-97d1-ebb8c0407f1d,completed,2023-03-06 20:43:42.066461,,
db98428f-8bc2-4d39-a574-b1549cb0a0ac,completed,2023-03-06 20:43:42.066461,,
291ea35e-b81d-4642-ba49-544187753315,completed,2023-03-06 20:43:42.066461,,
6fb90dfa-3bd0-4007-a9c1-1655e1a362bf,completed,2023-03-06 20:43:42.066461,,
3333e798-e6fa-423b-883c-d0058fa8c1b2,completed,2023-03-06 20:43:42.066461,,
195c3ac1-d9f4-4812-905f-084094fcfea2,completed,2023-03-06 20:43:42.066461,,
890c47ab-6f26-4520-86df-e13d1db64615,completed,2023-03-06 20:43:42.066461,,
a2d55407-8d84-4e29-9741-d490e84d7db9,completed,2023-03-06 20:43:42.066461,,
7ef8b959-f9bf-4bc4-9e61-e9d92040cba6,completed,2023-03-06 20:43:42.066461,,
32ab9cd6-8c76-4243-96cb-4f2bcf3f3a9b,completed,2023-03-06 20:43:42.066461,,
caca0da8-dddd-4c61-94e1-cd307ed6e9ec,completed,2023-03-06 20:43:42.066461,,
9a43e1b7-8327-492e-9cb8-fb1db80381d7,completed,2023-03-06 20:43:42.066461,,
6590aadc-5eda-4a55-bc00-f05873f0e40c,completed,2023-03-06 20:43:42.066461,,
bbb4e8e2-7d8d-4c3a-b010-26a15cb4ad0c,completed,2023-03-06 20:43:42.066461,,
d8872117-853d-4f9c-bbd5-698612694e2d,completed,2023-03-06 20:43:42.066461,,
e93edc06-2f50-49c5-bcbc-0291001e894c,completed,2023-03-06 20:43:42.066461,,
1bab71ff-56e7-4741-91e1-e8a5c3e9cba1,completed,2023-03-06 20:43:42.066461,,
25cc9931-cf55-406b-87b0-ee799146ca5c,completed,2023-03-06 20:43:42.066461,,
88c87aed-3141-46b9-a6a3-ea1268535b93,completed,2023-03-06 20:43:42.066461,,
c92a6bd8-04d9-4cb1-a252-aecff316413b,completed,2023-03-06 20:43:42.066461,,
d5d65937-1617-4f52-a65e-b22836bb5c90,completed,2023-03-06 20:43:42.066461,,
98e4c36c-06eb-48f1-ada2-393a5781eecf,completed,2023-03-06 20:43:42.066461,,
a7d90a2e-45e6-4d09-8313-af13dfa77f0a,completed,2023-03-06 20:43:42.066461,,
46359e3e-bfb4-4a8d-9c0a-1f2ba986a5cf,completed,2023-03-06 20:43:42.066461,,
2f4e8fed-901c-4630-815e-339f67db9964,completed,2023-03-06 20:43:42.066461,,
7fc4b574-e90d-4638-95c0-30b18cf303a2,completed,2023-03-06 20:43:42.066461,,
f4f08b06-79f9-4532-8102-8ef580cd85e3,completed,2023-03-06 20:43:42.066461,,
71c862bc-662e-4b8a-94e2-04cc2605d166,completed,2023-03-06 20:43:42.066461,,
2209e167-0955-42ef-b325-55a1d4c01dfe,completed,2023-03-06 20:43:42.066461,,
53e91d8e-cef1-4b7d-ba48-6ab54630136d,completed,2023-03-06 20:43:42.066461,,
3440131c-8a20-4367-9fd7-8078f125901c,completed,2023-03-06 20:43:42.066461,,
62465d66-8d33-4691-8db9-ccced7e08e2e,completed,2023-03-06 20:43:42.066461,,
2ec49654-dd34-4006-aac6-3c46117cd488,completed,2023-03-06 20:43:42.066461,,
7d0f86f8-8351-49d5-ba20-ad41375af289,completed,2023-03-06 20:43:42.066461,,
7eb91e8c-6d2c-4c86-a68f-2c3d755a2e2d,completed,2023-03-06 20:43:42.066461,,
6eda1835-a3f9-4e00-b097-1e7ca262f2fb,completed,2023-03-06 20:43:42.066461,,
3dcf4100-5842-4df6-b5ee-0edb61da63f3,completed,2023-03-06 20:43:42.066461,,
b3c5cddc-7cd6-40b7-97a6-8b0e8f6c0926,completed,2023-03-06 20:43:42.066461,,
d7142d09-bdd8-4065-aad2-1ed4eab041af,completed,2023-03-06 20:43:42.066461,,
1ef31c81-7199-48c9-a0e9-12ad14020657,completed,2023-03-06 20:43:42.066461,,
3b66c538-a6bc-4cd5-b1b1-dbc996497f7e,completed,2023-03-06 20:43:42.066461,,
f68d76f7-a14d-420b-8f92-ee3531c1b3e4,completed,2023-03-06 20:43:42.066461,,
2a7145b7-ce85-48c5-8cac-e4abb25e619b,completed,2023-03-06 20:43:42.066461,,
65cab13f-923f-409f-8745-80ccde8bd0b4,completed,2023-03-06 20:43:42.066461,,
10c26995-4dcb-4992-9a58-18dc15601a06,completed,2023-03-06 20:43:42.066461,,
21061581-c898-4e5c-a194-1cd151362ac6,completed,2023-03-06 20:43:42.066461,,
cdc9d086-8edf-42ac-abaf-70db2dfbb970,completed,2023-03-06 20:43:42.066461,,
2c7533be-05a2-4119-af10-d68d6a77b588,completed,2023-03-06 20:43:42.066461,,
67eb5060-02f5-4f1e-9b7d-8e9b0c48732a,completed,2023-03-06 20:43:42.066461,,
2a7532ac-c35e-464a-8e8a-7bfee0ab5041,completed,2023-03-06 20:43:42.066461,,
fb01724d-5c5c-4998-89a0-1a7c467e61fc,completed,2023-03-06 20:43:42.066461,,
1b23889f-003d-4b71-b178-132108d3265e,completed,2023-03-06 20:43:42.066461,,
b0b479b2-0089-4068-be03-ba9f0d6b303a,completed,2023-03-06 20:43:42.066461,,
1901f457-1e4d-48ed-9d8c-af772ca0d66c,completed,2023-03-06 20:43:42.066461,,
cdf24884-9ef7-4029-9cf5-e12b6db59950,completed,2023-03-06 20:43:42.066461,,
8fb08bb0-5051-414e-ac21-fe27b4b38e9b,completed,2023-03-06 20:43:42.066461,,
ac631af7-fbf7-432c-92fd-aeff907a9175,completed,2023-03-06 20:43:42.066461,,
93ab6ae7-6724-4067-a25d-fafadd573954,completed,2023-03-06 20:43:42.066461,,
f6bf43e9-48ee-4aea-8eb3-8dd0ec6bc426,completed,2023-03-06 20:43:42.066461,,
e90c8a5f-de4d-49a9-9713-875866fd4f82,completed,2023-03-06 20:43:42.066461,,
3c97ecac-aab9-4bef-9a6c-e4059a1d2b3c,completed,2023-03-06 20:43:42.066461,,
fe1a3cc0-eaa8-43e5-823b-a162ab4fbee1,completed,2023-03-06 20:43:42.066461,,
700a8743-5f28-43ee-94ea-2aced0a41958,completed,2023-03-06 20:43:42.066461,,
739bf1d1-c576-423e-bcf9-bd00117b3b62,completed,2023-03-06 20:43:42.066461,,
09c5d4e5-34b4-4ee2-8ea0-83e04f18357b,completed,2023-03-06 20:43:42.066461,,
1347e9b5-47b1-4524-8caa-02a27ec5df2f,completed,2023-03-06 20:43:42.066461,,
75599bdb-cf76-435a-9902-92765ac238be,completed,2023-03-06 20:43:42.066461,,
bcb877f8-1301-44e4-82f2-3f1e4c42a224,completed,2023-03-06 20:43:42.066461,,
53cd19f8-16eb-420e-ae72-92b8d67ba495,completed,2023-03-06 20:43:42.066461,,
f3ee1348-383a-44e3-b8c6-5dc9a02bcc27,completed,2023-03-06 20:43:42.066461,,
d5dafb57-1865-45d5-a940-8c5002e4015d,completed,2023-03-06 20:43:42.066461,,
78adb0a9-2d1e-4594-a534-d85caf75170f,completed,2023-03-06 20:43:42.066461,,
aaf6a717-3ebf-4c66-b651-e29fd7dda344,completed,2023-03-06 20:43:42.066461,,
3e78aab3-65bd-429d-b911-5f286dc138dc,completed,2023-03-06 20:43:42.066461,,
e7a2d77a-5fae-4a58-ae4b-a7ce03c569e3,completed,2023-03-06 20:43:42.066461,,
386bbfba-7c04-4b0e-ba32-6d43c649936c,completed,2023-03-06 20:43:42.066461,,
36196725-4c6b-4382-a2a3-947c32fe0a5c,completed,2023-03-06 20:43:42.066461,,
0c249883-8491-46d4-bcaa-5d491c66fd76,completed,2023-03-06 20:43:42.066461,,
7c14dbee-4ee7-4b36-b0b0-08700da6ab5a,completed,2023-03-06 20:43:42.066461,,
85e31ebf-43b6-4a6c-b139-d0d9eeae4ca9,completed,2023-03-06 20:43:42.066461,,
5104290c-d0e5-459b-be34-33f1e3f662ae,completed,2023-03-06 20:43:42.066461,,
8622548d-ad55-4399-bf93-6d04ee591f56,completed,2023-03-06 20:43:42.066461,,
7ecec3cc-6549-435e-b057-afd4498ec86f,completed,2023-03-06 20:43:42.066461,,
5197756b-4d67-423e-a42f-9a88f43eb7e9,completed,2023-03-06 20:43:42.066461,,
e097eb9e-3da4-49fd-8159-8451d5ec2eb9,completed,2023-03-06 20:43:42.066461,,
f474161f-fed8-47d6-952c-4e01e033629a,completed,2023-03-06 20:43:42.066461,,
756ad26c-39d2-4a69-a443-19002f362215,completed,2023-03-06 20:43:42.066461,,
72bc8f03-8a81-4d55-82f8-a9c1bbaecc1c,completed,2023-03-06 20:43:42.066461,,
b8473761-82e4-42dd-861e-9e4b9927c75c,completed,2023-03-06 20:43:42.066461,,
f8d2a0a6-98f2-4e70-8785-37800cc5611a,completed,2023-03-06 20:43:42.066461,,
4eb80e48-0b37-47c7-8caf-5b10c075f559,completed,2023-03-06 20:43:42.066461,,
ad1993d8-826b-4b6b-8ee4-5a9d9e7376dd,completed,2023-03-06 20:43:42.066461,,
bdd55928-77a7-4a08-ade7-b93f84dfce35,completed,2023-03-06 20:43:42.066461,,
c17414b4-0424-4213-8597-c694211baafb,completed,2023-03-06 20:43:42.066461,,
eb3616c4-fc4e-4e8c-9065-05d229bc87e1,completed,2023-03-06 20:43:42.066461,,
a3b2b207-d885-43af-bc62-ff3f7e56d360,completed,2023-03-06 20:43:42.066461,,
b87de730-a84c-459f-9a6b-cc971bca268c,completed,2023-03-06 20:43:42.066461,,
824ac5fd-2ccf-48f4-803f-8f7216d33294,completed,2023-03-06 20:43:42.066461,,
d7bf9d63-d52e-4bf0-a661-6ab11a484d64,completed,2023-03-06 20:43:42.066461,,
43a99017-4dc9-48d7-a62c-9f433c62d223,completed,2023-03-06 20:43:42.066461,,
07f4cb49-7ce2-4ce8-aa53-80589f29a28e,completed,2023-03-06 20:43:42.066461,,
26c6b595-364d-457d-a556-d8ce4007dc95,completed,2023-03-06 20:43:42.066461,,
d4ce50fb-c8f9-44a7-9c11-57550c4d1b6d,completed,2023-03-06 20:43:42.066461,,
e249fc12-3427-4aa8-8ac5-1571c7a9b15c,completed,2023-03-06 20:43:42.066461,,
6c793d98-650b-48a9-91d1-acdd5af98273,completed,2023-03-06 20:43:42.066461,,
e62d09e3-4558-4a97-a5f6-1473d1dca41e,completed,2023-03-06 20:43:42.066461,,
2849b425-5f8e-426c-8e79-4a32ef309284,completed,2023-03-06 20:43:42.066461,,
ae137dda-51ab-4409-8f55-9ec68d37d579,completed,2023-03-06 20:43:42.066461,,
19e1eec5-5b8c-479d-84b3-bc5166dc87de,completed,2023-03-06 20:43:42.066461,,
ab38a554-51b9-48c7-a40d-14cdf7286ad2,completed,2023-03-06 20:43:42.066461,,
35671301-2b92-4497-9736-d540feee765c,completed,2023-03-06 20:43:42.066461,,
6e622891-cd25-4c69-81b5-3517963c6859,completed,2023-03-06 20:43:42.066461,,
9d053ff6-d510-435a-bcd4-37566350d1df,completed,2023-03-06 20:43:42.066461,,
b4f41aaa-109c-4964-bafa-987f8b16f960,completed,2023-03-06 20:43:42.066461,,
12cf2278-39aa-4106-b7b5-291203ec6cf6,completed,2023-03-06 20:43:42.066461,,
bd227249-5826-4274-b999-c282ee848a6d,completed,2023-03-06 20:43:42.066461,,
f0155a5d-9309-4d29-86f7-eb948e9e6860,completed,2023-03-06 20:43:42.066461,,
07af9674-3e7e-4dd0-ae1a-9e61b9f6abbd,completed,2023-03-06 20:43:42.066461,,
56a42d0b-12b8-4593-9119-976a0c4d420e,completed,2023-03-06 20:43:42.066461,,
6db0ec5a-b2d2-46b6-841e-1b2213109733,completed,2023-03-06 20:43:42.066461,,
a5f0a0c5-e79b-445b-b707-e945f1cace6e,completed,2023-03-06 20:43:42.066461,,
4be3525f-82e1-4693-8aff-897155449ff5,completed,2023-03-06 20:43:42.066461,,
702c1b18-9240-4ce3-b190-f3048c199bcc,completed,2023-03-06 20:43:42.066461,,
d12cb17a-fc24-419d-8bdf-db8e59a4f654,completed,2023-03-06 20:43:42.066461,,
94678b6a-26d9-46f7-9182-c9c4552315b9,completed,2023-03-06 20:43:42.066461,,
6c366d78-ac5c-4fbb-a983-1c9dc8f379a0,completed,2023-03-06 20:43:42.066461,,
ed37b31e-6fff-4629-a452-c4c45ed51304,completed,2023-03-06 20:43:42.066461,,
104b5f6d-79f5-4d92-bfe5-c77cc2fad8cc,completed,2023-03-06 20:43:42.066461,,
b48ac7b2-3a06-42cd-98cb-17c9fa3dd160,completed,2023-03-06 20:43:42.066461,,
ce7048de-0d34-4b1d-9cde-488ab44ee2ca,completed,2023-03-06 20:43:42.066461,,
09014eaa-c196-47ef-a678-2268cca88d0d,completed,2023-03-06 20:43:42.066461,,
691a5241-1503-4906-bde0-a7951b921dfe,completed,2023-03-06 20:43:42.066461,,
98dbd231-d27b-46c8-a844-2cc560250e70,completed,2023-03-06 20:43:42.066461,,
77bd3719-2210-499a-abc7-8e8c4830a597,completed,2023-03-06 20:43:42.066461,,
92f5c268-6f9c-4321-a818-f88809f1b825,completed,2023-03-06 20:43:42.066461,,
81b574b7-ff04-477a-9e82-0eac6ab6df56,completed,2023-03-06 20:43:42.066461,,
5a158767-edee-423e-a6fc-f2dbbb03bf9f,completed,2023-03-06 20:43:42.066461,,
391c06d5-cbd8-4cad-b2a3-b4f115455e03,completed,2023-03-06 20:43:42.066461,,
e53bd02e-cc63-4b44-a195-4a54e53f028d,completed,2023-03-06 20:43:42.066461,,
de388e69-c387-4af4-b87e-b8877ebf66c2,completed,2023-03-06 20:43:42.066461,,
147c21f0-39af-487b-81e3-2ec4a12993e2,completed,2023-03-06 20:43:42.066461,,
f4cb7a77-c729-469c-b980-3985a0338a4d,completed,2023-03-06 20:43:42.066461,,
fecff9b6-f8e6-4bed-86f2-2199fc89cdbb,completed,2023-03-06 20:43:42.066461,,
69d25c1b-d16d-4e1d-bd63-1a19cc502619,completed,2023-03-06 20:43:42.066461,,
8f921c4e-cbf9-4406-8056-7c281bbedf4f,completed,2023-03-06 20:43:42.066461,,
4610054a-8273-4c68-a285-d1e6044e7989,completed,2023-03-06 20:43:42.066461,,
9bc06351-50f9-467e-a67b-10524de371ed,completed,2023-03-06 20:43:42.066461,,
74613ba5-aadd-498c-a666-03d1fa7baf37,completed,2023-03-06 20:43:42.066461,,
49dfe676-5610-4103-83a0-754f657e0e8f,completed,2023-03-06 20:43:42.066461,,
d845668a-b806-418d-b85b-3135077a00f7,completed,2023-03-06 20:43:42.066461,,
08be2ba2-fac5-4dad-beb0-05bfe6ea993a,completed,2023-03-06 20:43:42.066461,,
7eb92ed7-4626-47ff-8b83-30be90345200,completed,2023-03-06 20:43:42.066461,,
c2e873c6-0adf-43b8-8b25-6cac9e766363,completed,2023-03-06 20:43:42.066461,,
8e196f98-38dc-422b-ad6a-222986e25b27,completed,2023-03-06 20:43:42.066461,,
022993c5-e269-4eaa-b6e3-a4dac20cb9bf,completed,2023-03-06 20:43:42.066461,,
32dce6a3-4250-4859-91fe-923ec777a644,completed,2023-03-06 20:43:42.066461,,
e2f664ec-fdfe-4144-9c91-d55c4173dbc1,completed,2023-03-06 20:43:42.066461,,
ead6cec2-802e-46cc-a550-0f14f1c311dc,completed,2023-03-06 20:43:42.066461,,
39378db1-45a0-4a8c-894d-780c331971a7,completed,2023-03-06 20:43:42.066461,,
6cbc5fe0-2fbb-4ca4-b0f6-2b26dd680432,completed,2023-03-06 20:43:42.066461,,
3c081a7b-8608-4046-a94e-6c992a0e6a6e,completed,2023-03-06 20:43:42.066461,,
57cb2319-e25d-4bd4-bfd8-a0b41d5bf579,completed,2023-03-06 20:43:42.066461,,
86d80534-9670-4a16-9a66-89350ef37ab0,completed,2023-03-06 20:43:42.066461,,
8e5c5b28-1d22-458a-b7bd-62f35d81d8b7,completed,2023-03-06 20:43:42.066461,,
af342218-3581-40a5-a5f5-ba1bb0530d68,completed,2023-03-06 20:43:42.066461,,
040acfa7-2172-4af9-86c4-409d081aa2e1,completed,2023-03-06 20:43:42.066461,,
497ef558-9a67-48ce-a84c-163f10a585d5,completed,2023-03-06 20:43:42.066461,,
58322930-1553-4aac-b1bf-08a4fd456dbc,completed,2023-03-06 20:43:42.066461,,
e1afe2fc-668d-41e1-ba16-8bacc83e5d88,completed,2023-03-06 20:43:42.066461,,
cb75f5ec-0baf-4b9c-bc84-45b744e0f9aa,completed,2023-03-06 20:43:42.066461,,
b8322954-a62d-4097-9741-46dec6e28c24,completed,2023-03-06 20:43:42.066461,,
1157eb88-1382-45f5-b3ce-94cb6f454f7c,completed,2023-03-06 20:43:42.066461,,
df36f776-6db9-43f0-9383-7b32716b1fd3,completed,2023-03-06 20:43:42.066461,,
1252d3c4-4947-465c-a05d-135427205f9e,completed,2023-03-06 20:43:42.066461,,
eada9473-83d8-497a-ae1b-4432784e5ffc,completed,2023-03-06 20:43:42.066461,,
ed915a7c-bafb-48e5-bc95-52c3405f52b8,completed,2023-03-06 20:43:42.066461,,
38f0af1b-ba24-46fa-a068-5002d9246059,completed,2023-03-06 20:43:42.066461,,
7a9f377b-b641-4840-afc8-411c6d26c6ae,completed,2023-03-06 20:43:42.066461,,
19a0934b-89e8-4eac-8250-715f82501497,completed,2023-03-06 20:43:42.066461,,
8d35e5ab-cec2-4483-8765-eb884b755dd8,completed,2023-03-06 20:43:42.066461,,
7bd284af-532c-46b7-b500-fd520cfef77a,completed,2023-03-06 20:43:42.066461,,
596c3d1b-0499-4347-b7a5-ef5afef0c012,completed,2023-03-06 20:43:42.066461,,
8eb24aa4-76e0-4649-be7d-21ade058977b,completed,2023-03-06 20:43:42.066461,,
5e6da074-9dc1-4a92-b9c2-68569b485def,completed,2023-03-06 20:43:42.066461,,
41025428-6d76-4a6b-9c47-dea337bb684a,completed,2023-03-06 20:43:42.066461,,
d950d7e8-3008-4012-9868-a440d825229f,completed,2023-03-06 20:43:42.066461,,
71409936-9ea7-4698-97f2-288309843dad,completed,2023-03-06 20:43:42.066461,,
5c52edd8-b9a0-4b1c-88da-4f6eca4bad12,completed,2023-03-06 20:43:42.066461,,
477f7904-7ff5-4901-9c11-8cfa3e41a416,completed,2023-03-06 20:43:42.066461,,
f6a1025c-a92c-48b1-af4f-236203254825,completed,2023-03-06 20:43:42.066461,,
752b0fe2-679b-4bf0-b020-7741429ffc61,completed,2023-03-06 20:43:42.066461,,
bd95aa43-acd7-4ec7-b179-9e6560b6bb0e,completed,2023-03-06 20:43:42.066461,,
7451d767-6d8a-422e-9f82-fd2857730a4d,completed,2023-03-06 20:43:42.066461,,
956f6906-f1d6-4a11-80a9-8be1181d090d,completed,2023-03-06 20:43:42.066461,,
4ae219c3-1c11-426b-8d4d-d2f42e9ce933,failed,2023-03-06 20:43:42.066461,,
d4ff13ad-9024-404c-bca6-502ce23e81d9,completed,2023-03-06 20:43:42.066461,,
230330c4-9e6a-4d5b-aef1-ed41f30a32c1,completed,2023-03-06 20:43:42.066461,,
9e2a94f7-e4c6-47e6-8d1f-69abfb7c2a13,completed,2023-03-06 20:43:42.066461,,
292f7d77-d9e6-41cb-9da9-84327204485f,completed,2023-03-06 20:43:42.066461,,
3b9427ea-0ae9-4c64-a281-d1874eec974d,completed,2023-03-06 20:43:42.066461,,
fddbc474-a365-4774-8095-b2473d965e18,completed,2023-03-06 20:43:42.066461,,
e08955ed-4d27-4529-b4ce-02e277a5226d,completed,2023-03-06 20:43:42.066461,,
feee8faa-a5db-489b-bb82-c34eb9e8f30c,completed,2023-03-06 20:43:42.066461,,
98dde7b4-3ca8-4f98-b57f-6a425bf51de6,completed,2023-03-06 20:43:42.066461,,
3be268ef-d005-40c8-8786-e83d479deea0,completed,2023-03-06 20:43:42.066461,,
235395a8-3517-436a-a5f1-4c5ef4ac0dd0,completed,2023-03-06 20:43:42.066461,,
135fb943-0501-46c4-af11-083089961e91,completed,2023-03-06 20:43:42.066461,,
af80f623-5e53-422f-8333-d6dca4559466,completed,2023-03-06 20:43:42.066461,,
2951b34b-157b-41f6-b516-dd38fb8aa4db,completed,2023-03-06 20:43:42.066461,,
8bf01ae2-edab-4a41-89c3-670ab60a91d1,completed,2023-03-06 20:43:42.066461,,
a2d5634d-5764-483a-a38a-7f785aaa206e,completed,2023-03-06 20:43:42.066461,,
933f4626-51ce-476a-9670-4d3a83ac112d,completed,2023-03-06 20:43:42.066461,,
c3bfd360-96df-46e2-8048-be3a6aebeae8,completed,2023-03-06 20:43:42.066461,,
a9d5ef1c-7ac0-4175-b3fd-cb4c1b0beb91,completed,2023-03-06 20:43:42.066461,,
9a533eff-fbb6-4b0e-9ba0-212a94ffd6fd,completed,2023-03-06 20:43:42.066461,,
a00430cf-6669-48f3-95a6-69c6999915c5,completed,2023-03-06 20:43:42.066461,,
723aa38e-7bbc-4bb0-b391-0ea3aa03e617,completed,2023-03-06 20:43:42.066461,,
cba6b849-cab6-4410-87c5-ba99a56c4435,completed,2023-03-06 20:43:42.066461,,
02ae7584-e94a-444d-8f5b-c730c22e94cc,completed,2023-03-06 20:43:42.066461,,
961d664e-9691-41fc-9396-7315a9df0952,completed,2023-03-06 20:43:42.066461,,
618a184f-d8a6-4aa6-ad37-ed48150f8992,completed,2023-03-06 20:43:42.066461,,
98d880cd-b8eb-4b87-b514-b1f0287e79b9,completed,2023-03-06 20:43:42.066461,,
b1eab272-ce37-4530-b47f-79931d83138c,completed,2023-03-06 20:43:42.066461,,
6a6e96bc-d701-4918-9da0-ad5679ad2940,completed,2023-03-06 20:43:42.066461,,
808550b3-7fcd-4e8e-99f0-fc6d3e0e6e9c,completed,2023-03-06 20:43:42.066461,,
1dae9288-bd31-4b8a-8b35-68fab377f5ac,completed,2023-03-06 20:43:42.066461,,
6a940a12-63b6-498b-a0c2-7a75acfbef11,completed,2023-03-06 20:43:42.066461,,
9b2fd115-be4f-4145-9558-6f8f314eb070,completed,2023-03-06 20:43:42.066461,,
6c8ff9b7-0db0-4059-90c7-ebe92d584fcd,completed,2023-03-06 20:43:42.066461,,
0163d103-50d9-4f49-84a8-a09cfda9b951,completed,2023-03-06 20:43:42.066461,,
8810ed53-d9ab-4913-8800-504f38ed162b,completed,2023-03-06 20:43:42.066461,,
2a99a476-fea4-4d58-9e29-ff45db197b96,completed,2023-03-06 20:43:42.066461,,
0c6e5fea-0183-40b4-9eb8-308819168eac,completed,2023-03-06 20:43:42.066461,,
85ce4117-162a-4ecb-932d-d7985d0dde05,completed,2023-03-06 20:43:42.066461,,
56c57e62-081c-4178-8ee8-55d1d66a4c8f,completed,2023-03-06 20:43:42.066461,,
12672aa8-bb66-49b3-9a41-8cff6eff9762,completed,2023-03-06 20:43:42.066461,,
46959872-a913-4e3b-82e2-cb0946488998,completed,2023-03-06 20:43:42.066461,,
2d8dab2e-f6dc-41a9-beb3-93889ecce363,completed,2023-03-06 20:43:42.066461,,
7bac545c-87d6-4c22-a7e5-5d47fd73e8cb,completed,2023-03-06 20:43:42.066461,,
e8ef1d66-2f42-4219-926d-b0348c03021a,completed,2023-03-06 20:43:42.066461,,
276a0beb-82cc-48d5-ba45-c066bd6decaf,completed,2023-03-06 20:43:42.066461,,
115d6034-34c1-4ec7-85c5-94d4e59497fa,failed,2023-03-06 20:43:42.066461,,
7945be7a-b4da-4e91-a0fd-404266c2ecb4,completed,2023-03-06 20:43:42.066461,,
cee2f58f-b091-4730-9651-5c3b56d36701,completed,2023-03-06 20:43:42.066461,,
282f64eb-b87e-4e0e-b9a3-3c896cefadba,completed,2023-03-06 20:43:42.066461,,
3f1c473e-3585-4a7a-a6a4-1405b3574f42,completed,2023-03-06 20:43:42.066461,,
2ac84e2e-ab0a-4a84-af4f-b7eea54e2f5e,completed,2023-03-06 20:43:42.066461,,
0e527aed-0586-498b-93ba-bd53904d6e24,completed,2023-03-06 20:43:42.066461,,
ea5e0c41-2f32-4f94-a868-26c1bb8258de,completed,2023-03-06 20:43:42.066461,,
8ea54510-37af-4671-85b0-4eced4dd1f99,completed,2023-03-06 20:43:42.066461,,
5f0ccd44-1a31-491f-a0dd-b3516cf209ea,completed,2023-03-06 20:43:42.066461,,
89f0a063-ac67-4716-b0a3-9670c49348af,completed,2023-03-06 20:43:42.066461,,
19217c1d-7574-440e-8cb7-9764c4958672,completed,2023-03-06 20:43:42.066461,,
77cd1444-a994-4a56-a35e-b98e5a8ca1db,completed,2023-03-06 20:43:42.066461,,
c4639031-1956-4f71-99f2-d58764748202,completed,2023-03-06 20:43:42.066461,,
0315a4be-3cd0-478c-9448-690c57370298,completed,2023-03-06 20:43:42.066461,,
d1fe2668-5951-43a1-b450-0d4c6bc533c9,completed,2023-03-06 20:43:42.066461,,
5aa451db-52dd-4022-bc98-7dc91ff604c5,completed,2023-03-06 20:43:42.066461,,
766475e9-3540-438f-bf10-fd3485035756,completed,2023-03-06 20:43:42.066461,,
f250e5cd-3868-43f8-b2af-569a54e20286,completed,2023-03-06 20:43:42.066461,,
c9b666a2-eda3-476f-83f3-677cf5d7d327,completed,2023-03-06 20:43:42.066461,,
56c766d7-ce61-43a7-8d4b-080d40bd4b54,completed,2023-03-06 20:43:42.066461,,
c745e0d2-73e8-4593-aef6-0ccaa791c4ee,completed,2023-03-06 20:43:42.066461,,
157d48ec-952c-4738-bf43-921bedd104f8,completed,2023-03-06 20:43:42.066461,,
46f837d8-11c7-435d-aac7-ce36614b77cf,completed,2023-03-06 20:43:42.066461,,
f9d25e12-6b4f-4241-9f96-6b00345a66a5,completed,2023-03-06 20:43:42.066461,,
8301f28d-8a75-4ea6-b480-ad41543e06fa,completed,2023-03-06 20:43:42.066461,,
a2c47261-9848-4050-9f08-23c20f8b0b34,completed,2023-03-06 20:43:42.066461,,
1f83e63d-a0ae-4476-8aaf-41114e482eba,completed,2023-03-06 20:43:42.066461,,
97b234e4-2851-4c10-be4c-1a2ef53be301,completed,2023-03-06 20:43:42.066461,,
67c86b64-bbd7-4a70-90ec-c70e6e3d8037,completed,2023-03-06 20:43:42.066461,,
2d6524f4-ea1d-4440-8cd9-d350a401d779,completed,2023-03-06 20:43:42.066461,,
38817689-3d5c-47ad-96d2-f07768e68f65,completed,2023-03-06 20:43:42.066461,,
bfd2d207-2506-4898-9ca1-9b3f7269a145,completed,2023-03-06 20:43:42.066461,,
f67ddfc3-2857-4112-ada3-6f91840f8c19,completed,2023-03-06 20:43:42.066461,,
f1c631b8-6b93-4e72-9be0-3baa678c0973,completed,2023-03-06 20:43:42.066461,,
a01adb2c-3bbc-4a45-aca3-881201f36e9b,completed,2023-03-06 20:43:42.066461,,
57294d69-e70d-40d0-9568-cfb0de7f736c,completed,2023-03-06 20:43:42.066461,,
612ac1bb-a05d-4160-9bd0-bee8061bef9a,completed,2023-03-06 20:43:42.066461,,
e31252cf-d115-43e5-8e9f-e74e772e6bdd,completed,2023-03-06 20:43:42.066461,,
f7acfffc-2237-4550-a634-a42e6560f323,completed,2023-03-06 20:43:42.066461,,
041922b3-d643-4d29-be72-767065522c1a,completed,2023-03-06 20:43:42.066461,,
3b99c52d-7ca1-48f8-83ff-f764c53e2794,completed,2023-03-06 20:43:42.066461,,
44f34c80-b8b9-45d9-9b96-58db0c71e23b,completed,2023-03-06 20:43:42.066461,,
91c77540-08a6-456a-b1db-38c204bfc8d6,completed,2023-03-06 20:43:42.066461,,
1cb8b00b-4ad9-44c5-b92c-896a32bedcc6,completed,2023-03-06 20:43:42.066461,,
e73ff124-a79f-4354-a809-6613512c8d2a,completed,2023-03-06 20:43:42.066461,,
3a590bc1-554e-4bd0-b8d5-542fc25ce733,completed,2023-03-06 20:43:42.066461,,
ee1d7a17-b5d7-4fe2-aa55-02afaad8b476,completed,2023-03-06 20:43:42.066461,,
325ce4be-cacb-46ba-99a5-2686a930b44b,completed,2023-03-06 20:43:42.066461,,
881f0317-18ac-4152-8d0e-864aab9aba20,completed,2023-03-06 20:43:42.066461,,
422cccb9-d083-44cd-ab30-d60ecb43fe95,completed,2023-03-06 20:43:42.066461,,
3d4bd241-762c-4999-b3c6-9c4a3cb77ba2,completed,2023-03-06 20:43:42.066461,,
3ad4d24a-8201-47c5-87f5-b5fa5599d661,completed,2023-03-06 20:43:42.066461,,
80c141c6-a99e-4a91-b40f-d1e26b7f3a94,completed,2023-03-06 20:43:42.066461,,
8508ec90-3e36-440a-b2a2-c787b00c53ea,completed,2023-03-06 20:43:42.066461,,
dd746dfa-f083-4841-a04b-d9f14ed94eaa,completed,2023-03-06 20:43:42.066461,,
39c81996-b882-4986-b428-9e08401a25ce,completed,2023-03-06 20:43:42.066461,,
12de1e77-8714-47d1-8d15-1e3d5cca366c,completed,2023-03-06 20:43:42.066461,,
f8184bfc-ff13-4e1f-ad3b-2a52678f27cf,completed,2023-03-06 20:43:42.066461,,
0fa7de9e-391c-4399-a4a8-9084966f6b48,completed,2023-03-06 20:43:42.066461,,
83091836-3b83-473f-b628-b7e36767dfa1,completed,2023-03-06 20:43:42.066461,,
210421b7-95af-4c6e-a458-3d9d4a7b8f83,completed,2023-03-06 20:43:42.066461,,
17655e5d-3515-483e-8807-767d8a94208c,completed,2023-03-06 20:43:42.066461,,
ccddb5de-18e0-4006-a5c2-ee2132fe8917,completed,2023-03-06 20:43:42.066461,,
a7de1d9f-849c-4f8e-a6bf-d755bbaf18ec,completed,2023-03-06 20:43:42.066461,,
c970ed3c-6342-44dc-bec2-101253285016,completed,2023-03-06 20:43:42.066461,,
6b199716-bfa1-429a-9a0c-b345d4faed27,completed,2023-03-06 20:43:42.066461,,
6f963e1b-034c-461a-82e0-0be1d2eaf201,completed,2023-03-06 20:43:42.066461,,
05dedaf0-0e3b-43f2-a86c-22993f772acb,completed,2023-03-06 20:43:42.066461,,
2686415a-7cbe-47d9-ad33-160e1f7cf33c,completed,2023-03-06 20:43:42.066461,,
a6a52e7a-54e6-40c9-a7ba-1871ffab30d8,completed,2023-03-06 20:43:42.066461,,
82caf8e3-5fc8-4561-a7f7-986b5fa60354,completed,2023-03-06 20:43:42.066461,,
f41ae8c2-8877-404d-8546-5abc38a51e7a,completed,2023-03-06 20:43:42.066461,,
fd6af6ba-f28a-4b11-b704-655e546896fd,completed,2023-03-06 20:43:42.066461,,
7487635e-e23e-4fed-9337-c9a339409c75,completed,2023-03-06 20:43:42.066461,,
1ce5cc39-bfd1-4a2e-b71c-701ef94b56d9,completed,2023-03-06 20:43:42.066461,,
7064fc1e-d483-4bd7-8f54-7d4b6b457011,completed,2023-03-06 20:43:42.066461,,
138aea11-ff5a-4581-9f78-fc3b51fa297d,completed,2023-03-06 20:43:42.066461,,
4165dc37-4738-40a0-8121-067942d59263,completed,2023-03-06 20:43:42.066461,,
93f05e63-4aef-45b5-ad4a-e29af9462823,completed,2023-03-06 20:43:42.066461,,
ae7cb892-c40e-4cc9-83d7-fb28dc0ec192,completed,2023-03-06 20:43:42.066461,,
53e87c88-8ebb-44a2-8f33-8c6232af83da,completed,2023-03-06 20:43:42.066461,,
aab8c155-3590-467c-88e1-42f9769ac172,completed,2023-03-06 20:43:42.066461,,
fe6486fd-67d4-4f38-8689-1b87bb1ac2ad,completed,2023-03-06 20:43:42.066461,,
907d5a45-ed08-451a-a76e-a43fbda68659,completed,2023-03-06 20:43:42.066461,,
fd2f234e-2bfe-4f9d-a324-be72ed8b1e36,completed,2023-03-06 20:43:42.066461,,
5ff10562-8025-4d4f-af26-62862f906c55,completed,2023-03-06 20:43:42.066461,,
2d865b1a-9b8b-45ba-9a23-9a94c51986dc,completed,2023-03-06 20:43:42.066461,,
2e63cdd9-8dde-490e-8cc2-fa0381c8f4f2,completed,2023-03-06 20:43:42.066461,,
e60b16a1-51dc-4c1e-9606-5d96884514b4,completed,2023-03-06 20:43:42.066461,,
2483b9ef-f67d-4809-90fa-39bfa0812ea7,completed,2023-03-06 20:43:42.066461,,
4dfcfb13-a5c8-410b-b436-9cc349c237f7,completed,2023-03-06 20:43:42.066461,,
951438ee-a32e-4a1d-8f81-8de6cf52c053,completed,2023-03-06 20:43:42.066461,,
6f22b4bd-1089-45e9-a141-73ceee29f926,completed,2023-03-06 20:43:42.066461,,
1f0f0f0b-9047-47ea-a0e8-b4d90f975c7f,completed,2023-03-06 20:43:42.066461,,
f18edc08-42bf-442b-a394-188d03a1e73a,completed,2023-03-06 20:43:42.066461,,
91cc7f8f-7f56-40bd-b8fb-d8af6bf8f013,completed,2023-03-06 20:43:42.066461,,
90f5c03d-2ac6-4da9-88b9-98c70e8b906f,completed,2023-03-06 20:43:42.066461,,
b0a4fd88-fedf-4faf-a876-3a387f6316a2,completed,2023-03-06 20:43:42.066461,,
4759d7c4-9aac-4426-862c-7fc033a98baf,completed,2023-03-06 20:43:42.066461,,
96439db6-992f-4470-b79f-5dcee1ce9a6f,completed,2023-03-06 20:43:42.066461,,
19b252dc-18d2-4581-ba64-67c9d03b02cc,completed,2023-03-06 20:43:42.066461,,
b3bf8201-125b-4332-91f4-d6a3006421bd,completed,2023-03-06 20:43:42.066461,,
b18f316b-16bb-42a8-9287-e75441b7ab5a,completed,2023-03-06 20:43:42.066461,,
32f74022-518c-42e0-bb51-79e960e151f6,completed,2023-03-06 20:43:42.066461,,
cf04d855-1d63-44b3-85f9-9993e37354ca,completed,2023-03-06 20:43:42.066461,,
5d2bd150-6d21-411f-a16f-2738a919fa3f,completed,2023-03-06 20:43:42.066461,,
77a50fd0-16c3-4c35-9f5f-cc0dcb8dffb9,completed,2023-03-06 20:43:42.066461,,
4316c8a8-0428-4144-89cd-70d2279ab341,completed,2023-03-06 20:43:42.066461,,
bd7c8741-0716-4b0f-84fd-272018947117,completed,2023-03-06 20:43:42.066461,,
cb5c2bde-327f-4ad6-9abf-b74ed53cf1c0,completed,2023-03-06 20:43:42.066461,,
e67e40ec-2105-4504-87f3-1f73c255d967,completed,2023-03-06 20:43:42.066461,,
4c943518-eac9-4d68-95ad-eefc8ce3dfe5,completed,2023-03-06 20:43:42.066461,,
5d4ca7bd-95e6-4fff-9bc5-2c65f3bfe7a2,completed,2023-03-06 20:43:42.066461,,
f5c85c2b-b7e6-4b5e-8d0b-0631853ca2c6,completed,2023-03-06 20:43:42.066461,,
32bd40cc-25f9-4798-95b1-74bd0be6b866,completed,2023-03-06 20:43:42.066461,,
f38c07f3-afca-4d22-b50d-d3c38dbcd3b5,completed,2023-03-06 20:43:42.066461,,
6578b862-47f7-4cd5-921e-3f879da80816,completed,2023-03-06 20:43:42.066461,,
78db9ab0-e04a-46c1-a31d-76992aaef540,completed,2023-03-06 20:43:42.066461,,
7c73efbb-9862-40b5-974a-44893e339d16,completed,2023-03-06 20:43:42.066461,,
770774bb-439b-49ae-ab16-c9495c093090,completed,2023-03-06 20:43:42.066461,,
bb812d94-e18a-4007-99fc-179b3a1c47d1,completed,2023-03-06 20:43:42.066461,,
76f5a004-9b2f-45e6-b512-208cae1acd06,completed,2023-03-06 20:43:42.066461,,
78572ce1-6a7a-477c-84ff-fe8826df96fd,completed,2023-03-06 20:43:42.066461,,
c8a8ded0-3051-404f-9cc2-c6b37895ccac,completed,2023-03-06 20:43:42.066461,,
8bf82dac-d8f7-4c3c-99cf-a8fdb252c722,completed,2023-03-06 20:43:42.066461,,
3ab20744-f49e-4ef6-9945-7a8fea0f9cc8,completed,2023-03-06 20:43:42.066461,,
15df8d5a-9206-4e4d-96e3-f735c5e61524,completed,2023-03-06 20:43:42.066461,,
775ed028-b53c-4ef8-9601-8180b201a42b,completed,2023-03-06 20:43:42.066461,,
cdc52473-34a9-42ce-99ec-c23c0a9ea0ee,completed,2023-03-06 20:43:42.066461,,
d39b7a3c-f3c2-4f60-8361-fed2d536d976,completed,2023-03-06 20:43:42.066461,,
c39b40e0-3d79-4891-aaaa-ef5c245f961d,completed,2023-03-06 20:43:42.066461,,
ae13a380-af86-406a-af23-42a6375d9d27,completed,2023-03-06 20:43:42.066461,,
360bdc0a-47ed-4645-8e2b-c2d3966806ff,completed,2023-03-06 20:43:42.066461,,
04dc314a-1749-4567-abc0-301e35dfb80e,completed,2023-03-06 20:43:42.066461,,
0b788c34-a347-4cb9-bfeb-ece1d46ec363,completed,2023-03-06 20:43:42.066461,,
c6f36e08-b0ed-46d0-b761-41205cca671b,completed,2023-03-06 20:43:42.066461,,
399cefcf-7cf7-4b69-95ee-78baed6584b0,completed,2023-03-06 20:43:42.066461,,
4a5ef856-09df-457f-8f21-38dc87a2adce,completed,2023-03-06 20:43:42.066461,,
15994600-4ede-47a4-9597-1be79ece4281,completed,2023-03-06 20:43:42.066461,,
edfec723-52a3-42a2-b1ba-9e42ccc8faa8,completed,2023-03-06 20:43:42.066461,,
cdb3026f-e399-4e88-b6ea-939a994b96bf,completed,2023-03-06 20:43:42.066461,,
5d176059-e5f2-4fa1-a958-76d0c8f3660a,completed,2023-03-06 20:43:42.066461,,
c869a197-7d3f-4757-9bae-5dd5f2d3af96,completed,2023-03-06 20:43:42.066461,,
ea8412ec-e76b-48c9-a035-ef11a96643e4,completed,2023-03-06 20:43:42.066461,,
e0ad301b-5542-4625-9823-b23a1f984472,completed,2023-03-06 20:43:42.066461,,
2e36f78a-60e3-4713-9848-bfea6060f77e,completed,2023-03-06 20:43:42.066461,,
55671fc2-8dc8-4d63-ac41-f248a71e0bc3,completed,2023-03-06 20:43:42.066461,,
829ab65a-aade-49e1-963e-9f419cada5ec,completed,2023-03-06 20:43:42.066461,,
fb83baf1-52d2-478f-84a7-f9b088d8c540,completed,2023-03-06 20:43:42.066461,,
97edfdc7-d3ce-43d7-abfc-684bbfad9537,completed,2023-03-06 20:43:42.066461,,
873cc4d5-5c4e-4d7f-9c42-6444a4e7c575,completed,2023-03-06 20:43:42.066461,,
7304435a-aff1-4edb-9531-1456c957db7f,completed,2023-03-06 20:43:42.066461,,
0cfb1a70-58d6-4d1d-a080-87063c28ad19,completed,2023-03-06 20:43:42.066461,,
e2280aad-a6b9-4187-b302-83547b227a34,completed,2023-03-06 20:43:42.066461,,
a7b0835d-71f4-4bfc-9edd-e91bb5f50b00,completed,2023-03-06 20:43:42.066461,,
25b3d4a0-59fe-4a7c-b489-43cc391a6691,completed,2023-03-06 20:43:42.066461,,
5fabad94-a3b2-488a-be28-7d67bf62e475,completed,2023-03-06 20:43:42.066461,,
f4b6eb21-dea6-415d-8814-9f54f20b8310,completed,2023-03-06 20:43:42.066461,,
c98c2c73-92fc-434f-8e49-8c28f5001641,completed,2023-03-06 20:43:42.066461,,
6f1b0cb0-fac7-4005-8bf2-f3e0c0bc8258,completed,2023-03-06 20:43:42.066461,,
0cd276fe-1b9b-4243-a701-b379e11cda70,completed,2023-03-06 20:43:42.066461,,
af8b22a8-6e3f-49bc-9ae2-20656afb76ee,completed,2023-03-06 20:43:42.066461,,
00e9c68f-3137-43e9-ae35-d18897b9efea,completed,2023-03-06 20:43:42.066461,,
e0ac33c8-bb03-47a7-8653-ef7f5cbf1d74,completed,2023-03-06 20:43:42.066461,,
c506ed64-0c16-4399-afa9-68035728fc7d,completed,2023-03-06 20:43:42.066461,,
a3833a81-0b53-4cd4-a509-5ab799209c9a,failed,2023-03-06 20:43:42.066461,,
3319daa8-b63e-428a-b345-57056c314b6f,completed,2023-03-06 20:43:42.066461,,
3766c619-3b53-4bb1-b29f-ba9eb727383a,completed,2023-03-06 20:43:42.066461,,
f0236ec3-2387-449a-a514-f85f8164f83e,completed,2023-03-06 20:43:42.066461,,
d345c4c0-8eee-4466-ba1a-a1b573694a49,completed,2023-03-06 20:43:42.066461,,
a80ca496-0001-4e3f-b654-85927aec122a,completed,2023-03-06 20:43:42.066461,,
498fcc3e-55e9-4228-8220-f4dbbb5dc168,completed,2023-03-06 20:43:42.066461,,
d963355f-496a-4124-b43d-9517646eb310,completed,2023-03-06 20:43:42.066461,,
c59a1e8a-74c3-4a05-8117-c75c3e1b6efd,completed,2023-03-06 20:43:42.066461,,
9e94f05c-ae57-49a2-9395-65b8cd1c9681,completed,2023-03-06 20:43:42.066461,,
6c00f9d1-71f2-438b-a360-c74b9c926e58,completed,2023-03-06 20:43:42.066461,,
74705763-656d-4b8f-8046-962762050a8d,completed,2023-03-06 20:43:42.066461,,
65cb08de-fb69-445e-bd58-3910f995e086,completed,2023-03-06 20:43:42.066461,,
06d58ef6-55b8-4554-8d98-b68f2a65e0b3,completed,2023-03-06 20:43:42.066461,,
c63c7d70-3fd4-4758-9224-64cb42d727eb,completed,2023-03-06 20:43:42.066461,,
3799a893-9761-4150-9830-10c90810ee35,completed,2023-03-06 20:43:42.066461,,
a1e48b4e-30d1-4ad1-bd7d-fbc6887787de,completed,2023-03-06 20:43:42.066461,,
bdf0de7b-2e7d-43ce-84d8-546284f1520b,completed,2023-03-06 20:43:42.066461,,
1ea2c440-45a0-4649-bdf0-821715dcd134,completed,2023-03-06 20:43:42.066461,,
bfda55d0-f6ab-4726-8fc9-440ccbdef3f6,completed,2023-03-06 20:43:42.066461,,
c953765a-ce01-47ea-92f0-106f2da43a39,completed,2023-03-06 20:43:42.066461,,
dceeed7c-2e60-4eb1-8573-67f070a67814,completed,2023-03-06 20:43:42.066461,,
614b470f-78b0-48c3-a092-28cf7ec5e7db,completed,2023-03-06 20:43:42.066461,,
842d84f9-4766-4426-bfb7-856d118d569f,completed,2023-03-06 20:43:42.066461,,
9ebea8c6-3d10-43a6-8050-9ba6ae043003,completed,2023-03-06 20:43:42.066461,,
c6f96e50-ec62-49a9-ae75-8a0d14a95a30,completed,2023-03-06 20:43:42.066461,,
eb89599f-6ad5-4501-b2c8-1e5a88ff974d,completed,2023-03-06 20:43:42.066461,,
e66e0cac-a477-4c22-9a64-d018f089203d,completed,2023-03-06 20:43:42.066461,,
a480db8e-d7a6-4c5c-8f13-c4d9c2f4bb26,completed,2023-03-06 20:43:42.066461,,
ed92350c-5f5d-4de3-ba5f-a5599f2ca2cb,completed,2023-03-06 20:43:42.066461,,
e1e7b236-1187-485e-b904-ac4fb11f72f2,failed,2023-03-06 20:43:42.066461,,
462bd72c-adbe-4a48-851a-82375806b59c,completed,2023-03-06 20:43:42.066461,,
c9ec7402-0edc-4296-9a04-eea82faf46e9,completed,2023-03-06 20:43:42.066461,,
e4a5ee3b-8c5e-4534-85fd-7e2de46ad3b7,completed,2023-03-06 20:43:42.066461,,
b412a19f-c51c-4966-9bf0-dc75acae7e79,completed,2023-03-06 20:43:42.066461,,
552d13be-b04e-4c41-bb23-a82527d05173,completed,2023-03-06 20:43:42.066461,,
ec2f8a01-07e3-44b9-819a-b07ee09b42a7,completed,2023-03-06 20:43:42.066461,,
2b5e98ce-7c36-42b7-8bb8-e16973cc9bc4,completed,2023-03-06 20:43:42.066461,,
51ef507a-3a3c-4ca1-915a-8e65cf7a212a,completed,2023-03-06 20:43:42.066461,,
749b6086-4923-4766-9701-bc9bbb79ff3c,completed,2023-03-06 20:43:42.066461,,
a3966437-978d-4495-924c-a7e72da5a9d5,completed,2023-03-06 20:43:42.066461,,
568361b7-4f61-4ac2-898e-f997d9ffed66,completed,2023-03-06 20:43:42.066461,,
60097600-9c1f-4caa-b52a-d1ff864d4b52,completed,2023-03-06 20:43:42.066461,,
f8ecb35e-4a30-4d0c-bf4d-e600e680b0a4,completed,2023-03-06 20:43:42.066461,,
8878d15d-2c6c-4d30-b3f1-6afc0940c8eb,completed,2023-03-06 20:43:42.066461,,
90bd21cd-0070-4bfa-88ca-cff26962e72a,completed,2023-03-06 20:43:42.066461,,
ed25b8a6-688b-451f-af44-bdc15fa09e26,completed,2023-03-06 20:43:42.066461,,
36ca517b-acce-41d1-8290-42a8105bb8ec,completed,2023-03-06 20:43:42.066461,,
a7c0f4a6-feb6-4252-98d5-b1032f50b88d,completed,2023-03-06 20:43:42.066461,,
080f72d1-a640-4db4-af80-3a208d926cfa,completed,2023-03-06 20:43:42.066461,,
c859f28c-a961-459d-ac6d-90d7c0b17ef8,completed,2023-03-06 20:43:42.066461,,
899112d5-f894-4b22-ad60-e8f2818f6052,completed,2023-03-06 20:43:42.066461,,
2da0c1b3-d7b2-45f2-a3f1-5f96cfc47bfd,completed,2023-03-06 20:43:42.066461,,
bc5d92a0-0fc9-428f-b0ef-0a9a71b37e64,completed,2023-03-06 20:43:42.066461,,
b2e0104e-33d7-4298-8654-93258a3fb672,completed,2023-03-06 20:43:42.066461,,
7962cad6-675c-4f4a-96f2-4f2b9d99e48b,completed,2023-03-06 20:43:42.066461,,
a766727d-8fde-4825-8a13-76572edfe84b,completed,2023-03-06 20:43:42.066461,,
b2754e09-923a-4d31-b68a-0ad3ef8a978e,completed,2023-03-06 20:43:42.066461,,
3fe2cf29-d354-427b-b089-44061fb6c247,completed,2023-03-06 20:43:42.066461,,
2d6715f1-9f55-41cb-bead-bb910f686b26,completed,2023-03-06 20:43:42.066461,,
af4eff46-8a5a-43e3-8d15-3f31dc27f39a,completed,2023-03-06 20:43:42.066461,,
7f33a324-346c-44f4-9d2d-ca3ea02a2241,completed,2023-03-06 20:43:42.066461,,
1247688b-2326-4f30-9223-d11d055325c1,completed,2023-03-06 20:43:42.066461,,
34e8238a-b2e2-4dbf-94d4-b0a5e879645a,completed,2023-03-06 20:43:42.066461,,
70ebd111-1295-4365-9ab6-063380ce0356,completed,2023-03-06 20:43:42.066461,,
baba6c66-a0d9-48ac-acc8-beadafabef0f,completed,2023-03-06 20:43:42.066461,,
bc98cb4a-1114-4fd6-b008-95eadb0af59a,completed,2023-03-06 20:43:42.066461,,
db1d177d-5f9b-48d0-a41d-f5805af22091,completed,2023-03-06 20:43:42.066461,,
0c26469e-6eb2-4642-b934-68626808f646,completed,2023-03-06 20:43:42.066461,,
3f762f6e-e782-47f0-8841-9d371952e6bb,completed,2023-03-06 20:43:42.066461,,
daee27e1-b60a-44e4-895d-321a76317be6,completed,2023-03-06 20:43:42.066461,,
9d8b2de3-e462-41a4-af30-a307b763e509,completed,2023-03-06 20:43:42.066461,,
35557855-5254-438d-b7ff-898c657cf544,completed,2023-03-06 20:43:42.066461,,
4b78290d-fa31-4abb-8160-6b8060f39d14,completed,2023-03-06 20:43:42.066461,,
6ff37fc4-dc11-443f-9750-30abf93eb3dd,completed,2023-03-06 20:43:42.066461,,
edb4b4d8-6a7d-4551-ae12-fd48721f22a2,completed,2023-03-06 20:43:42.066461,,
28f03870-875a-4409-997b-395989b8ea95,completed,2023-03-06 20:43:42.066461,,
066b7346-556e-4101-bfd1-ec18db3ef78c,completed,2023-03-06 20:43:42.066461,,
f9f1b1f2-d990-41a1-b8bd-a3889792eeca,completed,2023-03-06 20:43:42.066461,,
4acc4e94-8a1c-4f30-8661-c57a3922e10a,completed,2023-03-06 20:43:42.066461,,
ad771620-b41e-482b-8b37-6f21b222103d,completed,2023-03-06 20:43:42.066461,,
6b5fa2f4-752b-47dd-8006-67af2411ffd5,completed,2023-03-06 20:43:42.066461,,
9eff6f60-db7b-4798-8055-dfeeedf97ea0,completed,2023-03-06 20:43:42.066461,,
dfcb188e-0a3e-471a-97fe-c4082000f361,completed,2023-03-06 20:43:42.066461,,
84822b3e-520f-41d5-82e0-62fa7b035e35,completed,2023-03-06 20:43:42.066461,,
0d70be4c-71af-4e91-afa2-b62a45776a20,completed,2023-03-06 20:43:42.066461,,
c009c3db-9608-46e4-bc47-418b919c5053,completed,2023-03-06 20:43:42.066461,,
2bac143d-8def-4e24-8b82-3e8b418c4c2d,completed,2023-03-06 20:43:42.066461,,
5e5ca686-aaa1-4301-aaf9-af148f3fe5f2,completed,2023-03-06 20:43:42.066461,,
682c0099-71e6-4c2c-b523-b36cfbfed3ed,completed,2023-03-06 20:43:42.066461,,
b6695ba8-e165-4d2d-9123-dece858252f3,completed,2023-03-06 20:43:42.066461,,
c9b90b26-58da-410d-9c6d-ab51df23f0b9,completed,2023-03-06 20:43:42.066461,,
00412a8f-8685-46e5-8452-13c200c2c94c,completed,2023-03-06 20:43:42.066461,,
f9f71b90-8a2e-4048-a3fc-e4f148273a75,completed,2023-03-06 20:43:42.066461,,
ea7e1fec-b88d-4393-96ce-68d19602ea25,completed,2023-03-06 20:43:42.066461,,
a46bb632-4b2b-4cc0-981d-0219c70ddc8a,failed,2023-03-06 20:43:42.066461,,
27c321af-ac41-4c13-9544-7e68291ccc3e,completed,2023-03-06 20:43:42.066461,,
1ad47d4a-8d70-4f79-a319-904018ba1a29,completed,2023-03-06 20:43:42.066461,,
e538b21c-0989-432b-b309-bd7e4c1fd8a9,completed,2023-03-06 20:43:42.066461,,
c62fa9a3-023b-403f-806d-4325394cee33,completed,2023-03-06 20:43:42.066461,,
6b93ba06-6565-49d4-98a8-ec0147c3b3f3,completed,2023-03-06 20:43:42.066461,,
db373ba0-ce43-49d9-808c-be102ff3defb,completed,2023-03-06 20:43:42.066461,,
ca65bfcc-89db-4287-8159-04744e5cfca3,completed,2023-03-06 20:43:42.066461,,
fc0d2983-a309-459b-b4dc-3f29b0c4b3c4,completed,2023-03-06 20:43:42.066461,,
4d6328c2-96a8-4842-af76-77e692aaf4b9,completed,2023-03-06 20:43:42.066461,,
755190bd-2823-4c0d-a7f0-2907349b3b2c,completed,2023-03-06 20:43:42.066461,,
d11349c6-538f-48b1-bc4b-19a0404dad71,completed,2023-03-06 20:43:42.066461,,
f4ef8823-544c-4044-80c9-fb38dd694f67,completed,2023-03-06 20:43:42.066461,,
b67716a2-335f-430d-93b8-6bbef62a8063,completed,2023-03-06 20:43:42.066461,,
b7ba18c1-bfad-4220-a231-58cbab00a449,completed,2023-03-06 20:43:42.066461,,
70975f07-37b7-4edf-8634-d4b86317681c,completed,2023-03-06 20:43:42.066461,,
6510f514-af37-47e6-b005-049dd88e7e25,completed,2023-03-06 20:43:42.066461,,
cbdf7457-0480-4105-ae8f-c7bba4fc294f,completed,2023-03-06 20:43:42.066461,,
f4463a77-a954-4edc-abcc-b8ebe38e9461,completed,2023-03-06 20:43:42.066461,,
c9d25505-4ded-4cf2-8995-76d68a803dc9,completed,2023-03-06 20:43:42.066461,,
404a6529-b2f3-47d1-a070-a43aa3627cf5,completed,2023-03-06 20:43:42.066461,,
1e8d9172-00a7-4099-bc43-2db606d467d9,completed,2023-03-06 20:43:42.066461,,
903cd830-c3f6-4e31-8efa-440a3fa7b265,completed,2023-03-06 20:43:42.066461,,
16c466f3-a167-4684-8a7f-9e75004e3e6e,completed,2023-03-06 20:43:42.066461,,
32368bad-7f10-47a7-95a9-1a2d31660f11,completed,2023-03-06 20:43:42.066461,,
ed9da9fa-4b2f-431b-b6b8-fa14b3a3c295,completed,2023-03-06 20:43:42.066461,,
f682f894-1a3f-4c5d-9d7c-8c49fcffa6f5,completed,2023-03-06 20:43:42.066461,,
4075dd59-8834-4c05-8cda-5721816e0d82,completed,2023-03-06 20:43:42.066461,,
83e9e420-bdc3-441e-a987-cf5310fa1209,completed,2023-03-06 20:43:42.066461,,
d66e37a6-2c62-4333-950c-cc2a7979bac3,completed,2023-03-06 20:43:42.066461,,
931450c4-219e-4079-955e-4c9589ce4501,completed,2023-03-06 20:43:42.066461,,
dff470ab-f5d5-4345-bd83-e858d1b24047,completed,2023-03-06 20:43:42.066461,,
812c60d2-9758-4b51-9c86-94d30b4b4dcf,completed,2023-03-06 20:43:42.066461,,
7d64bd25-5559-444f-b388-6fdd90666631,completed,2023-03-06 20:43:42.066461,,
802c0fd6-33d6-4311-88db-982bf5f161ba,completed,2023-03-06 20:43:42.066461,,
3abdc990-6186-45b0-a076-96a62b7c29a6,failed,2023-03-06 20:43:42.066461,,
c30fddfb-df0c-4888-9ec6-ef23a06c1863,completed,2023-03-06 20:43:42.066461,,
c065641c-58b6-46eb-b022-bb3d3eda69b9,completed,2023-03-06 20:43:42.066461,,
37225475-9ddd-4ea7-bb64-bc596cfe6dbe,completed,2023-03-06 20:43:42.066461,,
f2f03c13-c869-4377-8054-4a3cdefe0282,completed,2023-03-06 20:43:42.066461,,
36e6bcc1-c528-437c-bbb6-ca41f71b17e6,completed,2023-03-06 20:43:42.066461,,
0f35cf76-e754-4896-a14b-5ebce1ab3d23,completed,2023-03-06 20:43:42.066461,,
d49b7201-17de-442f-8592-b09b0f7aa8f0,completed,2023-03-06 20:43:42.066461,,
1e77c4c5-27bc-4382-9413-016a7c8da77e,completed,2023-03-06 20:43:42.066461,,
d673f45e-4b74-4d43-8e9a-a32e6b6b2506,completed,2023-03-06 20:43:42.066461,,
e57e4aa2-0218-4324-9d08-1d924a6201a1,completed,2023-03-06 20:43:42.066461,,
f25f01fa-c7ec-4f94-8c5d-c17b11d69937,completed,2023-03-06 20:43:42.066461,,
8f9491b8-ec01-4a8c-bbfd-21189e02e63d,completed,2023-03-06 20:43:42.066461,,
e12c8cbe-e280-4125-b88c-868234a163f3,completed,2023-03-06 20:43:42.066461,,
90a024c2-e6c4-4828-8c39-1ad02c9f68a2,completed,2023-03-06 20:43:42.066461,,
af0695a4-b6b7-401b-80e5-f9be890f9114,completed,2023-03-06 20:43:42.066461,,
a95d201c-176d-46af-a45e-d4c673106668,completed,2023-03-06 20:43:42.066461,,
5e61d721-b569-41dd-b1d5-174ecbb1f23d,completed,2023-03-06 20:43:42.066461,,
8c19f713-0f74-4502-b658-3cdd7c0494ce,completed,2023-03-06 20:43:42.066461,,
ab391eee-0e6f-4d18-bf66-37c2ea904ce4,completed,2023-03-06 20:43:42.066461,,
87224b95-1f2a-433b-a38c-e0bcd2c2b70a,completed,2023-03-06 20:43:42.066461,,
55b070f2-1699-4dc8-8490-a756d7a084a4,completed,2023-03-06 20:43:42.066461,,
15cc995b-2fbd-46eb-8b35-29f2390e0649,completed,2023-03-06 20:43:42.066461,,
35441e0b-5cf1-4f09-b8f7-d7160e53d61e,completed,2023-03-06 20:43:42.066461,,
3d2ba6f5-702d-4e55-a651-a89d98e973ff,completed,2023-03-06 20:43:42.066461,,
c0ec7cd6-355a-40b0-bee5-5d97460636b7,completed,2023-03-06 20:43:42.066461,,
34bcac4b-f69c-4251-9f27-12f69dbf9491,completed,2023-03-06 20:43:42.066461,,
a14e0ceb-f79e-454a-ab56-cc091f074ed6,completed,2023-03-06 20:43:42.066461,,
3a2a0b3c-0bd5-4dd9-b762-a834460c8855,completed,2023-03-06 20:43:42.066461,,
606ce2e3-d891-4caa-95fb-aacd7b87d7aa,completed,2023-03-06 20:43:42.066461,,
2bef649d-e02b-4448-8262-e5a59188dd24,completed,2023-03-06 20:43:42.066461,,
422c4e43-49ae-4df9-87b3-cf322bc1da78,completed,2023-03-06 20:43:42.066461,,
e457ccc5-0e47-40e0-a1e2-53dd1a60a0a4,completed,2023-03-06 20:43:42.066461,,
2b8a4270-fb54-48c8-8e24-5c333494e276,completed,2023-03-06 20:43:42.066461,,
77cda2e5-dcf7-4681-a9cd-6eb9a0009b1e,completed,2023-03-06 20:43:42.066461,,
47526a99-0115-4def-933b-20406efdeaca,completed,2023-03-06 20:43:42.066461,,
f5212f40-bf45-4ae2-8f9f-20673eb11f55,completed,2023-03-06 20:43:42.066461,,
2f3b23d6-9d09-4540-88c4-703dce13a7eb,completed,2023-03-06 20:43:42.066461,,
df6e7de8-6097-45fd-845f-3a0ad9b963ae,completed,2023-03-06 20:43:42.066461,,
ef0fac3b-8584-45d9-be2e-7bb3f249d6d9,completed,2023-03-06 20:43:42.066461,,
53dfa2d0-ee9b-4fba-94af-0ed3491efe8c,completed,2023-03-06 20:43:42.066461,,
dcfc3231-16af-43a2-b97e-71c968b19038,completed,2023-03-06 20:43:42.066461,,
89e5c931-2e9c-47bc-a63c-9f41f1bbf3ff,completed,2023-03-06 20:43:42.066461,,
862c7919-abd4-4b05-93fd-e69dfb77268a,completed,2023-03-06 20:43:42.066461,,
c0756072-594e-4c8d-aff1-6da6ad7ba7a2,completed,2023-03-06 20:43:42.066461,,
8c7494ec-403a-4999-b784-f481191ab6f4,completed,2023-03-06 20:43:42.066461,,
5fcea091-87c2-43cb-9996-43efc228b9cb,completed,2023-03-06 20:43:42.066461,,
bd833009-a1d5-4246-856f-ff272e63500c,completed,2023-03-06 20:43:42.066461,,
5a065eba-7e27-43fa-b2bf-53c9770b874c,completed,2023-03-06 20:43:42.066461,,
03e4563a-615b-47a0-a64b-245cc8f0000b,completed,2023-03-06 20:43:42.066461,,
9f7ea183-143a-499f-ad5c-92ac28472f1e,completed,2023-03-06 20:43:42.066461,,
df13979b-ef30-4de9-a8b8-bfcb2d77bcd5,completed,2023-03-06 20:43:42.066461,,
ad4d3347-9337-408c-8ad1-5e6c11b56a82,completed,2023-03-06 20:43:42.066461,,
26283634-d965-4121-9736-d5e8a959eca7,completed,2023-03-06 20:43:42.066461,,
1999ba40-27f5-48e6-bc5f-a6c5caa82baa,completed,2023-03-06 20:43:42.066461,,
1ddf01c1-a613-440d-b1bd-e6a3850db2e6,completed,2023-03-06 20:43:42.066461,,
2b2a0a3d-a823-4a1e-99d8-01136349b1b9,completed,2023-03-06 20:43:42.066461,,
ebc0141b-6f3b-4617-afa4-5bd82fe7b8f2,completed,2023-03-06 20:43:42.066461,,
de387535-f276-48df-9b44-d489b846b555,completed,2023-03-06 20:43:42.066461,,
9dad18b3-4f00-46ed-86b8-99a2988d43ac,completed,2023-03-06 20:43:42.066461,,
a9c7c698-9a2d-46b1-875b-363e538f7609,completed,2023-03-06 20:43:42.066461,,
08c4d42e-328f-4708-a48b-fe1f4fb68fea,completed,2023-03-06 20:43:42.066461,,
b90c3d55-5e2d-4295-897e-a8bf3ea1457e,completed,2023-03-06 20:43:42.066461,,
66dc694b-3751-4ad5-aeaf-2675411978e6,completed,2023-03-06 20:43:42.066461,,
34b06afa-3612-442f-a55e-1c8fd95a737f,completed,2023-03-06 20:43:42.066461,,
4b1c26b3-008d-43b3-aebe-4abf0c3bb888,completed,2023-03-06 20:43:42.066461,,
8302a8b7-7e4f-4df7-96d3-612b0f313448,completed,2023-03-06 20:43:42.066461,,
f326beff-c05f-4c9e-8e45-86ec3fa92c5d,completed,2023-03-06 20:43:42.066461,,
8f8ff8d1-dbc6-4dda-aaf7-597d1dd56ac9,completed,2023-03-06 20:43:42.066461,,
bbf65f7e-c299-41dd-95c8-2455ea359f9f,completed,2023-03-06 20:43:42.066461,,
6a0ea969-225a-4a9c-8db5-6321ce22da2f,completed,2023-03-06 20:43:42.066461,,
ac38f66b-5939-4885-aecf-febf074a39a3,completed,2023-03-06 20:43:42.066461,,
93533a4f-cc19-424a-a6a5-d19cca5e9591,completed,2023-03-06 20:43:42.066461,,
4234cb40-02cd-48b0-89a0-ad73ee4202e5,completed,2023-03-06 20:43:42.066461,,
5708ea68-767e-41d9-80ad-2dd2835daab1,completed,2023-03-06 20:43:42.066461,,
e677664f-be3f-44c0-a121-e50ff8cae200,completed,2023-03-06 20:43:42.066461,,
9396017f-fcfb-41a9-acf9-9bd0a9be5bb3,completed,2023-03-06 20:43:42.066461,,
236963ae-974b-45e7-8560-e6bf50f7f3f7,completed,2023-03-06 20:43:42.066461,,
1c4b5cc7-74c0-475b-b58b-d69df68a593f,completed,2023-03-06 20:43:42.066461,,
35c3e365-1fde-4b21-af61-78174b7c2bd1,completed,2023-03-06 20:43:42.066461,,
d97f9112-3e90-45e9-a6f7-21025805d2d5,completed,2023-03-06 20:43:42.066461,,
1e7c4668-b72e-4a73-9788-c4d97ccd2eed,completed,2023-03-06 20:43:42.066461,,
4c308e34-d13b-430d-835e-59ddf253c3ca,completed,2023-03-06 20:43:42.066461,,
e6a11c5d-ca74-499a-9c1c-0fd6894e8866,completed,2023-03-06 20:43:42.066461,,
c3935bd0-e0f9-4903-86ab-b46b443bd24a,completed,2023-03-06 20:43:42.066461,,
d7b79606-8581-40bb-8d70-c7e27c8fd213,completed,2023-03-06 20:43:42.066461,,
c52e8ec3-55e7-409a-8d22-cdc2e2a00d65,completed,2023-03-06 20:43:42.066461,,
35ba793b-844f-48d4-8b3d-7f8393cd7b76,completed,2023-03-06 20:43:42.066461,,
ebed7ed0-dcb3-4607-a9d5-910a13aff5fb,completed,2023-03-06 20:43:42.066461,,
7b2e30b0-c809-4244-ad97-0f285de2e76f,completed,2023-03-06 20:43:42.066461,,
adb26c1f-70a4-4194-b00e-7512a373e517,completed,2023-03-06 20:43:42.066461,,
c7c270a4-d27b-4546-9c69-feb44a4eced2,completed,2023-03-06 20:43:42.066461,,
3fd1f62b-9c20-4e5b-927d-2aa25543fc50,completed,2023-03-06 20:43:42.066461,,
8efe5882-f081-4c3a-9b8b-791b530ea47a,completed,2023-03-06 20:43:42.066461,,
a4584911-f76c-4ed2-b5a7-6355cf3ec826,completed,2023-03-06 20:43:42.066461,,
0c6be385-964a-4aaa-b2f4-40e6e4054980,completed,2023-03-06 20:43:42.066461,,
e1776e8c-6b78-491e-b3a3-c14045bf699e,completed,2023-03-06 20:43:42.066461,,
d67ed3ef-1ef1-468f-8ae6-25f1ecac8867,completed,2023-03-06 20:43:42.066461,,
35d7b1ac-c853-4c33-901a-a68ee58bad9a,completed,2023-03-06 20:43:42.066461,,
9ff42042-fafd-4dfa-9e61-3c3ad31c97fb,completed,2023-03-06 20:43:42.066461,,
e09acb38-99bc-4ccf-9912-70fedda90aec,completed,2023-03-06 20:43:42.066461,,
3edb9a6d-657c-4beb-a9d7-7d3a85031376,completed,2023-03-06 20:43:42.066461,,
3c4f92cc-05f9-4774-84f9-a7baa17b6284,completed,2023-03-06 20:43:42.066461,,
75171cf7-62ff-42db-81bd-890ad1336ce4,completed,2023-03-06 20:43:42.066461,,
b888b720-1583-479b-a690-010e22ac1bd6,completed,2023-03-06 20:43:42.066461,,
f3acce24-6048-4a4b-b9ba-e341147e73ba,completed,2023-03-06 20:43:42.066461,,
8a0c966d-15e3-41f5-a677-06a36a62eb11,failed,2023-03-06 20:43:42.066461,,
f312d9b5-3034-4b22-8f15-f5f32a100bfe,completed,2023-03-06 20:43:42.066461,,
bdec8ba1-f7a4-41a6-8c96-64938cdd9828,completed,2023-03-06 20:43:42.066461,,
6c1f7e23-2f8c-4b7e-859c-27dcad17b8c2,completed,2023-03-06 20:43:42.066461,,
795d1414-7000-481f-b93f-f8773c515590,completed,2023-03-06 20:43:42.066461,,
457d8d80-130d-4ec4-b26b-95b79a8b45df,completed,2023-03-06 20:43:42.066461,,
1c8fc0f6-78fb-4fb4-aafc-112d1722b9bd,completed,2023-03-06 20:43:42.066461,,
1065fc47-456f-457b-9538-b2757731bc01,completed,2023-03-06 20:43:42.066461,,
1b5add53-ff26-43cf-a3c5-d3b6519098e0,completed,2023-03-06 20:43:42.066461,,
8f9491d0-c364-4aed-9cf2-716aa07c1b22,completed,2023-03-06 20:43:42.066461,,
ca699f75-ea25-4cb4-bdd8-e7a4d6fcf73a,completed,2023-03-06 20:43:42.066461,,
da215c67-744b-4157-878d-7e1953256f24,completed,2023-03-06 20:43:42.066461,,
93b88350-db76-47d0-a275-e747237bfd5b,completed,2023-03-06 20:43:42.066461,,
671e8a90-3db7-4913-9d23-70d33432fc3a,completed,2023-03-06 20:43:42.066461,,
d98dfa76-f8ca-4857-8ded-edc3e0f4c631,completed,2023-03-06 20:43:42.066461,,
907fdc27-ce55-44cc-8e9a-5ebc93f4c8e7,completed,2023-03-06 20:43:42.066461,,
529a8e80-d80b-4641-9bd6-f1ea936982d7,completed,2023-03-06 20:43:42.066461,,
20ebfba7-1a66-4d95-ad29-3a89d04610f7,completed,2023-03-06 20:43:42.066461,,
3588a8ff-4257-456f-9e80-1351a6a5af74,completed,2023-03-06 20:43:42.066461,,
29609749-b080-4d07-bdb2-f90682c93b14,completed,2023-03-06 20:43:42.066461,,
67f1154a-2fe0-47cb-8299-202f32e7d2f3,completed,2023-03-06 20:43:42.066461,,
bb9865a1-bb46-4376-9802-440fe9719b9a,completed,2023-03-06 20:43:42.066461,,
9070db76-59eb-46cf-8655-b8e28e49248d,completed,2023-03-06 20:43:42.066461,,
fbf4e04c-9238-4fc1-bd7f-4367eced58f3,completed,2023-03-06 20:43:42.066461,,
81bf803f-6fe6-46b3-9588-399b8bcd74e3,completed,2023-03-06 20:43:42.066461,,
a969b113-230d-47de-9e37-d08a35ad0b5c,completed,2023-03-06 20:43:42.066461,,
d1d47f56-b700-444d-9e7b-5de636f2b1fd,completed,2023-03-06 20:43:42.066461,,
b1438608-1ed2-49c8-9f4a-3ad169590f67,completed,2023-03-06 20:43:42.066461,,
887e5186-32e4-4095-98c2-c8fcac7b8c63,completed,2023-03-06 20:43:42.066461,,
4cc68e07-4098-45b3-9f8b-6d424e6f3305,completed,2023-03-06 20:43:42.066461,,
3cf823be-910d-4f40-a39a-485861b0d5fe,completed,2023-03-06 20:43:42.066461,,
70e102b3-68e7-49bd-93a4-8a4281f96e3d,completed,2023-03-06 20:43:42.066461,,
fcea0374-874d-42f0-bb1c-e0cf4955561e,completed,2023-03-06 20:43:42.066461,,
a1e40210-63c0-464f-bd44-03adab404ea9,completed,2023-03-06 20:43:42.066461,,
9c66db7d-a2bd-4d8c-b357-25caa52ab458,completed,2023-03-06 20:43:42.066461,,
7770e014-730d-4a04-9cba-45eccffdfeb3,completed,2023-03-06 20:43:42.066461,,
575c1cb0-946a-4da1-80d0-c69c7fdbb6d1,completed,2023-03-06 20:43:42.066461,,
8fcd4802-51a7-48e4-a410-9569f4071e30,completed,2023-03-06 20:43:42.066461,,
665c5a55-3606-43a4-9a6c-efc84191573e,completed,2023-03-06 20:43:42.066461,,
eadd39c1-fd1a-44e0-a62b-a085a6dbfda0,completed,2023-03-06 20:43:42.066461,,
ce6a547a-d84b-4016-9492-baa68874dd47,completed,2023-03-06 20:43:42.066461,,
f1026407-719b-4c9e-92a0-12007da153d9,completed,2023-03-06 20:43:42.066461,,
0d966853-d381-4f00-9050-6ac175296fb3,completed,2023-03-06 20:43:42.066461,,
f0afceac-e47b-4813-8039-bc78d97a5b08,completed,2023-03-06 20:43:42.066461,,
e426ecee-2b6f-4495-bd46-a071836d730b,completed,2023-03-06 20:43:42.066461,,
0ae35866-5fdd-4792-b710-68aff50c3bab,completed,2023-03-06 20:43:42.066461,,
e6800258-8186-40ba-9993-845b61147382,completed,2023-03-06 20:43:42.066461,,
650de93f-32a0-489f-9168-99996db8ebfd,completed,2023-03-06 20:43:42.066461,,
1fe46550-546e-451b-9b72-7b4ddb9ef298,completed,2023-03-06 20:43:42.066461,,
79da26ef-dbe5-44e4-b964-8d46d9fe328a,completed,2023-03-06 20:43:42.066461,,
319b6154-135c-416a-a497-5450b8d23557,completed,2023-03-06 20:43:42.066461,,
6d0398fe-42be-4ec8-b665-f32854653dad,completed,2023-03-06 20:43:42.066461,,
96a8bb6c-becc-4bc0-8742-ccf700b8423a,completed,2023-03-06 20:43:42.066461,,
b7309304-1231-4eb3-ba1b-bc56ff06f000,completed,2023-03-06 20:43:42.066461,,
073d52ab-c79a-4e41-9176-d90ffdfa95b4,completed,2023-03-06 20:43:42.066461,,
6b57a644-e3ec-496d-9bb0-cfe82bb0cb0c,completed,2023-03-06 20:43:42.066461,,
83ed80ba-820d-4920-92cb-0fd668304376,completed,2023-03-06 20:43:42.066461,,
ac2e539d-9efe-4619-8fc5-a1308ff1d319,completed,2023-03-06 20:43:42.066461,,
2a2de6c4-375b-464e-9cf8-f03f314e67d5,completed,2023-03-06 20:43:42.066461,,
3346511e-c4a4-4055-b2c0-5c98142fb122,completed,2023-03-06 20:43:42.066461,,
b11dde99-aba1-48ce-98db-f3bc102276e7,completed,2023-03-06 20:43:42.066461,,
c53da3b4-f7e3-4017-a1b5-b421c08dc323,completed,2023-03-06 20:43:42.066461,,
1f8a4a51-df58-44ae-825c-4200d1716ef2,completed,2023-03-06 20:43:42.066461,,
36b5cd2e-ff13-4fea-a6e3-2c6f633119e9,completed,2023-03-06 20:43:42.066461,,
438972f1-8084-4158-9ce7-59d2c75dd072,completed,2023-03-06 20:43:42.066461,,
15de1a86-6cf7-432d-bcf8-487a0101345a,completed,2023-03-06 20:43:42.066461,,
f88c78cb-a66b-4fbb-bc01-e0c0f0d3137a,completed,2023-03-06 20:43:42.066461,,
255c9170-3e52-4e3a-a6f8-3dee709d85cd,completed,2023-03-06 20:43:42.066461,,
7452d339-51b4-4599-8e01-f6c20b3953c1,completed,2023-03-06 20:43:42.066461,,
71f38bc2-c9f4-4e6a-b92d-fb48872c9b86,completed,2023-03-06 20:43:42.066461,,
7fc9b4d6-cde6-459b-8c21-b769a89acfa6,completed,2023-03-06 20:43:42.066461,,
f196de62-10dd-4daf-8453-e6e8e7cef3b8,completed,2023-03-06 20:43:42.066461,,
fc891c8e-3b27-448a-bc1d-a658aa42597a,completed,2023-03-06 20:43:42.066461,,
240f03e7-c8e9-47b6-891a-4c815e358b7a,completed,2023-03-06 20:43:42.066461,,
292975f6-a6de-46b7-b3ed-1801013ea825,completed,2023-03-06 20:43:42.066461,,
9d11ac91-6d0e-490c-b2b9-e7e3f0019a78,completed,2023-03-06 20:43:42.066461,,
79e9259c-edcd-4607-98e4-4e5dde0b603e,completed,2023-03-06 20:43:42.066461,,
5f270b01-1939-476c-97ed-c068ac122b98,completed,2023-03-06 20:43:42.066461,,
599e73a5-fe3b-4292-b291-5f9445dabe64,completed,2023-03-06 20:43:42.066461,,
82721c1c-01b8-4108-a12d-045140b81791,completed,2023-03-06 20:43:42.066461,,
451d4e53-6f25-4ef2-96e5-e434b1b927ad,completed,2023-03-06 20:43:42.066461,,
3774150f-2b2d-41f8-aff4-3d181c38cbc1,completed,2023-03-06 20:43:42.066461,,
04716fcd-f77f-4a86-b77b-94d8b7dc4423,completed,2023-03-06 20:43:42.066461,,
64bb1699-3c40-49a9-a11a-641c2df9fc8f,completed,2023-03-06 20:43:42.066461,,
9c8e4722-9e40-4ddf-bba1-3d5d661ad4b7,completed,2023-03-06 20:43:42.066461,,
baa184e7-69c6-4351-bdd6-00d1fdfbc1d3,completed,2023-03-06 20:43:42.066461,,
7c8db0d7-67a4-4b5a-a20a-3c4b0d37b358,completed,2023-03-06 20:43:42.066461,,
1b60d91c-3b21-4ed6-8bcc-19b5f5f27eaa,completed,2023-03-06 20:43:42.066461,,
867ea07b-d5bf-40c7-a232-6bb2133f1809,completed,2023-03-06 20:43:42.066461,,
f162979c-418d-497c-9517-90cc3c98891b,completed,2023-03-06 20:43:42.066461,,
e93a8559-79cd-4a8f-942e-3e086e2f01df,completed,2023-03-06 20:43:42.066461,,
9e14ffca-a8b9-41a9-aeb6-37fd91715442,completed,2023-03-06 20:43:42.066461,,
8aa85eab-75ec-4f8c-9c4e-4e8ee04626be,completed,2023-03-06 20:43:42.066461,,
cd588a29-1c1c-414f-b94c-a03642f17e57,completed,2023-03-06 20:43:42.066461,,
32987a27-d219-4286-bae1-8743f3de9d09,completed,2023-03-06 20:43:42.066461,,
e60f701c-396b-4d0a-a181-5cf9a31cdc11,completed,2023-03-06 20:43:42.066461,,
e71a76e3-8dd9-45f5-90b0-4718aedf106e,completed,2023-03-06 20:43:42.066461,,
2a1e970c-cdfb-446b-9dee-3e32b6abbe2b,completed,2023-03-06 20:43:42.066461,,
d8c62cef-c245-421e-a7bb-7379f1fb5370,completed,2023-03-06 20:43:42.066461,,
671ae29f-7a7d-4173-8ad1-f2c67dbd6a9f,completed,2023-03-06 20:43:42.066461,,
2a1b2432-1fa4-41d5-b6cd-673e5cc456f3,completed,2023-03-06 20:43:42.066461,,
35dc2532-8c6c-4a74-a3d9-66f5bc1b1e73,completed,2023-03-06 20:43:42.066461,,
ebadadb7-c298-4529-8d20-bafbe67fb85d,completed,2023-03-06 20:43:42.066461,,
99ee99d4-d622-4731-87be-c03101f4459d,completed,2023-03-06 20:43:42.066461,,
00c82c32-8607-429a-b9a3-1188f3938455,completed,2023-03-06 20:43:42.066461,,
75fcf699-368e-4f61-b95b-624c5c0f45f3,completed,2023-03-06 20:43:42.066461,,
969cb2fb-9fe3-41f8-a28f-034ca1fa2790,completed,2023-03-06 20:43:42.066461,,
2b3cbadf-6d0b-4e13-89f5-174062ae4242,completed,2023-03-06 20:43:42.066461,,
6afba788-2329-4aaf-ba1a-683145ad4cd1,completed,2023-03-06 20:43:42.066461,,
9ea14ef4-15bc-4b3d-a736-0c86e4296740,completed,2023-03-06 20:43:42.066461,,
439c2179-ac7b-466d-836f-695bbb8e98fd,completed,2023-03-06 20:43:42.066461,,
b5d0bafd-cfbb-4a98-8f78-6f63d8eff9a9,completed,2023-03-06 20:43:42.066461,,
5205dc3b-aa0e-435e-a3b9-4681ce47306d,completed,2023-03-06 20:43:42.066461,,
fcbf26a8-6efc-46a6-aeb9-6f9acf82fcee,completed,2023-03-06 20:43:42.066461,,
242dbfbb-5dde-41e3-8c37-e89a960b6e6b,completed,2023-03-06 20:43:42.066461,,
2dcc068b-fc08-4201-8f35-e3fbe7ddf99e,completed,2023-03-06 20:43:42.066461,,
e9953e8b-d174-43ea-8d6f-ca16e8501867,completed,2023-03-06 20:43:42.066461,,
4b9b4cae-4a17-4745-b3b2-ea80b3f37157,completed,2023-03-06 20:43:42.066461,,
efc6bdb0-66df-4d08-a234-330914754214,completed,2023-03-06 20:43:42.066461,,
1085bd35-2963-4870-a5d2-082dd4ec89b1,completed,2023-03-06 20:43:42.066461,,
ea32a416-5fee-4319-b153-4065a1a4c3a5,completed,2023-03-06 20:43:42.066461,,
2725ae46-414f-4cb1-869e-4da067c0d0b5,completed,2023-03-06 20:43:42.066461,,
a6623629-8540-49c4-ab07-765ab72c2ab1,completed,2023-03-06 20:43:42.066461,,
a5dd4488-9944-44e6-bc51-4a4e6a625104,completed,2023-03-06 20:43:42.066461,,
26c782f1-9ce1-442a-bda9-d62030ca3ab3,completed,2023-03-06 20:43:42.066461,,
cc6991d4-a4cd-4164-90c6-a14f8f3bcc16,completed,2023-03-06 20:43:42.066461,,
e1ebec1f-fcae-4743-a2fd-0e97920bd6e9,completed,2023-03-06 20:43:42.066461,,
075f818e-e1fb-49c3-82c7-40715faf38b6,completed,2023-03-06 20:43:42.066461,,
52ae1cf2-cf88-4957-9de5-d834f91ea00c,completed,2023-03-06 20:43:42.066461,,
69b4d09c-19e7-4a64-9b00-af20860f789b,completed,2023-03-06 20:43:42.066461,,
3494ef38-9c23-417d-93fe-9c405d7d0be6,completed,2023-03-06 20:43:42.066461,,
13ef684e-f2a8-4c13-a616-3ada4b893585,completed,2023-03-06 20:43:42.066461,,
c6b2873a-7128-4b94-bda2-cb4c898b4529,completed,2023-03-06 20:43:42.066461,,
e79ad5e6-507b-476a-8a44-80cc3e9de769,completed,2023-03-06 20:43:42.066461,,
b6b3d137-1684-4e27-817e-0149fc273f5a,completed,2023-03-06 20:43:42.066461,,
7e62457c-271c-4eda-a55e-ff7b6aed975f,completed,2023-03-06 20:43:42.066461,,
fdbcc6a0-4693-4960-85c4-04242593337a,completed,2023-03-06 20:43:42.066461,,
d1b6a013-6a13-4f47-8fc4-c8a1be92f89b,completed,2023-03-06 20:43:42.066461,,
5a3df8b2-5863-439a-998e-9df260244658,completed,2023-03-06 20:43:42.066461,,
1aa96c18-99e0-4557-84dd-d59d9538bf49,completed,2023-03-06 20:43:42.066461,,
599bb458-55f1-4c94-b95a-a0b392a616a9,completed,2023-03-06 20:43:42.066461,,
12fe67d5-0698-4cb5-bc63-83350687b42d,completed,2023-03-06 20:43:42.066461,,
866ad18b-7541-4cfc-a4ac-833724b02194,completed,2023-03-06 20:43:42.066461,,
0b56a4a6-30d1-4ba1-9cd8-7e62b9d135a5,completed,2023-03-06 20:43:42.066461,,
a5543e69-49ca-4ff9-b594-b1911335a290,completed,2023-03-06 20:43:42.066461,,
39f48c08-0d22-4289-bc0c-70f7eabe2f04,completed,2023-03-06 20:43:42.066461,,
1d2029ad-e19f-4fe4-80a4-31e1c3e94412,completed,2023-03-06 20:43:42.066461,,
2431fec4-36f2-4ecc-a4cf-504cb2caecfa,completed,2023-03-06 20:43:42.066461,,
e03af7ae-7bf4-4555-a772-df2e9746b091,completed,2023-03-06 20:43:42.066461,,
a60f1f7f-9d2e-49a4-adaf-09833ed45a2d,completed,2023-03-06 20:43:42.066461,,
3d135130-2e0d-4ebd-b9d1-22f547c4409a,completed,2023-03-06 20:43:42.066461,,
eb236c6a-2d6a-4cb9-8b89-3982dde289fb,completed,2023-03-06 20:43:42.066461,,
57cae777-842c-4824-be19-e9ff4b2f1067,completed,2023-03-06 20:43:42.066461,,
f65d9b0a-0e66-4ad9-80ce-0e2304498df2,completed,2023-03-06 20:43:42.066461,,
af8defa4-471f-4c78-ade5-8e69b953d8a2,completed,2023-03-06 20:43:42.066461,,
234e425d-68c7-43b5-9b99-f6fc47fbb5fa,completed,2023-03-06 20:43:42.066461,,
76fade3d-81ae-4018-8a50-cf7c579f2bf9,failed,2023-03-06 20:43:42.066461,,
f38b6404-29e5-432d-a990-43af8b651f56,completed,2023-03-06 20:43:42.066461,,
7f135cb4-76d2-4af5-8704-1060f4d1a471,completed,2023-03-06 20:43:42.066461,,
6bb3dd5e-81b2-4e02-91aa-69f4559dfdc5,completed,2023-03-06 20:43:42.066461,,
f23c7426-2677-4c1e-b226-5e490c572f18,completed,2023-03-06 20:43:42.066461,,
3b17bb7a-e60b-4d3a-ae76-b0bf6717eb1f,completed,2023-03-06 20:43:42.066461,,
066a1a3b-7fab-46b9-9ba3-dd932a9dda71,completed,2023-03-06 20:43:42.066461,,
60ec258e-6ff0-4098-9c6b-9d5866c6bbdb,completed,2023-03-06 20:43:42.066461,,
3645bdda-52cf-4717-9e3e-ecd69de26475,completed,2023-03-06 20:43:42.066461,,
e5888893-946c-40ce-a9de-9ecbfaa0f6e0,completed,2023-03-06 20:43:42.066461,,
c99800f0-f2ec-4f1f-966d-d6f478f95b5f,completed,2023-03-06 20:43:42.066461,,
9511ca2c-acbd-4e2b-844b-dd9557fe0923,completed,2023-03-06 20:43:42.066461,,
0ef21478-e858-4f24-ab89-003bf8ff1cff,completed,2023-03-06 20:43:42.066461,,
78be5a72-b32a-467e-828a-058ab4d3b2ca,completed,2023-03-06 20:43:42.066461,,
2749fe58-b35b-44c3-bce9-ade50b0bc225,completed,2023-03-06 20:43:42.066461,,
8b0a4589-7c5b-4def-8601-03e4534ca2fe,completed,2023-03-06 20:43:42.066461,,
4e24f7fe-4cae-40ed-846b-7f43c41dc985,completed,2023-03-06 20:43:42.066461,,
8b56af16-6fca-42f6-bcc0-8f9c7c0cac25,completed,2023-03-06 20:43:42.066461,,
9b1d104a-ac30-4cfc-b892-5385ac732bcc,completed,2023-03-06 20:43:42.066461,,
67baac2c-2e01-4561-99bd-7a3f9b9b9e5f,completed,2023-03-06 20:43:42.066461,,
94656398-4191-4e61-aa3a-1732ca5ef544,completed,2023-03-06 20:43:42.066461,,
914a137a-a0a7-4bb9-8945-90c94f205f7d,completed,2023-03-06 20:43:42.066461,,
d75f8c8b-fa20-4663-92b5-31ca65d1b053,completed,2023-03-06 20:43:42.066461,,
6bdf611d-74eb-4d67-bab3-a6294bf0dc41,completed,2023-03-06 20:43:42.066461,,
3b51c1e2-7d2a-4c64-805e-9e0c2a8ac4f2,completed,2023-03-06 20:43:42.066461,,
ffa6c3e1-c7ce-4174-9737-ef610dc49210,completed,2023-03-06 20:43:42.066461,,
b3374079-f96d-46a9-9a62-7c9b0982bb33,completed,2023-03-06 20:43:42.066461,,
713b453b-0a3a-4b31-a97b-f5235571d1e0,completed,2023-03-06 20:43:42.066461,,
b0116137-c11f-4e09-9dd4-33c3ddbf59bf,completed,2023-03-06 20:43:42.066461,,
8ca66f84-56b8-4d9e-afb9-24c844831800,completed,2023-03-06 20:43:42.066461,,
7343ed02-b829-413c-afce-d920fa417bc5,completed,2023-03-06 20:43:42.066461,,
611dee0b-732d-4e80-a897-c2457f093f3f,completed,2023-03-06 20:43:42.066461,,
2feb46c5-57a4-4684-af19-83ae375d7ed7,completed,2023-03-06 20:43:42.066461,,
371dd115-c61d-4f1b-a8b1-eaa154ba6f26,completed,2023-03-06 20:43:42.066461,,
de67b53e-5b97-49d6-ba57-c818c2ddc093,completed,2023-03-06 20:43:42.066461,,
09d4d280-28e6-4a9b-9ef9-085cae3e4675,completed,2023-03-06 20:43:42.066461,,
cc77b23d-c4c1-4912-911a-e2e65d1ca717,completed,2023-03-06 20:43:42.066461,,
af4a5739-a24e-4134-83b6-2b1d34c8e3ce,completed,2023-03-06 20:43:42.066461,,
77dace7c-1d74-4139-acb5-15cee36b9d4e,completed,2023-03-06 20:43:42.066461,,
e839ce9d-6d02-4798-92f9-379630162a1f,completed,2023-03-06 20:43:42.066461,,
bc6aabc8-d728-4c54-a934-32961105377e,completed,2023-03-06 20:43:42.066461,,
390b02a1-ab01-46d8-b989-446052849353,completed,2023-03-06 20:43:42.066461,,
222299f6-f17a-43fd-a3cd-6eb95c056d36,completed,2023-03-06 20:43:42.066461,,
ca33ef82-d1fd-48fa-bb73-8004f4007f37,completed,2023-03-06 20:43:42.066461,,
786251cf-a909-4ce6-84c3-643c4d031629,completed,2023-03-06 20:43:42.066461,,
1554c3ef-3366-4c4a-81de-c11a0a220712,completed,2023-03-06 20:43:42.066461,,
57694c26-8853-41a5-8fad-9fb0c1dfc680,completed,2023-03-06 20:43:42.066461,,
c154ffc9-adec-4019-af55-ba19d6ed544a,completed,2023-03-06 20:43:42.066461,,
2d49a342-bd80-4ba4-ad88-af7eb600121d,completed,2023-03-06 20:43:42.066461,,
aa60cfb7-686a-4fc9-a93d-d090469d5a82,completed,2023-03-06 20:43:42.066461,,
948e7ea9-524b-4807-b8ad-54a4a76519b2,completed,2023-03-06 20:43:42.066461,,
caf854ce-b4f7-4a91-9768-6693681ae949,completed,2023-03-06 20:43:42.066461,,
361bf82a-9ae0-4ca7-9a5f-011349ead357,completed,2023-03-06 20:43:42.066461,,
8455f5d0-022d-4337-9f81-21dde399d8e3,completed,2023-03-06 20:43:42.066461,,
c83b9523-113d-4ebe-bc43-b31cd8ea8530,completed,2023-03-06 20:43:42.066461,,
fe421ae5-27e9-497f-8671-24ca1ff57b1f,completed,2023-03-06 20:43:42.066461,,
5560f455-c8cc-4d62-98a8-066e6c76f016,completed,2023-03-06 20:43:42.066461,,
eeca15fc-6148-4d91-b7cd-170596ebe0a9,completed,2023-03-06 20:43:42.066461,,
83150c36-cdaa-440e-952f-2c6c87de1498,completed,2023-03-06 20:43:42.066461,,
c41e49cf-7fad-46da-928d-4882f532b946,completed,2023-03-06 20:43:42.066461,,
72ab3de4-e2db-442f-bdde-e1cf2b0fc0ff,completed,2023-03-06 20:43:42.066461,,
caf11bdb-724e-4c5a-9617-a09b64c5ebd4,completed,2023-03-06 20:43:42.066461,,
f739ad64-c66e-409f-b6cb-185a29620db8,completed,2023-03-06 20:43:42.066461,,
233a2c28-d6fb-40de-9047-2afe5ce8b9bf,completed,2023-03-06 20:43:42.066461,,
bbdd366f-088f-43cf-b7f9-c92633e54918,completed,2023-03-06 20:43:42.066461,,
b4656752-1cd0-4157-a5a0-8fa8604da8c5,completed,2023-03-06 20:43:42.066461,,
c19e85f9-b65e-4bc9-a470-c6d925c7531e,completed,2023-03-06 20:43:42.066461,,
3e00fe84-23ba-4eb8-95f6-92146db97ec2,completed,2023-03-06 20:43:42.066461,,
e57de8db-4693-4de9-92e5-9261d434d11d,completed,2023-03-06 20:43:42.066461,,
7859e016-e8b3-4573-a2df-f7c0cb04ccb7,completed,2023-03-06 20:43:42.066461,,
899ac27c-9f43-4b40-b113-82e203fe9617,completed,2023-03-06 20:43:42.066461,,
960a08ea-6467-4ff9-9234-524d7e9896d8,completed,2023-03-06 20:43:42.066461,,
e4fa2ded-b8cf-4a44-b212-05aad2e016b5,completed,2023-03-06 20:43:42.066461,,
ce4a20b6-9e68-4eed-aeb4-fe8f1c75a936,completed,2023-03-06 20:43:42.066461,,
570a6234-c22f-47af-95e6-733450ae8b90,completed,2023-03-06 20:43:42.066461,,
e5c104a3-0d2a-49ae-9d47-3909301fae64,completed,2023-03-06 20:43:42.066461,,
d44ce318-1b31-45a6-91d7-d44900820e1e,completed,2023-03-06 20:43:42.066461,,
1c4dc59e-f0c9-48e5-9812-8bf09416d75b,completed,2023-03-06 20:43:42.066461,,
699bdda9-ea96-4006-a03a-720d65a6b6ce,completed,2023-03-06 20:43:42.066461,,
02084023-4251-48f5-8266-4c4b094fd71f,completed,2023-03-06 20:43:42.066461,,
3fcef731-b1a8-4873-82ec-e09aa597ec58,completed,2023-03-06 20:43:42.066461,,
7c8fbbc2-9133-48cf-b67c-c930340060a5,completed,2023-03-06 20:43:42.066461,,
c7921b4a-3723-4d75-ad7a-8f59aae6fced,failed,2023-03-06 20:43:42.066461,,
beefa8dd-1139-4e8e-a3de-e349d4184cf5,completed,2023-03-06 20:43:42.066461,,
c8419132-b7ad-4ea2-93db-89b850734f61,completed,2023-03-06 20:43:42.066461,,
5044720d-b5e7-403e-9201-03e76172c0b5,completed,2023-03-06 20:43:42.066461,,
f3ae675c-755d-4961-b918-0f45bb2db5c3,completed,2023-03-06 20:43:42.066461,,
7692f631-c9f1-4581-ad27-db0f7240f66f,completed,2023-03-06 20:43:42.066461,,
1b081324-95d6-4f96-9da5-047cc6bb87b4,completed,2023-03-06 20:43:42.066461,,
d57c5e2b-1125-4a41-92cb-eeb4cb0c35dc,completed,2023-03-06 20:43:42.066461,,
851dd4f8-332f-45a7-9002-d3d2a5d4fd42,completed,2023-03-06 20:43:42.066461,,
58349d3d-fa59-41a3-ab5b-37bbd2d62dec,completed,2023-03-06 20:43:42.066461,,
63925a24-bf51-492b-b998-6b78c42a1968,completed,2023-03-06 20:43:42.066461,,
e163360a-3ef5-4999-a855-b05cec49d9ea,completed,2023-03-06 20:43:42.066461,,
dcaf69c1-8cef-48df-8aeb-1d4c92a48bba,completed,2023-03-06 20:43:42.066461,,
682cf62c-8a32-4c2b-afdf-18e1850a2de6,completed,2023-03-06 20:43:42.066461,,
de1ce388-d0b5-4b2a-89b1-2f0ecb699ec5,completed,2023-03-06 20:43:42.066461,,
36834167-b977-4c3b-b41c-b8503e14975f,completed,2023-03-06 20:43:42.066461,,
d72f3326-bcc8-43fe-801f-db0acf028e96,completed,2023-03-06 20:43:42.066461,,
2d6fcc7a-0094-4ae2-9825-81e57cac03a9,completed,2023-03-06 20:43:42.066461,,
2f8a4f25-3ed5-4842-9c78-0c9fd33ded71,completed,2023-03-06 20:43:42.066461,,
680c5dc8-0708-4d81-9c6d-151b5d4b7ed9,completed,2023-03-06 20:43:42.066461,,
0b689f9b-8510-4b1e-ad41-2a3997fb3c37,completed,2023-03-06 20:43:42.066461,,
506e4e22-3326-4f08-a831-4d87ade1baca,completed,2023-03-06 20:43:42.066461,,
9404ca42-83e5-4833-9c95-f60cc83add17,completed,2023-03-06 20:43:42.066461,,
f013c62b-0ca1-42c6-aa6d-08ce6bc2313c,completed,2023-03-06 20:43:42.066461,,
ad3c490f-1ac6-4be5-a09a-0680343ea4d7,completed,2023-03-06 20:43:42.066461,,
cddf37a7-a3aa-4b90-acbb-82268fcb30c6,completed,2023-03-06 20:43:42.066461,,
fe45e16b-08ed-453f-9f1d-d44ee2447ed0,completed,2023-03-06 20:43:42.066461,,
07a5d031-5e8c-4d31-a2e7-cdf3570b4c25,completed,2023-03-06 20:43:42.066461,,
cff06612-ff02-4d52-b7b9-9d57425ba328,completed,2023-03-06 20:43:42.066461,,
c2aadf4d-8c07-474c-923f-1dcd706460fb,completed,2023-03-06 20:43:42.066461,,
b0e18933-2d30-4120-a552-2f16373d567b,completed,2023-03-06 20:43:42.066461,,
09765b20-3a68-434e-b037-fd5a0ed26474,completed,2023-03-06 20:43:42.066461,,
8424599d-480e-4c40-8952-083611d332f9,completed,2023-03-06 20:43:42.066461,,
b501a1ab-110f-4c7c-9e13-ad0c8c23ecc2,completed,2023-03-06 20:43:42.066461,,
6b6469d8-d40a-4685-ae16-a9c1e9fa2bf6,completed,2023-03-06 20:43:42.066461,,
b4eae4aa-7467-4d01-ac98-b2f12885cb64,completed,2023-03-06 20:43:42.066461,,
b15bd7d3-127d-4f23-976b-7a7142ecba90,completed,2023-03-06 20:43:42.066461,,
33a23734-0cac-47c3-9ab4-3325049d29d9,completed,2023-03-06 20:43:42.066461,,
c3868ad5-e7cb-4490-8305-81958ae1d1a0,completed,2023-03-06 20:43:42.066461,,
1c5d4989-44b1-4660-96e7-a5c2b3f07147,completed,2023-03-06 20:43:42.066461,,
e6b74905-c065-440d-8139-9a64c31e5547,completed,2023-03-06 20:43:42.066461,,
8bedc5b1-7d95-4b8e-8e8b-3c452083fff9,completed,2023-03-06 20:43:42.066461,,
3a35fcf6-f806-4446-8953-0e41391d6009,completed,2023-03-06 20:43:42.066461,,
0000026d-9d0a-4c56-ad46-180be87b2a04,completed,2023-03-06 20:43:42.066461,,
fc451976-857a-4a91-91e7-5fddd4e91ea6,completed,2023-03-06 20:43:42.066461,,
51f2feeb-de2c-4781-9db7-fca00fe98cf3,completed,2023-03-06 20:43:42.066461,,
8a24f6fc-311f-4eb8-9963-141e2b106cbc,completed,2023-03-06 20:43:42.066461,,
9d9fd0bf-52a4-4b73-b020-c26cb364d938,completed,2023-03-06 20:43:42.066461,,
5a41d94f-f398-4bff-81e8-4bad5dbb9cbf,completed,2023-03-06 20:43:42.066461,,
007f3511-5ae8-4eb0-bb88-7e202e4137e5,completed,2023-03-06 20:43:42.066461,,
3f10723b-020a-44dc-947c-702b2d2b251d,completed,2023-03-06 20:43:42.066461,,
11d37c70-8ded-425a-91fc-1fb0dc7809f9,completed,2023-03-06 20:43:42.066461,,
2c80ebe4-e173-476b-a3b5-0916cfcafe5c,completed,2023-03-06 20:43:42.066461,,
8e817eff-d5fa-4da0-971c-fe727d4c5027,completed,2023-03-06 20:43:42.066461,,
e9bc828c-a2f8-42d5-9738-6c02183e9f40,completed,2023-03-06 20:43:42.066461,,
98507355-83e9-4045-9a27-e5865e1064b3,completed,2023-03-06 20:43:42.066461,,
73b7ac80-e424-4b64-944f-bf33db1689c1,completed,2023-03-06 20:43:42.066461,,
2e4a2a40-3b38-4816-b0fd-bd2f36ae7723,completed,2023-03-06 20:43:42.066461,,
4302acb9-a710-4eeb-b040-431d9d1cff13,completed,2023-03-06 20:43:42.066461,,
02b445b5-8a81-48ab-b418-947b00772547,completed,2023-03-06 20:43:42.066461,,
ee9924d5-73d1-471d-9aea-c667eb73f1b6,completed,2023-03-06 20:43:42.066461,,
9ae67658-279a-4d39-bf82-74b19fec428f,completed,2023-03-06 20:43:42.066461,,
d9c167c0-7033-432a-97b7-115d5b4c63ab,completed,2023-03-06 20:43:42.066461,,
ebd21cd5-a9ea-4d79-a8cc-41bee21f2ff4,completed,2023-03-06 20:43:42.066461,,
2f2636e4-9267-4707-a214-191bfed11af3,completed,2023-03-06 20:43:42.066461,,
c097aa4e-5316-4a22-87c1-7684ee71f966,completed,2023-03-06 20:43:42.066461,,
52703fc3-c3d0-435e-ad29-2ed9d64a776c,completed,2023-03-06 20:43:42.066461,,
c88f4b8f-eb0a-40ed-8f75-3e06204a436f,completed,2023-03-06 20:43:42.066461,,
04f3eef6-fedc-40e0-9d6c-1445dce8f025,completed,2023-03-06 20:43:42.066461,,
c7272d02-50a4-43d0-b56c-92bf847a0f8c,completed,2023-03-06 20:43:42.066461,,
db085e53-b71e-4c5c-8f5c-ae648bc6b0b4,completed,2023-03-06 20:43:42.066461,,
3a553cc0-3ffc-4d44-b5c7-e9782c50a8d9,completed,2023-03-06 20:43:42.066461,,
ba299b54-d381-435b-b657-7392ee73f220,completed,2023-03-06 20:43:42.066461,,
aebdc65a-13f8-444a-9c51-e7705f941948,completed,2023-03-06 20:43:42.066461,,
a56fff87-1d17-4267-aa7f-11b92307270f,completed,2023-03-06 20:43:42.066461,,
3dcfc544-9f06-4e76-8eb7-72efc88449d8,completed,2023-03-06 20:43:42.066461,,
424f21f6-176f-4909-ab21-ba67a4340b80,completed,2023-03-06 20:43:42.066461,,
db5df920-7ebb-4232-86bf-ef308d4f7a58,completed,2023-03-06 20:43:42.066461,,
a1646659-732d-49b7-9014-2dd89a94b4c8,completed,2023-03-06 20:43:42.066461,,
57f71622-97d6-4ebe-b9b7-f627867b9e60,completed,2023-03-06 20:43:42.066461,,
c6988357-68c0-4775-af38-97748225b563,completed,2023-03-06 20:43:42.066461,,
ae7f31db-bfd5-4260-98ea-014dcafb440d,completed,2023-03-06 20:43:42.066461,,
e2bc9f95-7a74-4096-8098-102879afbddf,completed,2023-03-06 20:43:42.066461,,
37807bd8-154b-4bff-b4aa-bc8ef47359f4,completed,2023-03-06 20:43:42.066461,,
9283aecd-9e12-4a68-8d4c-2fb448de32cb,completed,2023-03-06 20:43:42.066461,,
08062db9-1332-4eda-af42-bb88a928295a,completed,2023-03-06 20:43:42.066461,,
13df3d6d-0897-4e22-a2df-e31a3de42a35,completed,2023-03-06 20:43:42.066461,,
6b99a84e-0537-4cf8-9158-c74c0ef4b3b9,completed,2023-03-06 20:43:42.066461,,
73868d16-996c-48f2-a11a-11d325783625,completed,2023-03-06 20:43:42.066461,,
97a0586a-69f8-4699-abf4-0a743b9f07e6,completed,2023-03-06 20:43:42.066461,,
e3b2b8be-83ac-49fe-9a48-1a53582d6ea3,completed,2023-03-06 20:43:42.066461,,
e0a44983-2e7b-4cda-b33b-2b24194d15b9,completed,2023-03-06 20:43:42.066461,,
2a26edb2-5d31-49b5-95a4-69dd51703dd2,completed,2023-03-06 20:43:42.066461,,
425c0aec-6db5-43b1-a5a6-cf8199825164,completed,2023-03-06 20:43:42.066461,,
68c62fa7-79b4-492b-a7c6-e09210fbe73c,completed,2023-03-06 20:43:42.066461,,
a4d72964-af2b-4088-b480-49d2e66a0ca6,completed,2023-03-06 20:43:42.066461,,
1b34d1fd-ad30-40d2-87c8-8b5ab9a0c5fd,completed,2023-03-06 20:43:42.066461,,
619a17a4-129c-4431-904e-9db5e815c437,completed,2023-03-06 20:43:42.066461,,
877f3a3c-3f3e-4ca2-9e17-c7f94522aff9,completed,2023-03-06 20:43:42.066461,,
f91dfa18-2f6c-4d98-80e4-55a6376df536,completed,2023-03-06 20:43:42.066461,,
95ba4e1a-2e05-43bb-b481-44a9ba5bb5de,completed,2023-03-06 20:43:42.066461,,
77efc64d-d392-4bf9-8247-feae558ac039,completed,2023-03-06 20:43:42.066461,,
931ef638-5336-4e71-a117-2ed7c9db3ecc,completed,2023-03-06 20:43:42.066461,,
38ef55ac-d1ef-43d8-8bbc-7d2ee7f1f3b7,completed,2023-03-06 20:43:42.066461,,
fb82e4b2-b748-47de-bfe3-af90faa6fb1d,completed,2023-03-06 20:43:42.066461,,
00e09049-ec70-452b-87a9-d65928741dc2,completed,2023-03-06 20:43:42.066461,,
55c6322c-c71f-4d1f-ac11-9e3ac4664479,completed,2023-03-06 20:43:42.066461,,
f4d0cdf0-c0cd-4c35-b72b-83db2b5a91ed,completed,2023-03-06 20:43:42.066461,,
bc2d9052-0ad0-47c2-bc5f-3984408939e6,completed,2023-03-06 20:43:42.066461,,
6e61720a-0718-475f-9459-67d218b7194a,completed,2023-03-06 20:43:42.066461,,
87e6792e-0102-4a96-a1e9-f5485aa8685b,completed,2023-03-06 20:43:42.066461,,
a7ef1d86-bfe8-4a58-a338-265892992703,completed,2023-03-06 20:43:42.066461,,
4a6a216a-91b7-409c-8a19-1374e980c7c0,completed,2023-03-06 20:43:42.066461,,
09d77b16-5a9d-46ec-9bbc-62e2433abd9b,completed,2023-03-06 20:43:42.066461,,
8ac175fc-373f-4f61-99cc-b80c1effe890,completed,2023-03-06 20:43:42.066461,,
66da4ff2-8490-49e8-af32-36b40fcf0fe2,failed,2023-03-06 20:43:42.066461,,
07ade6d4-b212-4e62-9790-b0544c642bdd,completed,2023-03-06 20:43:42.066461,,
0ec37651-b195-43dc-a329-7e07b9abe4ce,completed,2023-03-06 20:43:42.066461,,
c1e1962a-780a-4872-8483-970f5cdbb071,completed,2023-03-06 20:43:42.066461,,
c807466d-226c-41f7-af56-9dcb50a0cbc8,completed,2023-03-06 20:43:42.066461,,
c970563a-b600-406f-aba7-25fb83062dd8,completed,2023-03-06 20:43:42.066461,,
a8949f6d-3701-471e-8898-65e8aa244a33,completed,2023-03-06 20:43:42.066461,,
92ae3f6c-c7d7-4848-a85b-7f945da20cda,completed,2023-03-06 20:43:42.066461,,
38449002-c63b-40bb-b122-71a911411ad0,completed,2023-03-06 20:43:42.066461,,
4b18f620-ccd8-46cd-aa40-1942a0d4bcc5,completed,2023-03-06 20:43:42.066461,,
8e0ae3cb-d071-4b6a-ba6b-c4a6f8f80dd8,completed,2023-03-06 20:43:42.066461,,
0b846ac9-072f-496c-b18c-189f6feef72b,completed,2023-03-06 20:43:42.066461,,
43c6531b-68b4-47d6-9973-684720d8bc35,completed,2023-03-06 20:43:42.066461,,
cfae3281-c2bd-4f91-9124-d3b1766f88f4,completed,2023-03-06 20:43:42.066461,,
b18760c9-a0ea-4095-b41b-501d0596613c,completed,2023-03-06 20:43:42.066461,,
06d7ab96-3b18-46a8-bd48-d4152b4c052c,completed,2023-03-06 20:43:42.066461,,
b7bf312b-90a2-43ca-b1e7-bf04d297dcad,completed,2023-03-06 20:43:42.066461,,
61dc4197-ee29-41ef-b5f0-8894ea6e47ad,completed,2023-03-06 20:43:42.066461,,
e30c5321-f879-40d6-abd4-bf7fde1977f1,completed,2023-03-06 20:43:42.066461,,
56f11719-5103-43bb-a8a0-a5210f3c0330,completed,2023-03-06 20:43:42.066461,,
e4994fff-8311-4854-a8ab-21731d4fd2e3,completed,2023-03-06 20:43:42.066461,,
05e87258-43f7-406d-a7cc-de6e90304334,completed,2023-03-06 20:43:42.066461,,
c5401c72-0ac8-4dc3-9d62-f70fa185fde9,completed,2023-03-06 20:43:42.066461,,
d618a374-9006-43eb-9bc2-8ea571ae0096,completed,2023-03-06 20:43:42.066461,,
ff1ed753-31fa-42cc-b27a-2be08390c903,completed,2023-03-06 20:43:42.066461,,
75977427-8a57-4016-9c3e-edf26402aba8,completed,2023-03-06 20:43:42.066461,,
13ada35a-f48f-43ad-a8bf-e18f871fe45a,completed,2023-03-06 20:43:42.066461,,
55b5cd0c-3b21-41b8-a363-19d8106d0375,completed,2023-03-06 20:43:42.066461,,
3b8a41c7-bb15-4f25-a32c-503cd24fa2bd,completed,2023-03-06 20:43:42.066461,,
735452f5-ccdf-4b57-94f8-35d1d8b49a0c,completed,2023-03-06 20:43:42.066461,,
a3c72a78-5a48-4749-8658-363c6f5cc75a,completed,2023-03-06 20:43:42.066461,,
7b8d239f-7779-4aa2-8eb3-bd2e52bdb247,completed,2023-03-06 20:43:42.066461,,
4ab9bf2d-c205-40e0-baa7-8368c953386c,completed,2023-03-06 20:43:42.066461,,
1b68be9b-22db-48c7-91a3-fdfc575ecbd3,completed,2023-03-06 20:43:42.066461,,
59a04e26-b084-4f0a-8f3d-3ed0af53aa10,completed,2023-03-06 20:43:42.066461,,
20f36640-38aa-4de4-9740-ee6d360e81b0,completed,2023-03-06 20:43:42.066461,,
39905f14-4921-41cc-9f45-d636c245f260,completed,2023-03-06 20:43:42.066461,,
e08165da-f50b-4816-967e-c3ea014bc45c,completed,2023-03-06 20:43:42.066461,,
6366d45f-ca94-48e9-b5eb-dd52c36a2445,completed,2023-03-06 20:43:42.066461,,
47f04b6e-06c7-4115-a83b-04e84cb4c0c9,completed,2023-03-06 20:43:42.066461,,
dec4d34f-8c5b-4a16-ac06-2c4016ae8ed1,completed,2023-03-06 20:43:42.066461,,
231df1fe-a707-457d-a89c-7c129302a7a3,completed,2023-03-06 20:43:42.066461,,
a6168247-d0fb-4677-8419-b5ad4d1bedff,completed,2023-03-06 20:43:42.066461,,
20463440-395b-42e3-a760-0b52bc160e44,completed,2023-03-06 20:43:42.066461,,
b21c2667-ddcc-4470-86b2-87e964882bce,completed,2023-03-06 20:43:42.066461,,
c2b60287-89fe-4bb6-9266-019e42f9dca9,completed,2023-03-06 20:43:42.066461,,
81c0bf6b-d4a4-470c-a4ac-34fbca5f7342,completed,2023-03-06 20:43:42.066461,,
d649455a-3be2-489f-8713-33b944bd7eb0,completed,2023-03-06 20:43:42.066461,,
5a32afb7-d0f3-4a1d-ad9a-7fe56dff4aa5,completed,2023-03-06 20:43:42.066461,,
0c1b6e0e-0bb2-4e3b-bd8a-e7352c0067b7,completed,2023-03-06 20:43:42.066461,,
b5608a4a-0bac-4275-a270-a9987269427e,completed,2023-03-06 20:43:42.066461,,
5dab396c-6d9d-427d-8fc8-c46bffeed312,completed,2023-03-06 20:43:42.066461,,
c78d26d2-2a16-458e-959a-f99963dddd9c,completed,2023-03-06 20:43:42.066461,,
7632c56e-f8bf-43c4-a531-aa4341cfc4f0,completed,2023-03-06 20:43:42.066461,,
96491a37-3a7f-46ea-9cb6-fc68ec4b55e6,completed,2023-03-06 20:43:42.066461,,
8ceab841-e71a-49a0-ac9c-7ed7137d06a3,completed,2023-03-06 20:43:42.066461,,
a26a6b1f-a389-408d-9a79-848e420928f6,completed,2023-03-06 20:43:42.066461,,
f4e18da6-3680-4ea9-a811-b66d05597b45,completed,2023-03-06 20:43:42.066461,,
17ec3386-c0d8-4e32-bacf-1f0a90fc9675,completed,2023-03-06 20:43:42.066461,,
31a7efa9-086b-4e4b-82fb-7144f5e03f12,completed,2023-03-06 20:43:42.066461,,
68c2b2d5-e20c-4276-9801-1b6f058ca972,completed,2023-03-06 20:43:42.066461,,
26419eac-571b-4c34-a15f-061444e7cdf6,completed,2023-03-06 20:43:42.066461,,
b58d3c9c-ffaf-4bda-824b-fe86511fb709,completed,2023-03-06 20:43:42.066461,,
53831a9c-952f-41a4-99a5-fd3acf9c102e,completed,2023-03-06 20:43:42.066461,,
c6a19a2f-a099-41eb-9f03-6e2b578b0c53,completed,2023-03-06 20:43:42.066461,,
4cbdf805-81d3-4382-8c7d-8a24c2a9868b,completed,2023-03-06 20:43:42.066461,,
3b09fbc6-5483-4ddf-b45e-2754cb4e1e5d,completed,2023-03-06 20:43:42.066461,,
5f2bf548-d0b1-4dce-b551-9073a42a635f,completed,2023-03-06 20:43:42.066461,,
d79966db-3031-4a90-b3b3-7721ab024cfe,completed,2023-03-06 20:43:42.066461,,
cc1f5368-da86-465e-873a-a7f808896fb4,completed,2023-03-06 20:43:42.066461,,
3efdee53-25ed-4f12-b46f-b16b89563d88,completed,2023-03-06 20:43:42.066461,,
b5dd1a81-3760-4205-ae0e-5a4e683fd9a6,completed,2023-03-06 20:43:42.066461,,
08749911-f9c0-4a7d-98f9-939c3da5c446,completed,2023-03-06 20:43:42.066461,,
6ba704cc-a132-429f-8678-5068bf843253,completed,2023-03-06 20:43:42.066461,,
c8f29954-9e78-4807-adf0-3c0c51102efd,completed,2023-03-06 20:43:42.066461,,
af7a4556-99cb-4bb1-9d8f-56b391c07b12,completed,2023-03-06 20:43:42.066461,,
1459004e-3d7c-4ea2-bf1f-48d18044fae4,completed,2023-03-06 20:43:42.066461,,
05b7fbcf-6672-4296-81ac-23915b8e7008,completed,2023-03-06 20:43:42.066461,,
7fc7865b-ce2f-48ec-b07a-a45b32287afc,completed,2023-03-06 20:43:42.066461,,
79886c3e-37f1-4dab-b97d-5f63aa81abd7,completed,2023-03-06 20:43:42.066461,,
c2c3db79-ff0a-445e-9d17-70c6e863e20c,completed,2023-03-06 20:43:42.066461,,
c141c3e9-71b5-4bbb-ac7e-bd0c1c79c8e5,completed,2023-03-06 20:43:42.066461,,
3a372f16-1b39-419f-a66a-1d01132084c9,completed,2023-03-06 20:43:42.066461,,
7282ff84-4aac-4e80-9cda-3baafdaf9a36,completed,2023-03-06 20:43:42.066461,,
7cb77f3c-722b-4122-902c-f2eb8181b0f3,completed,2023-03-06 20:43:42.066461,,
bed830f6-effa-4322-97d1-90cd87cb008f,completed,2023-03-06 20:43:42.066461,,
2d96b29f-f3f5-4ce5-adc8-fa94116df447,completed,2023-03-06 20:43:42.066461,,
110897cf-994e-4043-83c9-b8f666664b61,completed,2023-03-06 20:43:42.066461,,
bc7a655c-f80f-41cf-8335-63bf0edc220f,completed,2023-03-06 20:43:42.066461,,
6d5ee835-6925-4cf3-bac6-09e1a576c2a9,completed,2023-03-06 20:43:42.066461,,
d53e9265-05e9-40d8-a75d-24fb270ec725,completed,2023-03-06 20:43:42.066461,,
df48c3c2-821d-422d-a43b-5390b631e5be,completed,2023-03-06 20:43:42.066461,,
85a6977d-de71-4318-829f-0801b3ead211,completed,2023-03-06 20:43:42.066461,,
5aea3e8a-2461-43c6-959c-99e07bda52b4,completed,2023-03-06 20:43:42.066461,,
eb30f7d8-f2b1-4bbd-b3ab-f8998fb1cd8a,completed,2023-03-06 20:43:42.066461,,
58b96bed-f6bd-427a-9c75-8299545358d6,completed,2023-03-06 20:43:42.066461,,
2940ceef-6cc7-4c1f-a04e-d02dc247fa0b,completed,2023-03-06 20:43:42.066461,,
f731acc1-204a-4910-8a67-0865fb4ec651,completed,2023-03-06 20:43:42.066461,,
a949d615-d4a8-41eb-903f-fa579907ad0e,completed,2023-03-06 20:43:42.066461,,
80438141-6d5c-4730-bd27-ffa87f02f36b,completed,2023-03-06 20:43:42.066461,,
95786763-85ed-49f1-85d7-e7f852323f00,completed,2023-03-06 20:43:42.066461,,
ab7b6bda-e1c6-41ec-870b-f31e8c844b97,completed,2023-03-06 20:43:42.066461,,
89aca2f0-cb53-4067-9d81-8393c24547d2,completed,2023-03-06 20:43:42.066461,,
a13f255f-daea-4d9d-b50a-03905a167793,completed,2023-03-06 20:43:42.066461,,
592c3006-f6e3-402c-ab23-9e27485ec506,completed,2023-03-06 20:43:42.066461,,
a61203e5-26e1-4fd1-a534-b167f55e5a0e,completed,2023-03-06 20:43:42.066461,,
54563197-a344-4212-b76b-a33d40d5c8e2,completed,2023-03-06 20:43:42.066461,,
c4f8a76c-aab9-4826-84d6-ace6ecc5deb5,completed,2023-03-06 20:43:42.066461,,
ecdba7ed-d23c-4318-9461-b81e9a440a91,completed,2023-03-06 20:43:42.066461,,
3864117d-340b-4e43-ae55-d0061ce3610d,completed,2023-03-06 20:43:42.066461,,
eb6f4619-32aa-4d20-a82e-444232e1bab0,completed,2023-03-06 20:43:42.066461,,
7a131b93-dcac-408b-9932-b686ca5f688f,completed,2023-03-06 20:43:42.066461,,
71736c09-ea0d-4948-99e3-23f8e0e9e83d,completed,2023-03-06 20:43:42.066461,,
65c9b3d1-b3d0-4dd1-9c07-9eb6ee1c4668,completed,2023-03-06 20:43:42.066461,,
87a44a43-c1ae-446f-afa7-1c84c06381db,completed,2023-03-06 20:43:42.066461,,
4008df78-9f60-418b-89ea-74779270bf41,completed,2023-03-06 20:43:42.066461,,
e60f55df-10e4-4f74-abd7-666e6f9df2cb,completed,2023-03-06 20:43:42.066461,,
6e8743b5-24e1-4704-ad9e-98544b7b49e4,completed,2023-03-06 20:43:42.066461,,
9ea9c2fe-9a5e-4530-9f00-7f423d3b1f9d,completed,2023-03-06 20:43:42.066461,,
ff00ab98-50aa-485a-9750-0e02c1173068,completed,2023-03-06 20:43:42.066461,,
23a8b49a-2ae5-47a3-8f17-7e2eadc5df95,completed,2023-03-06 20:43:42.066461,,
9843dbcf-54e8-46a8-b186-90b7588931d2,completed,2023-03-06 20:43:42.066461,,
ba3f5bba-2efc-4829-9bd1-a014c313580c,completed,2023-03-06 20:43:42.066461,,
55e6cd5b-3579-470e-9a03-40a3c3832525,completed,2023-03-06 20:43:42.066461,,
0f2b39bf-afc3-448d-8246-8230229e2ae8,completed,2023-03-06 20:43:42.066461,,
6f9fcfec-e884-462a-87c4-859f7bf64158,completed,2023-03-06 20:43:42.066461,,
99436f8e-f790-4a10-b8f4-4c37b6f04b8c,completed,2023-03-06 20:43:42.066461,,
f5838ba7-d4f4-486b-96fe-45ceb9b8acc8,completed,2023-03-06 20:43:42.066461,,
67c3f15a-2015-4775-b4c1-8806edf330d9,completed,2023-03-06 20:43:42.066461,,
944ea9cb-4244-4edb-966d-e3ecd35a0fbd,completed,2023-03-06 20:43:42.066461,,
14a0ffd9-80db-4526-a190-527d1902024e,completed,2023-03-06 20:43:42.066461,,
cc86ae0a-e0a9-4943-9003-2a8a0c82826b,completed,2023-03-06 20:43:42.066461,,
c6efba7f-b574-4038-bd30-2f87431a3162,completed,2023-03-06 20:43:42.066461,,
d0de6788-3791-473f-be52-ca577ee5b5d2,completed,2023-03-06 20:43:42.066461,,
ae3e1069-80ee-4b57-908a-ff5ef056f815,completed,2023-03-06 20:43:42.066461,,
0f6f51d7-3e9e-4370-bbfd-1cf0758e235c,completed,2023-03-06 20:43:42.066461,,
d56bde89-f6df-4eee-8197-1d74816ec956,completed,2023-03-06 20:43:42.066461,,
b73d660d-a193-492b-b514-684e15b46604,completed,2023-03-06 20:43:42.066461,,
ade91899-6054-4a81-ac4e-38aebe378513,completed,2023-03-06 20:43:42.066461,,
ebc9bdde-7468-4413-92f6-6da51899bff6,completed,2023-03-06 20:43:42.066461,,
dbe12352-6068-4004-898b-8f0c76ae285d,completed,2023-03-06 20:43:42.066461,,
63bc9383-2c62-4129-826d-dcea535bbde7,completed,2023-03-06 20:43:42.066461,,
7f72bfeb-7df4-4525-bc54-c83404e51ac2,completed,2023-03-06 20:43:42.066461,,
84edf385-6ae4-4992-aa2b-6160f0fce56b,completed,2023-03-06 20:43:42.066461,,
2696b826-9b0f-4880-a11d-a5af4e95b3e9,completed,2023-03-06 20:43:42.066461,,
84ebd3c8-ab33-4ccf-9f6e-2021f3611fc9,completed,2023-03-06 20:43:42.066461,,
81887cd8-7eda-46ef-bed0-04c3df415dad,completed,2023-03-06 20:43:42.066461,,
5277aea1-b399-41e7-8f1d-63dbd63b3f98,completed,2023-03-06 20:43:42.066461,,
8d4db7ee-965a-44e0-bb3a-523f909b29df,completed,2023-03-06 20:43:42.066461,,
0f84bc2c-eb89-451d-b05e-defa8929a8e6,completed,2023-03-06 20:43:42.066461,,
1c1072d9-9f01-4248-8833-0bbfd46c4b24,completed,2023-03-06 20:43:42.066461,,
f118dea4-3719-4f08-9396-db2479fb4de5,completed,2023-03-06 20:43:42.066461,,
66ae2e46-e1dd-4340-a6f9-375d3fc9533a,completed,2023-03-06 20:43:42.066461,,
b7c1e1eb-f7ea-4b54-86f6-42c4b291a95f,completed,2023-03-06 20:43:42.066461,,
10a07a48-f6fb-423f-bc55-282b48c9d15b,completed,2023-03-06 20:43:42.066461,,
f6f92f8b-d667-4c25-a6dd-6342d5b86be3,completed,2023-03-06 20:43:42.066461,,
78a158a0-515d-4f4e-b1ce-713ad72ea8a7,completed,2023-03-06 20:43:42.066461,,
d99d05cb-df83-461e-b75e-0cf02bf10998,completed,2023-03-06 20:43:42.066461,,
e4e0b988-828f-41be-8984-31df5c767f35,completed,2023-03-06 20:43:42.066461,,
7374778b-5241-4a84-ae5c-79be380621ed,completed,2023-03-06 20:43:42.066461,,
dbb0d13b-f2fe-4e8b-9053-b34084cd0d4c,completed,2023-03-06 20:43:42.066461,,
47f0eadc-7d5e-478b-83be-9c04a0edab04,completed,2023-03-06 20:43:42.066461,,
4a4f0c34-5c7a-4cca-8f83-9ebca486f35b,completed,2023-03-06 20:43:42.066461,,
ea5db635-18f1-45f0-925f-820e836ec0c8,completed,2023-03-06 20:43:42.066461,,
989488c3-928c-4a51-9b22-7b3ba731010a,completed,2023-03-06 20:43:42.066461,,
323f9669-38af-4f0d-9137-0ae3ec3e63f6,completed,2023-03-06 20:43:42.066461,,
bbfd9aa9-f56b-45eb-b790-4af18b166d37,completed,2023-03-06 20:43:42.066461,,
d7008cdb-7134-4d8b-be41-3bbc64782073,completed,2023-03-06 20:43:42.066461,,
ec2c1ee8-4a72-4095-a47f-497034f622a9,completed,2023-03-06 20:43:42.066461,,
8c9d8f63-1a85-4523-8086-89a09b278f12,completed,2023-03-06 20:43:42.066461,,
b80c00de-4d22-49ff-b022-e14cf11a0563,completed,2023-03-06 20:43:42.066461,,
4e6c1b41-c7a4-4a14-9e05-667e2d1ea6b0,completed,2023-03-06 20:43:42.066461,,
5c37cb92-c91c-49e7-b93a-ff4e9774a4c4,completed,2023-03-06 20:43:42.066461,,
3ead7f8e-c952-487b-a92a-9c54364c2c57,completed,2023-03-06 20:43:42.066461,,
eb44c238-454d-48e0-8980-a7cf9d580a89,completed,2023-03-06 20:43:42.066461,,
83655958-ebd3-468c-b6bd-efeeaa08db32,completed,2023-03-06 20:43:42.066461,,
221d6fb0-67cf-4f26-90a1-09f96db75f83,completed,2023-03-06 20:43:42.066461,,
84cb2299-44db-40ad-9f13-bee610fdf87a,completed,2023-03-06 20:43:42.066461,,
e0032d9e-bc7c-4c6f-9d98-1326da483254,completed,2023-03-06 20:43:42.066461,,
819e9b28-b2ab-4383-9c75-5e3be9cc1092,completed,2023-03-06 20:43:42.066461,,
5436c433-70c2-4a96-96c6-86effbed6774,completed,2023-03-06 20:43:42.066461,,
1f267c05-7717-4963-a17a-f09b92a0f569,completed,2023-03-06 20:43:42.066461,,
0855b9c9-bd2e-4750-837b-50de5dae68b3,completed,2023-03-06 20:43:42.066461,,
baee6707-0fdf-46ea-9df3-2b93235c060c,completed,2023-03-06 20:43:42.066461,,
09778832-b81f-4f9d-b643-408f8b2d73e5,completed,2023-03-06 20:43:42.066461,,
cd0feb93-084d-40ed-8aa9-208a96a1e415,completed,2023-03-06 20:43:42.066461,,
9c0604ba-7dcb-4238-bd60-fb5b6ffdd7cf,completed,2023-03-06 20:43:42.066461,,
4180155c-af25-43f3-b761-be2d6d5730cc,completed,2023-03-06 20:43:42.066461,,
d34c2007-1081-4118-81f2-96a621adc5f4,completed,2023-03-06 20:43:42.066461,,
db6ae8f4-8fc5-4499-ba8d-9e18aa840e6e,completed,2023-03-06 20:43:42.066461,,
d76ab9c7-ce87-4cc2-bfc9-cc73f3fe845a,completed,2023-03-06 20:43:42.066461,,
c6f572e6-c8e7-4cfc-84d4-f06633e2a48f,completed,2023-03-06 20:43:42.066461,,
c7dc8ff6-7490-4e57-81d8-735dcefb836a,completed,2023-03-06 20:43:42.066461,,
ecf28a3f-cbe7-48a7-976e-ff83ce2bcaae,completed,2023-03-06 20:43:42.066461,,
c5267d18-4de0-4b91-9d82-022b169f26ce,completed,2023-03-06 20:43:42.066461,,
d507fdc8-5602-4bed-bb8e-dcad0ebd4ca6,completed,2023-03-06 20:43:42.066461,,
8c8f54ae-ce72-48f5-a0e3-660fc640b5ac,completed,2023-03-06 20:43:42.066461,,
2cc3972e-493b-4b41-8882-45fb732b82ae,completed,2023-03-06 20:43:42.066461,,
3e04dc0e-5266-4d1e-a477-5f13a713d9c8,completed,2023-03-06 20:43:42.066461,,
9ee42ec7-81a8-43b5-bb20-24c34e56924f,completed,2023-03-06 20:43:42.066461,,
80793b3f-d1f2-4d5e-b43d-d4d37260258b,completed,2023-03-06 20:43:42.066461,,
1bb7bf76-ff0f-4277-924b-feda6784995e,completed,2023-03-06 20:43:42.066461,,
0e48b25b-118d-4be6-bb6f-172ff08e786a,completed,2023-03-06 20:43:42.066461,,
29ef5662-7a12-4b9d-b5b0-2a9fafeb3670,completed,2023-03-06 20:43:42.066461,,
360378ab-c5b5-4f2c-94c2-f25750136ef9,completed,2023-03-06 20:43:42.066461,,
d711d76b-4ed6-4e8e-b771-1177504c6f6f,completed,2023-03-06 20:43:42.066461,,
f2524cf3-dd40-4838-b9ca-b38282876f49,completed,2023-03-06 20:43:42.066461,,
0d9a4d35-e7c4-4db8-bd39-c6ebd1055553,completed,2023-03-06 20:43:42.066461,,
64648d4b-9f83-49a5-b2e6-e18f2fd74ef4,completed,2023-03-06 20:43:42.066461,,
cf4a5554-e334-4403-9a2d-688a17c7910a,completed,2023-03-06 20:43:42.066461,,
ae10c847-8cf3-45c1-9ab1-00f20748c1e7,completed,2023-03-06 20:43:42.066461,,
8bed6eba-8193-4cc6-af96-0d60aeb0b82e,completed,2023-03-06 20:43:42.066461,,
91cc11b9-1720-40e1-abb5-f43234c97db9,completed,2023-03-06 20:43:42.066461,,
1ae451c3-f47f-4879-b287-2e5570b422c8,completed,2023-03-06 20:43:42.066461,,
cc591c1f-7d49-48ca-84c8-070e21ab4e76,completed,2023-03-06 20:43:42.066461,,
8e39d7ac-38ee-4683-a497-65f11f7b3167,completed,2023-03-06 20:43:42.066461,,
04fddda8-57d9-4e08-95f9-e3cfa80a5ca9,completed,2023-03-06 20:43:42.066461,,
ea433a1e-9508-4f3c-acd5-5536a5c66549,completed,2023-03-06 20:43:42.066461,,
7f00278e-a003-4b2c-b039-d33310bd1480,completed,2023-03-06 20:43:42.066461,,
e8d4c50c-d96f-4df9-87ec-3f030166e187,completed,2023-03-06 20:43:42.066461,,
c1ff978b-c091-4765-89be-a3a60d333487,completed,2023-03-06 20:43:42.066461,,
3728e194-1695-492a-af9e-511cd6696227,completed,2023-03-06 20:43:42.066461,,
5e6e297d-8883-4cb9-b3cb-d463bb8a8da3,completed,2023-03-06 20:43:42.066461,,
068463f4-2cd4-4a35-9c90-983986d01f48,completed,2023-03-06 20:43:42.066461,,
f50a03f1-dad1-465d-9006-6606845defd1,completed,2023-03-06 20:43:42.066461,,
a52cb834-749d-4f98-88f7-76c669a4ea11,completed,2023-03-06 20:43:42.066461,,
34791855-e89c-4c15-add7-32cd353e65fc,completed,2023-03-06 20:43:42.066461,,
a34bb8a6-eeb3-42e7-a166-068a15d10a42,completed,2023-03-06 20:43:42.066461,,
f839ad64-8415-4b31-a6de-f8895bdd6640,completed,2023-03-06 20:43:42.066461,,
7df3cca9-636f-428a-8677-111ae02ec4ce,completed,2023-03-06 20:43:42.066461,,
1d7ad68f-3567-43f4-8a53-808ed7e650a9,completed,2023-03-06 20:43:42.066461,,
20366459-6746-4e7d-8d84-0f81fb8fec52,failed,2023-03-06 20:43:42.066461,,
13993b21-98c6-4c1c-97d9-ca45fb4cf3d7,completed,2023-03-06 20:43:42.066461,,
3cf53b0f-c18c-43d2-a8a7-0933c110c8c6,failed,2023-03-06 20:43:42.066461,,
3e685a56-d4ce-444f-8633-affd7295e4c3,completed,2023-03-06 20:43:42.066461,,
2a17941d-5174-4dd9-ad8e-79d434372987,completed,2023-03-06 20:43:42.066461,,
20116b97-666a-4e4e-bff0-9d6fb39c2beb,completed,2023-03-06 20:43:42.066461,,
05fcd018-0c8c-4ddc-8c42-b4990b7bb70f,completed,2023-03-06 20:43:42.066461,,
3c6018d2-cd4a-405e-afb9-dc94d8e770ff,completed,2023-03-06 20:43:42.066461,,
6a8a3531-4283-4ee9-93c5-192180a81d38,completed,2023-03-06 20:43:42.066461,,
78018a9a-ea22-4455-91be-421777d0aa9b,completed,2023-03-06 20:43:42.066461,,
eed4f3f1-d76b-4c0a-afa5-db5ffbb911a3,completed,2023-03-06 20:43:42.066461,,
f81e0c8a-743b-4f13-a8be-0c3b0d8b8991,completed,2023-03-06 20:43:42.066461,,
8ee4d0f4-19b6-40a0-a7ee-dc1e3cc9d396,completed,2023-03-06 20:43:42.066461,,
5064efb7-e0f8-4c74-8cbe-74d5087957f3,completed,2023-03-06 20:43:42.066461,,
7d06aa6f-86d8-45c0-8068-5ec286c19774,completed,2023-03-06 20:43:42.066461,,
cb758bad-cb86-4369-a0bb-ed2d16524bce,completed,2023-03-06 20:43:42.066461,,
cbbcf038-35ae-4e70-85e4-3e2ccd13f31d,completed,2023-03-06 20:43:42.066461,,
2eb587a8-7d2b-42d0-8ff1-07ccb4b48f9a,completed,2023-03-06 20:43:42.066461,,
17a49682-6301-4e56-8f5c-641fbbe5837c,completed,2023-03-06 20:43:42.066461,,
371b05a8-38e9-4904-9844-3b2ce59beb31,completed,2023-03-06 20:43:42.066461,,
83929cd5-c252-4799-a754-0376d16bf701,completed,2023-03-06 20:43:42.066461,,
87bf00b8-137e-427d-b892-edd82228b031,completed,2023-03-06 20:43:42.066461,,
3e868f68-0a93-4866-91a1-3ccdd69029c7,completed,2023-03-06 20:43:42.066461,,
9af3c582-3ad7-4faa-864b-8ecf71f0fd1f,completed,2023-03-06 20:43:42.066461,,
c2f6b79b-b61f-43eb-a93b-c75904009bc5,completed,2023-03-06 20:43:42.066461,,
515e3f08-777f-464c-8a40-37c937a4ed7d,completed,2023-03-06 20:43:42.066461,,
bbd7af36-1e9b-49f4-8211-cc6d55c1651d,completed,2023-03-06 20:43:42.066461,,
1da27e04-0df2-4161-8c66-9d5453a24551,completed,2023-03-06 20:43:42.066461,,
8e74052e-3ad8-47ab-a1b8-0797fa3b50f9,completed,2023-03-06 20:43:42.066461,,
7c6d5c7d-2c3c-4025-a086-d79d9d0d2307,completed,2023-03-06 20:43:42.066461,,
8bf00734-545e-4210-9620-4bc971bd0a98,completed,2023-03-06 20:43:42.066461,,
b2a9c004-99d6-41a6-bb65-58a8301b12ef,completed,2023-03-06 20:43:42.066461,,
33f8da67-f412-45ed-b673-ebb8ca981bcc,completed,2023-03-06 20:43:42.066461,,
97be3487-1050-4d03-b239-b6ea1a18506e,completed,2023-03-06 20:43:42.066461,,
76bb3f0c-3738-4e6c-8a34-b3b560d5c405,completed,2023-03-06 20:43:42.066461,,
7f9d55c9-a9aa-483d-8999-fb5e1512d362,completed,2023-03-06 20:43:42.066461,,
e5035971-33b7-4a11-85c8-9b1b9a9da032,completed,2023-03-06 20:43:42.066461,,
6a7aa76b-be5d-4299-b9ba-e42197c5285e,completed,2023-03-06 20:43:42.066461,,
82853431-95c2-47b8-9ef5-63d3edfeba7f,completed,2023-03-06 20:43:42.066461,,
4b36c17c-bab3-4b36-9e2a-04602124c5f6,completed,2023-03-06 20:43:42.066461,,
04c11624-cde6-4733-b744-69a6928e8777,completed,2023-03-06 20:43:42.066461,,
86305cf7-b459-440d-a1cb-5da9baf3fad3,completed,2023-03-06 20:43:42.066461,,
23fc4d68-1e99-4694-a5fb-1e3ba04748ec,completed,2023-03-06 20:43:42.066461,,
de0aaf9c-27bd-45a8-8ce9-9550bfa466c9,completed,2023-03-06 20:43:42.066461,,
22301e95-453b-4d3e-bf28-f9636a50ac5d,completed,2023-03-06 20:43:42.066461,,
ec0e1498-4a23-4d88-a975-e65e019c7d98,completed,2023-03-06 20:43:42.066461,,
b97c517f-49c1-41ac-82f5-987c59b37979,completed,2023-03-06 20:43:42.066461,,
e38d96ac-a815-4d2a-9280-1b55953c9146,completed,2023-03-06 20:43:42.066461,,
105e8660-24a6-4c40-84d5-9350779a95eb,completed,2023-03-06 20:43:42.066461,,
ae6a0bd0-02e8-41a4-b4e7-67fb29a131c5,completed,2023-03-06 20:43:42.066461,,
8450d892-324d-4441-94ea-9c8b0061f0d7,completed,2023-03-06 20:43:42.066461,,
50cfa2db-c3d1-420d-a0df-2faacb1a1c6d,completed,2023-03-06 20:43:42.066461,,
f0759c84-84dd-4e6c-ae77-726149ff38f8,completed,2023-03-06 20:43:42.066461,,
4df2ea2a-f935-4649-9476-1c587a83bf5e,completed,2023-03-06 20:43:42.066461,,
d6471661-921e-4497-b743-a298d0741930,completed,2023-03-06 20:43:42.066461,,
51f345dc-f318-4ef3-8b65-f98aa7fecdcd,completed,2023-03-06 20:43:42.066461,,
cede43d6-3d6e-4d96-a0ba-c0e0ae394e29,completed,2023-03-06 20:43:42.066461,,
f574016e-48eb-4eca-a0e5-82df68f51c9e,completed,2023-03-06 20:43:42.066461,,
c7895b20-c852-43b8-b9c6-a823ef5d5816,completed,2023-03-06 20:43:42.066461,,
5bbbbaee-660b-479c-b3b8-b360eb42a852,completed,2023-03-06 20:43:42.066461,,
50e52332-a750-4d9a-ab00-586c343bb4ef,completed,2023-03-06 20:43:42.066461,,
244ab890-27cb-4f71-ba9e-f1e173e3510b,completed,2023-03-06 20:43:42.066461,,
c5cf6499-39cc-4148-bc54-3634b8c2b4ba,completed,2023-03-06 20:43:42.066461,,
eb1ae4ec-8149-4e71-a9da-0a84181a9b4c,completed,2023-03-06 20:43:42.066461,,
bd63c275-904d-4de6-bcf9-072323b9a80b,completed,2023-03-06 20:43:42.066461,,
e04df55e-9dfe-4fdb-8eda-210cebc2a6ad,completed,2023-03-06 20:43:42.066461,,
723460db-7a8d-4f31-830e-8f7a151d3fe0,completed,2023-03-06 20:43:42.066461,,
e2357597-ae38-45da-a14b-2a7292aaccfa,completed,2023-03-06 20:43:42.066461,,
95b1c575-a4f7-49b5-9901-6bceb1a6d1f2,completed,2023-03-06 20:43:42.066461,,
afd876d3-c4fa-4ea7-9e55-bbc8c009fa51,completed,2023-03-06 20:43:42.066461,,
9d80c6df-8afb-46c8-a25a-ce3ac4889d92,completed,2023-03-06 20:43:42.066461,,
6bc5e8ad-1494-4e43-abf1-d85d4b1ec94c,failed,2023-03-06 20:43:42.066461,,
f1de9238-3338-4115-9825-296286fc694f,completed,2023-03-06 20:43:42.066461,,
15eef7b7-94d2-43d4-b16b-f19bde2ce10e,completed,2023-03-06 20:43:42.066461,,
79155149-a838-41c2-a105-cbc5f70b7d41,completed,2023-03-06 20:43:42.066461,,
3be2deee-9c03-4074-900e-17bcbe31b4b1,completed,2023-03-06 20:43:42.066461,,
b7f135ae-0d50-42ed-8da9-ea86a3fe4ec8,completed,2023-03-06 20:43:42.066461,,
40e1c5f2-7129-4a2e-99ae-0b566dd7336f,completed,2023-03-06 20:43:42.066461,,
b5c7af74-c776-408c-b25c-3debca9e234a,completed,2023-03-06 20:43:42.066461,,
c4558791-8f8a-4cc4-926b-1c277f5d2929,completed,2023-03-06 20:43:42.066461,,
56c3a321-ac04-4c90-bd99-e88afad6a384,completed,2023-03-06 20:43:42.066461,,
fda20699-cbde-4222-b18e-56930c31d80c,completed,2023-03-06 20:43:42.066461,,
fb7ccaae-e1f4-4b97-aac6-81201f87e546,completed,2023-03-06 20:43:42.066461,,
ae1865c4-c6f3-40d6-905f-01ae822e69fe,completed,2023-03-06 20:43:42.066461,,
e20adfa1-a518-4c36-b4b5-52c647863394,completed,2023-03-06 20:43:42.066461,,
fca23e46-9661-49e9-be8f-c09c6220f2f7,completed,2023-03-06 20:43:42.066461,,
b44b5f09-8cce-4cb8-9673-415b9cc4019a,completed,2023-03-06 20:43:42.066461,,
2e90c2bd-5ef3-4cb3-b15c-0a22cabdb822,completed,2023-03-06 20:43:42.066461,,
7d7e4760-fda7-4b1d-aa3c-e25b1fe5057b,completed,2023-03-06 20:43:42.066461,,
0fe1e8db-ccc5-4133-bb14-4c0d46872209,completed,2023-03-06 20:43:42.066461,,
3457da0f-03a1-4de4-908e-99e6d5089cc5,completed,2023-03-06 20:43:42.066461,,
47798341-34fd-43fd-9f74-5f313ec08fb4,completed,2023-03-06 20:43:42.066461,,
3ddc577f-64cf-43f3-8324-9c8a33d4ef2c,completed,2023-03-06 20:43:42.066461,,
5eb49ea2-49c3-418b-abea-d5d155e0b6db,completed,2023-03-06 20:43:42.066461,,
2eed96a1-ad2e-430a-9a08-3cafc30311b8,completed,2023-03-06 20:43:42.066461,,
a33d0e2a-d880-4137-838d-796691b31d77,completed,2023-03-06 20:43:42.066461,,
6d3e9a35-a10d-43f0-92c1-2bcdc1883475,completed,2023-03-06 20:43:42.066461,,
9d60b8d2-9fe8-4dea-8893-e0860e38fbe4,completed,2023-03-06 20:43:42.066461,,
a6e1d9dc-e7e3-4c75-a3ab-3cf57afe927e,completed,2023-03-06 20:43:42.066461,,
b900fb4e-00a4-4aa8-90eb-ca91f65c88b2,completed,2023-03-06 20:43:42.066461,,
8b1e7db9-2387-4c2f-8485-b096df8bd8b2,completed,2023-03-06 20:43:42.066461,,
a24ccfff-7a04-4186-97ea-277872ce67c6,completed,2023-03-06 20:43:42.066461,,
50650eda-9c8c-4ec2-9f04-87e4d9f042ee,completed,2023-03-06 20:43:42.066461,,
98c5f3fc-6a78-4eff-9426-a5842e6078c8,completed,2023-03-06 20:43:42.066461,,
40ec6989-db94-48ab-aaec-8f40593f15cf,completed,2023-03-06 20:43:42.066461,,
a0c0bf33-211e-41c5-953a-d26b7408b7d1,completed,2023-03-06 20:43:42.066461,,
9cfc19ca-55e7-457c-ab37-ff2b68867671,completed,2023-03-06 20:43:42.066461,,
6fe6148a-13f5-48ba-ad36-baf08613b443,completed,2023-03-06 20:43:42.066461,,
ef874b99-12f9-481e-a022-74e5819a8124,completed,2023-03-06 20:43:42.066461,,
00259785-35c7-4de6-9e79-a7cd0cae69d2,completed,2023-03-06 20:43:42.066461,,
69765bab-24d9-4716-9f16-f52eb723effd,completed,2023-03-06 20:43:42.066461,,
70975ffa-b95d-4ef8-ba6f-209eb9bb8f44,completed,2023-03-06 20:43:42.066461,,
d117aab1-cdce-4b4d-9436-35e9ee42311e,completed,2023-03-06 20:43:42.066461,,
289f8a68-11fd-4c0d-8424-70d577c535f6,completed,2023-03-06 20:43:42.066461,,
db11eab2-7305-4d3c-b207-830293687ac1,completed,2023-03-06 20:43:42.066461,,
1ff65fa2-da3e-496b-b3c9-1c9432e73814,completed,2023-03-06 20:43:42.066461,,
fd2762bf-00f3-47cb-b4e1-4f9d5de0c5a8,completed,2023-03-06 20:43:42.066461,,
e0992754-6599-43cb-b7a2-5778a732c419,completed,2023-03-06 20:43:42.066461,,
608faff1-02ea-4745-bd19-d1a599164ef2,completed,2023-03-06 20:43:42.066461,,
f691727d-f772-42d4-9b40-90233f443b32,completed,2023-03-06 20:43:42.066461,,
19b9135f-cbe5-43d5-9c62-5415cff242af,completed,2023-03-06 20:43:42.066461,,
96bc65be-076b-4a2e-956b-480a5b54277c,completed,2023-03-06 20:43:42.066461,,
a18b519a-6ce4-4377-a86a-c2ed15c4d817,completed,2023-03-06 20:43:42.066461,,
b556cc98-29b1-4395-88f5-9dfa23b1ecd1,completed,2023-03-06 20:43:42.066461,,
20a38fd5-82a0-48e6-9b7e-3ded099f61ba,completed,2023-03-06 20:43:42.066461,,
1a99ca3c-8891-491b-8bad-72675a116dd6,completed,2023-03-06 20:43:42.066461,,
57cfd0fd-1899-4136-b320-cca6d15ee290,completed,2023-03-06 20:43:42.066461,,
6c253118-742f-4a68-8e94-ac91ff274bd7,completed,2023-03-06 20:43:42.066461,,
908452e8-e952-4431-a7b4-55bd8803c325,completed,2023-03-06 20:43:42.066461,,
84cafa17-1842-43a1-ad9d-e332e854169e,completed,2023-03-06 20:43:42.066461,,
075f88fc-7a6b-42de-8eac-489c25c1b80b,completed,2023-03-06 20:43:42.066461,,
83769056-e3a3-4096-97ef-501d6372347b,completed,2023-03-06 20:43:42.066461,,
55dac62e-31d2-4988-8f30-e9805c6acd8a,completed,2023-03-06 20:43:42.066461,,
1c1a9a93-9eb9-4466-bb08-bdf5c8e96642,completed,2023-03-06 20:43:42.066461,,
ea44801e-0b1e-4229-84a7-c79e6507bac5,completed,2023-03-06 20:43:42.066461,,
3e9ec067-dbdd-44b3-81c0-14bf6e97f614,completed,2023-03-06 20:43:42.066461,,
4a7a335e-8fa7-4bac-b198-d53dc7dc82f3,completed,2023-03-06 20:43:42.066461,,
b7a61175-751d-424f-ad81-56daff20ecc0,completed,2023-03-06 20:43:42.066461,,
cff89572-4891-44b3-9f2b-d743dcb64eb0,completed,2023-03-06 20:43:42.066461,,
34e1b03e-59a2-4f00-b357-32397f2ca413,completed,2023-03-06 20:43:42.066461,,
04e56f2a-aa1d-4c6f-890f-59a5af66d843,completed,2023-03-06 20:43:42.066461,,
5a714608-f3f3-417e-b7af-6ae609fb230d,completed,2023-03-06 20:43:42.066461,,
56782ea1-bd89-48ce-96cf-c83ca310d61b,completed,2023-03-06 20:43:42.066461,,
42c27228-5b09-4a16-9dfb-41b64e85e774,completed,2023-03-06 20:43:42.066461,,
4093d45d-b73c-4e59-be9c-64ccfaa3c213,completed,2023-03-06 20:43:42.066461,,
c6d43cae-cd8a-45f6-9a01-38cde0ada5ff,completed,2023-03-06 20:43:42.066461,,
7eccb7a0-ac5b-4076-b0dd-c85c0f6ca9f8,completed,2023-03-06 20:43:42.066461,,
090b58a9-5a36-4a9d-9ba5-a3b79345afcc,completed,2023-03-06 20:43:42.066461,,
ff89e749-6779-465a-b003-df7c726d017e,completed,2023-03-06 20:43:42.066461,,
6ad3fc44-96ef-4233-a77d-92a46c52202f,completed,2023-03-06 20:43:42.066461,,
8c1b1da7-4a36-42dd-81cd-e4f32840091c,completed,2023-03-06 20:43:42.066461,,
9d2511d7-c01e-4ae6-86aa-0f30d680f6d7,completed,2023-03-06 20:43:42.066461,,
2bb8ab02-7733-4f49-90c6-b7cee5c5f028,completed,2023-03-06 20:43:42.066461,,
48b1c6a7-6304-43a2-bd22-fcb1b227df62,completed,2023-03-06 20:43:42.066461,,
4431e487-7c40-4da7-8a5f-5876290bc737,completed,2023-03-06 20:43:42.066461,,
a95d4e26-de7d-4cdf-b208-e13970a8a204,completed,2023-03-06 20:43:42.066461,,
67cf0088-351b-4d7f-962f-d6dd3ea51992,completed,2023-03-06 20:43:42.066461,,
527859f7-409c-4d95-b955-b13bc602d20b,completed,2023-03-06 20:43:42.066461,,
d7c3ca55-a5ef-49c5-89b6-6dee5150a6eb,completed,2023-03-06 20:43:42.066461,,
01650137-4e53-440a-9b5c-61ab1dcd18ac,completed,2023-03-06 20:43:42.066461,,
e634bf29-5d40-4c67-8f8c-c00d0e71a146,completed,2023-03-06 20:43:42.066461,,
7de897a9-ee95-4657-a5ea-e2a1463fdaa6,completed,2023-03-06 20:43:42.066461,,
ee8d16a1-6d8c-4091-9683-3a47cf1ca00c,completed,2023-03-06 20:43:42.066461,,
e80758b5-ca60-43fd-861e-115bcf219e2c,completed,2023-03-06 20:43:42.066461,,
baf8aac5-c592-4606-833b-6417048e3f93,completed,2023-03-06 20:43:42.066461,,
4825a806-3a49-47bf-9a33-f0552c780bae,completed,2023-03-06 20:43:42.066461,,
e663130b-0a8b-4cb5-9dd8-970fad65792e,completed,2023-03-06 20:43:42.066461,,
aa5f1f4c-c260-4d42-8f63-3c5ee0658c2f,completed,2023-03-06 20:43:42.066461,,
9b87c143-b704-45f3-9774-009f68dc451f,completed,2023-03-06 20:43:42.066461,,
3b6286d8-4d5b-418b-b648-44c5b7814913,completed,2023-03-06 20:43:42.066461,,
a75b6c79-20cb-4ae9-95bb-145e1aab7398,completed,2023-03-06 20:43:42.066461,,
f1339ba6-6a6a-4f98-9ea3-44075e1ea2b6,completed,2023-03-06 20:43:42.066461,,
27d96c27-d442-40fb-bd21-1d8682dabf54,completed,2023-03-06 20:43:42.066461,,
b22cc357-9c87-4ac4-8a6a-175c7b102f60,completed,2023-03-06 20:43:42.066461,,
180074e2-f94a-4619-9b35-cb211aa693bd,completed,2023-03-06 20:43:42.066461,,
b2699142-4a57-44f0-8b91-23332dd37ceb,completed,2023-03-06 20:43:42.066461,,
6fb9faf2-8881-4ad2-8078-19643c9d13dc,completed,2023-03-06 20:43:42.066461,,
10b1ce9a-e801-481c-a931-e23bb3d47669,completed,2023-03-06 20:43:42.066461,,
276aaac8-7237-4df4-afd8-6885e7e86207,completed,2023-03-06 20:43:42.066461,,
3cd44d1b-ec7b-4344-994b-de720dab56f3,completed,2023-03-06 20:43:42.066461,,
9402d169-a01d-435e-ad6e-661111363d70,completed,2023-03-06 20:43:42.066461,,
2a623eb3-b763-4093-8787-b5bec3cc7c7b,completed,2023-03-06 20:43:42.066461,,
c69140d9-9901-45b6-8fda-a861ba1626a9,completed,2023-03-06 20:43:42.066461,,
4d303bfa-259d-4438-ae0f-a28a462d11b8,completed,2023-03-06 20:43:42.066461,,
77a0b8c4-7e68-4875-92e1-2e29069ff0ab,completed,2023-03-06 20:43:42.066461,,
b4cff46f-f8ad-4e12-828c-8698ffaabbe1,completed,2023-03-06 20:43:42.066461,,
ee0ec8a5-f4df-48fe-8b63-3c4dbc622f9d,completed,2023-03-06 20:43:42.066461,,
ace0747a-ad73-493e-a57d-2e248c8ce9bf,completed,2023-03-06 20:43:42.066461,,
cbb91fd2-e975-484b-a3d2-53b1f340f5a5,completed,2023-03-06 20:43:42.066461,,
0ff69dac-5d2b-4d65-8641-052f31e5c139,completed,2023-03-06 20:43:42.066461,,
69bcd323-d68b-4821-8eb1-74c23b1d68b0,completed,2023-03-06 20:43:42.066461,,
e1722e7c-7e53-4346-983e-9413727f5221,completed,2023-03-06 20:43:42.066461,,
f2dc0b1e-f916-4d8b-9c6f-b3ffcc74ee4c,completed,2023-03-06 20:43:42.066461,,
a7ef192a-4e3a-4ff5-9a16-f55ef55c651c,failed,2023-03-06 20:43:42.066461,,
a5b9cdd6-373e-42d8-ae7f-4d2011e8d3df,completed,2023-03-06 20:43:42.066461,,
635aeddc-5b7c-4d73-8d83-0c995ccef793,completed,2023-03-06 20:43:42.066461,,
75619cef-a186-436c-9577-0c5400408638,completed,2023-03-06 20:43:42.066461,,
fb7be5e5-8383-4af8-aa29-d02f4b6d1be4,completed,2023-03-06 20:43:42.066461,,
3211de93-9272-456d-bcb8-b3de3b837fe1,completed,2023-03-06 20:43:42.066461,,
996f9de4-71a7-47dc-ae07-7a56584c01f8,completed,2023-03-06 20:43:42.066461,,
f6e468a1-749f-4624-a825-b0202c2090fa,completed,2023-03-06 20:43:42.066461,,
e8b1a9b9-5b4c-4981-b3a6-e660a6620f03,completed,2023-03-06 20:43:42.066461,,
b3f092ef-ff4b-4489-bc7c-94eac46bf384,completed,2023-03-06 20:43:42.066461,,
17d4f1d6-61c4-441e-b317-a1f5099e56c3,completed,2023-03-06 20:43:42.066461,,
fa2e49d1-7211-417a-96d7-5dacae65a62f,completed,2023-03-06 20:43:42.066461,,
5ee3250e-c9f1-40f7-a262-bc4aa634464f,completed,2023-03-06 20:43:42.066461,,
a39e8cac-6f64-4e1b-82e3-ee4f192689a2,completed,2023-03-06 20:43:42.066461,,
f250602a-d941-40a0-8b49-5b4476b948a3,completed,2023-03-06 20:43:42.066461,,
5fb58039-88e6-457c-86aa-82e9dc693acd,completed,2023-03-06 20:43:42.066461,,
a5292768-0179-44b9-b1bd-0e9b12828ad5,completed,2023-03-06 20:43:42.066461,,
c6f42ad9-2e37-40fc-a7db-543736173931,completed,2023-03-06 20:43:42.066461,,
44e09079-6984-4eea-b47a-35e99409c9b9,completed,2023-03-06 20:43:42.066461,,
23e1b861-a796-41d5-83c5-e7cbf464fea8,completed,2023-03-06 20:43:42.066461,,
73f711d2-d633-44d8-b0ec-4654ac9f0745,completed,2023-03-06 20:43:42.066461,,
c6fa99e5-2f12-4ce8-9fff-81edabef25ed,completed,2023-03-06 20:43:42.066461,,
a97f330b-5232-49dd-b3f7-a1b7a6812ab8,completed,2023-03-06 20:43:42.066461,,
5432c5c6-3e08-4ae4-b57f-72d6e0a0e899,completed,2023-03-06 20:43:42.066461,,
989ffa6c-22a5-4e03-ac0f-37bc119855a9,completed,2023-03-06 20:43:42.066461,,
0424444a-ffe1-4966-aaf9-8840cc05e9e0,completed,2023-03-06 20:43:42.066461,,
2a5c3d79-29d5-4a53-b574-e2aaf53b3421,completed,2023-03-06 20:43:42.066461,,
811e8deb-cd03-4ef1-b730-3a04b0837829,completed,2023-03-06 20:43:42.066461,,
1f246cd4-bf75-409d-bb3f-e5abbd61d940,completed,2023-03-06 20:43:42.066461,,
b9465cfa-db01-4829-bf05-d47abfd40131,completed,2023-03-06 20:43:42.066461,,
bfd2d3eb-7eb5-4d87-9150-b1c3db0dde28,completed,2023-03-06 20:43:42.066461,,
c220b0a5-ccf7-4609-b10d-3a1226645cd9,completed,2023-03-06 20:43:42.066461,,
565c3776-70a5-4682-9cb2-9b41b46dc02e,completed,2023-03-06 20:43:42.066461,,
9e760efd-dd0e-4dd1-9198-3926a74a7a55,completed,2023-03-06 20:43:42.066461,,
84824683-ea0a-4c18-a6df-96b4bcd64d04,completed,2023-03-06 20:43:42.066461,,
b5cb11d9-074a-44c2-8297-3bc9c4bbe5e9,completed,2023-03-06 20:43:42.066461,,
80c1c558-cdd2-492c-84e2-4f497ef4474c,completed,2023-03-06 20:43:42.066461,,
d78629ad-6b11-49f3-b34c-e0cb30a45492,completed,2023-03-06 20:43:42.066461,,
087f0302-99cd-46eb-85c9-41956500c778,completed,2023-03-06 20:43:42.066461,,
cf5d8840-3574-4991-8ad1-28ddd48f9454,completed,2023-03-06 20:43:42.066461,,
ed3b08b3-de9d-419f-a944-70e730b8efdc,completed,2023-03-06 20:43:42.066461,,
61949cad-6d10-4ed9-a7cc-35560fb1f521,completed,2023-03-06 20:43:42.066461,,
f97b4a91-e9c6-4efc-a986-db730cfb15bd,completed,2023-03-06 20:43:42.066461,,
80c4a25c-b3fa-49f9-a712-6a8abb0d4cb8,completed,2023-03-06 20:43:42.066461,,
0ab896b9-3257-4fa8-9a7a-1af087bdffcb,completed,2023-03-06 20:43:42.066461,,
270b194e-4417-472e-bd49-8969ce8a44f0,completed,2023-03-06 20:43:42.066461,,
7c7e7917-e279-405c-8cb1-337f5dabefa9,completed,2023-03-06 20:43:42.066461,,
1784a2b0-b2d0-4ee2-a1e4-b9b8bb1d02d8,completed,2023-03-06 20:43:42.066461,,
0ae7780d-6919-4666-9801-2dcebeaf0ab5,completed,2023-03-06 20:43:42.066461,,
3233b738-85f6-4003-92b8-312aef9375f6,completed,2023-03-06 20:43:42.066461,,
4ad22318-7780-4fb7-b91d-eb5789f9c690,completed,2023-03-06 20:43:42.066461,,
7eefa0ee-8664-43c0-8fce-4d2bee6b8657,completed,2023-03-06 20:43:42.066461,,
d921cffa-e069-424b-a690-995b7bc76819,completed,2023-03-06 20:43:42.066461,,
29a38856-a28c-4518-9c57-2bcae543af73,completed,2023-03-06 20:43:42.066461,,
00cc8bf6-6489-4e77-a889-7626ebfdd3ae,completed,2023-03-06 20:43:42.066461,,
b973fcb2-1c0a-43f6-af98-6330d04353c9,completed,2023-03-06 20:43:42.066461,,
0f996d23-8a3f-4fae-9c3e-ec88f70735c1,completed,2023-03-06 20:43:42.066461,,
4aac223c-256e-4ec9-8861-6b24ea79abf5,completed,2023-03-06 20:43:42.066461,,
568e255c-d7fc-4beb-b4da-bb637cdb900d,completed,2023-03-06 20:43:42.066461,,
6342d5ec-c7e4-4d43-bb34-6d9ae15f9909,completed,2023-03-06 20:43:42.066461,,
13747522-3648-48fc-8eab-b03b02eb6857,completed,2023-03-06 20:43:42.066461,,
ab3f690d-5604-4962-b40b-553cf969d2fe,completed,2023-03-06 20:43:42.066461,,
fbf930bf-d7a6-4b38-8c0c-da1ff620d11a,completed,2023-03-06 20:43:42.066461,,
15681be4-f29f-412a-b54e-f6219ce02eb7,completed,2023-03-06 20:43:42.066461,,
237856f8-c147-4691-8b39-046cc9f6c2c0,completed,2023-03-06 20:43:42.066461,,
5a0d3b72-17da-4129-9ea5-60ea4e594a3e,completed,2023-03-06 20:43:42.066461,,
216a1ed2-ee85-4d85-bcc5-0c7f49d3e4d1,completed,2023-03-06 20:43:42.066461,,
1126abbf-9c46-4064-9c3f-a0b3650288c3,completed,2023-03-06 20:43:42.066461,,
1d0ca426-0a98-425b-b9dc-4f54c4600082,completed,2023-03-06 20:43:42.066461,,
4175a99b-95c7-48ef-bb59-174c7c3af318,completed,2023-03-06 20:43:42.066461,,
23bc6862-99f9-4101-8338-59fa9dbfe889,completed,2023-03-06 20:43:42.066461,,
ec394e03-b239-4ef9-b0b7-7590417557e9,completed,2023-03-06 20:43:42.066461,,
5426b4d5-0882-4d82-92dc-96592c6b01fc,completed,2023-03-06 20:43:42.066461,,
561711e3-f120-42c5-97be-be9e0787c234,completed,2023-03-06 20:43:42.066461,,
82170076-12e2-4cfc-bfea-a70e08025d32,completed,2023-03-06 20:43:42.066461,,
18bf6224-9d94-4887-b086-1a7b2b57584e,completed,2023-03-06 20:43:42.066461,,
8eaafd12-ffe3-412e-ac8a-481017d93eb7,completed,2023-03-06 20:43:42.066461,,
306f94bf-9784-4ba8-9b46-d94fc66276ad,completed,2023-03-06 20:43:42.066461,,
3312620e-9583-4776-923a-15da1dbc5e54,completed,2023-03-06 20:43:42.066461,,
67ac3762-9795-4bf2-a436-0d4a3748b865,completed,2023-03-06 20:43:42.066461,,
ff7ef221-5703-4c8a-a336-88daaa5eda71,completed,2023-03-06 20:43:42.066461,,
5eca6313-0e95-4537-bd8c-abb0836d58f4,completed,2023-03-06 20:43:42.066461,,
3f42b475-a267-4c06-b636-790c90439f9a,completed,2023-03-06 20:43:42.066461,,
d57ada32-6b9b-457a-94b4-9134176d16b6,completed,2023-03-06 20:43:42.066461,,
4336d893-10ca-452d-a97c-a684f8873959,completed,2023-03-06 20:43:42.066461,,
b026ac66-ab6c-4d66-b997-7f261b293d4b,completed,2023-03-06 20:43:42.066461,,
1a276bb2-b5d6-47c6-abd2-ec2cf46ce234,completed,2023-03-06 20:43:42.066461,,
72ba4b44-74c6-4d4e-9797-bb2a2a222721,completed,2023-03-06 20:43:42.066461,,
df654eeb-b664-4961-8da1-cc5d98b59315,completed,2023-03-06 20:43:42.066461,,
f4bf9313-02cd-4b7b-9be0-c2492efae0ac,completed,2023-03-06 20:43:42.066461,,
fae6204b-e4c8-40c6-b087-0548a2839aad,completed,2023-03-06 20:43:42.066461,,
f511b7d1-882f-4823-bd57-896f7d4f918e,completed,2023-03-06 20:43:42.066461,,
4f99b54a-6ff0-4959-b8b8-bc3a38a95fcb,completed,2023-03-06 20:43:42.066461,,
2c3fb235-23a6-4a44-9368-ecdecd3b3bbf,completed,2023-03-06 20:43:42.066461,,
c0bc3ef3-0ed5-4e3d-a567-810ff29e7698,completed,2023-03-06 20:43:42.066461,,
8746972e-cd7d-4313-a255-f68ff78b2e45,completed,2023-03-06 20:43:42.066461,,
86f3c643-8ad8-46f6-8353-b981ae42504f,completed,2023-03-06 20:43:42.066461,,
c4d109b2-508c-4d71-b6ee-051bc9b10442,completed,2023-03-06 20:43:42.066461,,
d695c4f6-957c-4963-bad2-d9a6acd9e8fc,completed,2023-03-06 20:43:42.066461,,
cc2f36d1-362a-4f24-8899-f1faa9590168,completed,2023-03-06 20:43:42.066461,,
8b1e4b75-bea3-4929-85f7-a1b046fcf5de,completed,2023-03-06 20:43:42.066461,,
8773b3c0-26f2-4b04-a4ed-61934b420087,completed,2023-03-06 20:43:42.066461,,
33620b74-168a-465a-8efd-18572978460b,completed,2023-03-06 20:43:42.066461,,
034ea482-b446-413a-b320-2cd77786e4e6,completed,2023-03-06 20:43:42.066461,,
4ec8060c-d29c-484c-8334-6792597ed7f6,completed,2023-03-06 20:43:42.066461,,
cc2c0774-9841-46a7-b28d-e31b74e410bb,completed,2023-03-06 20:43:42.066461,,
980d6908-69f9-4ea6-a7e5-273ee7cac7ac,completed,2023-03-06 20:43:42.066461,,
4a48bfed-cd62-47ea-a768-431da877a11d,completed,2023-03-06 20:43:42.066461,,
6ab6cfdc-11a5-48cf-979e-ecab3993c3b4,completed,2023-03-06 20:43:42.066461,,
de697bad-df1d-43a8-8d94-98d8a78119cc,completed,2023-03-06 20:43:42.066461,,
8a935ad7-6927-4b37-81fb-173c53c99fad,completed,2023-03-06 20:43:42.066461,,
46612c3c-a24c-4b44-a026-b7c060962932,completed,2023-03-06 20:43:42.066461,,
8e82a613-529f-4515-a38c-47689da25056,completed,2023-03-06 20:43:42.066461,,
9aea5cf8-d3a7-4cfc-8b4f-e47316d36d0b,completed,2023-03-06 20:43:42.066461,,
a824ec0a-a668-45c3-b672-9db52e474f10,completed,2023-03-06 20:43:42.066461,,
7f0f1e72-9f7e-4df2-965d-87c7f1ab7454,completed,2023-03-06 20:43:42.066461,,
eca0ef79-be82-4d82-a34d-ecb7c102179d,completed,2023-03-06 20:43:42.066461,,
0ff6c624-0ed2-4efc-a821-88a03b27343d,completed,2023-03-06 20:43:42.066461,,
28060707-2572-4522-9b87-a354a4ff6187,completed,2023-03-06 20:43:42.066461,,
5b74724e-9759-441d-ba59-b9465d7c1610,completed,2023-03-06 20:43:42.066461,,
30f99805-7a81-4d8b-aba8-bf05065134bb,completed,2023-03-06 20:43:42.066461,,
9513ea35-3f36-487f-9bc3-b160ba2a4934,completed,2023-03-06 20:43:42.066461,,
d206c97c-bf02-42fd-b7ad-ad456dc0acee,completed,2023-03-06 20:43:42.066461,,
efda11db-502d-48f4-a75f-b8c33ae89f70,completed,2023-03-06 20:43:42.066461,,
bb650bf3-e5b1-42ff-89c2-7672e8737c49,completed,2023-03-06 20:43:42.066461,,
a11f5217-f998-4acf-8f5d-2597e8911603,completed,2023-03-06 20:43:42.066461,,
a5bf9535-3a45-459a-a440-5e51ad83cc7b,completed,2023-03-06 20:43:42.066461,,
222ce5b1-8cad-4bc6-b53b-be25538d6f35,completed,2023-03-06 20:43:42.066461,,
fb611622-ad41-45ad-9e44-6e0a23c500b2,completed,2023-03-06 20:43:42.066461,,
0f14c436-2615-420c-858a-0f2d55f83719,completed,2023-03-06 20:43:42.066461,,
6477afa3-66e0-4a86-ae61-bddaca12b18e,completed,2023-03-06 20:43:42.066461,,
f6ee0806-0a8a-4d15-bfbe-50678652fd43,completed,2023-03-06 20:43:42.066461,,
46b17ecf-d364-4715-8860-836ba4f0ef6b,completed,2023-03-06 20:43:42.066461,,
6b672b72-993c-4ecf-bf50-eb6be2660b72,completed,2023-03-06 20:43:42.066461,,
890b043d-bcd4-48bd-8952-3420d08e5dac,completed,2023-03-06 20:43:42.066461,,
c221a0b5-f571-4360-bda5-b5a89876a4b8,completed,2023-03-06 20:43:42.066461,,
426f9cbd-cc91-4be4-aaa3-70b19f02ef5b,completed,2023-03-06 20:43:42.066461,,
a2e50a12-038d-476a-ab64-1cad8a128f48,completed,2023-03-06 20:43:42.066461,,
35cb5abb-5c34-4c7f-beb8-6e91f509ddda,completed,2023-03-06 20:43:42.066461,,
d5c8e134-76aa-4736-99ac-656cd7a5dbd0,completed,2023-03-06 20:43:42.066461,,
9595984f-5d6b-442d-a83e-de6d39681571,completed,2023-03-06 20:43:42.066461,,
ede8cccd-fd56-4aa1-9098-f259e66c3278,completed,2023-03-06 20:43:42.066461,,
cb5eeeb3-63fc-4da6-8789-1a18a2eff3d6,completed,2023-03-06 20:43:42.066461,,
bc662c85-3c41-473a-bdb8-4f873cfbee1d,completed,2023-03-06 20:43:42.066461,,
2d113515-f550-45d7-88e2-4878dbbcab9c,completed,2023-03-06 20:43:42.066461,,
82065e92-4182-49f4-80d2-494a4eb25ed4,completed,2023-03-06 20:43:42.066461,,
3df9bbbd-ec4a-434d-bf36-75d2f437a017,completed,2023-03-06 20:43:42.066461,,
4cf86c2f-e473-455b-83e6-c6138cc45a67,completed,2023-03-06 20:43:42.066461,,
297fe27d-cdec-4539-bc45-f6386dfc6e5d,completed,2023-03-06 20:43:42.066461,,
e5f1822c-0869-4d87-92d0-23aa27b9bd40,completed,2023-03-06 20:43:42.066461,,
5daab6c0-bfbe-4915-9251-04a845080f5b,completed,2023-03-06 20:43:42.066461,,
67ce52bf-625c-4dc5-96ed-45bfd3c0618b,completed,2023-03-06 20:43:42.066461,,
63eb4543-ff85-41e3-b4b3-1e4ff8fed6c1,completed,2023-03-06 20:43:42.066461,,
13c8c544-02bb-491f-85fb-fe1050e3e408,completed,2023-03-06 20:43:42.066461,,
64675cc3-b024-4f3d-8c3a-a275c75cbf74,completed,2023-03-06 20:43:42.066461,,
245139b6-32fa-432a-9657-d6101216a8ad,completed,2023-03-06 20:43:42.066461,,
c8b7a2b6-6cc3-47d1-ba21-9b6c8a705d9b,completed,2023-03-06 20:43:42.066461,,
47d5ab8c-6dea-44bf-bf84-9c93a91391d4,completed,2023-03-06 20:43:42.066461,,
3ca6b576-7ba1-4e8f-9943-ed63d1d3d853,completed,2023-03-06 20:43:42.066461,,
159d50ae-f3c6-4c72-b1aa-b5b92fa7395b,completed,2023-03-06 20:43:42.066461,,
17995d09-9746-41d1-a6c8-545fa776578c,completed,2023-03-06 20:43:42.066461,,
4328ab23-4ff6-4be3-af5a-338ad0de5642,completed,2023-03-06 20:43:42.066461,,
bd27e616-397d-49aa-824f-fb452a8c50a9,completed,2023-03-06 20:43:42.066461,,
94a41110-cf4e-4f2a-9074-a02a3d9c2ee6,completed,2023-03-06 20:43:42.066461,,
9acfb5ed-df31-42bc-902d-9e8f61b2eb4a,completed,2023-03-06 20:43:42.066461,,
2c563275-98b3-44db-9765-9154f9ba6823,completed,2023-03-06 20:43:42.066461,,
05b7b8b4-cd64-44e7-9797-b4847c8a5699,completed,2023-03-06 20:43:42.066461,,
53ef1b92-050a-4869-934c-62768784776c,completed,2023-03-06 20:43:42.066461,,
295ce47d-f5df-4277-867b-ea4ac22e58d8,completed,2023-03-06 20:43:42.066461,,
801c2a44-ea58-4fb5-bf0c-10f291b5fef4,completed,2023-03-06 20:43:42.066461,,
0906dd0a-7fff-4cf3-814a-5718ed0dd6d3,completed,2023-03-06 20:43:42.066461,,
5efb285e-9384-4a68-88ed-83886737999b,completed,2023-03-06 20:43:42.066461,,
f8f8b7bd-5889-4567-9670-5ff10461dd95,completed,2023-03-06 20:43:42.066461,,
dbe73667-c68d-4ec3-9bc0-9e25f03d93e8,completed,2023-03-06 20:43:42.066461,,
74655438-e8bf-4bf7-a8c5-d1d8530d58bd,completed,2023-03-06 20:43:42.066461,,
9f8999de-0aa7-49e1-aeb8-bd7d77b2b47d,completed,2023-03-06 20:43:42.066461,,
09bcff94-e3e7-4199-8c90-802466277100,completed,2023-03-06 20:43:42.066461,,
0b556702-9d96-4b8f-95e3-99fe8278b8be,completed,2023-03-06 20:43:42.066461,,
707dde25-e6e3-411f-96a6-e0681537ffcf,completed,2023-03-06 20:43:42.066461,,
b192da65-6bcb-4331-979d-d8a3f10d1c56,completed,2023-03-06 20:43:42.066461,,
14b5008f-948d-4d62-9cf4-5586eba09cdf,completed,2023-03-06 20:43:42.066461,,
1ee51e12-7546-4d96-a070-4e28cfe2708d,completed,2023-03-06 20:43:42.066461,,
834e89c2-fa96-4fd3-b17e-271fd7f3243b,completed,2023-03-06 20:43:42.066461,,
876b805c-b5b9-4c54-ae9a-d7a0f20d1f1f,completed,2023-03-06 20:43:42.066461,,
e5d368b8-8bed-46c3-9894-d76c677ccff8,completed,2023-03-06 20:43:42.066461,,
b98f5a8b-2b6e-42bf-93c4-b8f202572a9f,completed,2023-03-06 20:43:42.066461,,
fff4bbe5-df27-4a0d-b172-b91e53cf1fa5,completed,2023-03-06 20:43:42.066461,,
656df5a1-097c-4216-9941-9e3ce452ef82,completed,2023-03-06 20:43:42.066461,,
d001fb85-a38d-47f5-961c-2cd63089e32c,completed,2023-03-06 20:43:42.066461,,
482f1502-0f9b-4444-b93a-524826e7f79a,completed,2023-03-06 20:43:42.066461,,
bbb5de11-a703-4d5f-af9b-0ecf686a7056,completed,2023-03-06 20:43:42.066461,,
bffe4e2c-b0e1-4512-8c3a-d828ed07d6f2,completed,2023-03-06 20:43:42.066461,,
d38c615f-0916-4114-bf8a-6e44c2abcbda,completed,2023-03-06 20:43:42.066461,,
42a95e29-60c5-45e6-94b1-545650a2462f,completed,2023-03-06 20:43:42.066461,,
a32f57f0-2a0f-4e85-9e3c-b687eeda5b55,completed,2023-03-06 20:43:42.066461,,
07d80e03-a09b-44b0-bc06-ab71f6522cd1,completed,2023-03-06 20:43:42.066461,,
b4d3f18f-babe-4d31-bdf3-e15dd71ba5ba,completed,2023-03-06 20:43:42.066461,,
fd2539d2-193b-41b0-8ffd-a28ae13a317f,completed,2023-03-06 20:43:42.066461,,
3aa0fc91-1e9b-4948-9411-410c40ce074d,completed,2023-03-06 20:43:42.066461,,
e094c87c-8ebe-473c-9551-de4493c0b5b9,completed,2023-03-06 20:43:42.066461,,
d64cd64d-6578-4402-80f6-b6953dac11bc,completed,2023-03-06 20:43:42.066461,,
3b974e34-1bbb-46ee-bc81-77f66ae6902d,completed,2023-03-06 20:43:42.066461,,
129c1795-4873-4d19-bdd3-f0d80618cf57,completed,2023-03-06 20:43:42.066461,,
58cf25ad-8999-4dc3-bd5b-34fbcbdadeb5,completed,2023-03-06 20:43:42.066461,,
b6f15eec-dab0-4aa1-a77c-4e8d2811a179,completed,2023-03-06 20:43:42.066461,,
a03ad3cc-dd1f-43eb-a6f9-67e1e5bcd8fc,completed,2023-03-06 20:43:42.066461,,
2afa21a3-83a7-4804-ad94-92f212d9ecf7,completed,2023-03-06 20:43:42.066461,,
03332ea0-f936-4bea-a183-5945e63a7155,completed,2023-03-06 20:43:42.066461,,
2525408d-42a5-4266-8d9e-8c68d940bcca,completed,2023-03-06 20:43:42.066461,,
117a092f-53a7-41ae-8df8-44a0c79bc431,completed,2023-03-06 20:43:42.066461,,
651964fb-938b-47ff-a22e-403c04225c50,completed,2023-03-06 20:43:42.066461,,
b845eaf7-68cf-48a8-a279-c038d054005b,completed,2023-03-06 20:43:42.066461,,
c422ba48-b70f-4679-8896-1050f4f4d904,completed,2023-03-06 20:43:42.066461,,
ede9d840-f73c-4ca4-b262-8c5e146d033f,completed,2023-03-06 20:43:42.066461,,
10984780-ea46-4b27-bada-79e87d2bac9b,completed,2023-03-06 20:43:42.066461,,
7b5b930e-3285-4218-86c3-7da38eaba5ca,completed,2023-03-06 20:43:42.066461,,
f41d1e0b-59ff-4d47-b063-cffbaf512dcd,completed,2023-03-06 20:43:42.066461,,
b34585c5-c6e0-467d-991f-0047890b1b4c,completed,2023-03-06 20:43:42.066461,,
35206503-c637-48e9-928a-8a25b3496a26,completed,2023-03-06 20:43:42.066461,,
49e516bf-306a-479a-963b-dcfca686dd19,completed,2023-03-06 20:43:42.066461,,
a9087daa-7a4b-426e-952c-a3bec42ef992,completed,2023-03-06 20:43:42.066461,,
e20a831d-1cc6-41c4-bebc-ed560537b6d4,completed,2023-03-06 20:43:42.066461,,
e1c74aa8-1151-4862-813b-dcb2a9a6bb64,completed,2023-03-06 20:43:42.066461,,
d9b894b0-0191-443e-a345-a78a0dd7e436,completed,2023-03-06 20:43:42.066461,,
67fc549f-d162-4e71-b74e-2552ebabe419,completed,2023-03-06 20:43:42.066461,,
9b259644-18e6-4c54-9b14-060511240afb,completed,2023-03-06 20:43:42.066461,,
d2549f26-9589-4e29-a868-8ec180a8f932,completed,2023-03-06 20:43:42.066461,,
6fdf138f-448e-401b-b1b5-20488af858b5,completed,2023-03-06 20:43:42.066461,,
a3e3322d-c697-42a4-a354-0a842e402309,completed,2023-03-06 20:43:42.066461,,
0abf4dd0-e311-4ba9-a2f1-70c8bcc402b4,completed,2023-03-06 20:43:42.066461,,
90c59136-7b57-453a-a632-45b8989477df,completed,2023-03-06 20:43:42.066461,,
63cbd389-db45-40fc-b122-4d7f1f5c7a66,completed,2023-03-06 20:43:42.066461,,
a0796e9e-bc35-4d8d-b133-46c23bf990e4,completed,2023-03-06 20:43:42.066461,,
7560df13-1fc7-4c83-a424-404219ca9173,completed,2023-03-06 20:43:42.066461,,
12161cb3-4108-4bad-baa6-deb2916b029e,completed,2023-03-06 20:43:42.066461,,
ee5daf53-5389-4384-96bd-3f22a24cbe34,completed,2023-03-06 20:43:42.066461,,
61792cde-a80d-444e-a71b-f87fb09635cd,completed,2023-03-06 20:43:42.066461,,
37beafce-97e4-4b53-b536-ccea2f55d1c8,completed,2023-03-06 20:43:42.066461,,
4825559d-a5e1-4b20-9a8b-e6be01ec3edf,completed,2023-03-06 20:43:42.066461,,
e750447a-572b-4995-ac37-eba2edd97289,completed,2023-03-06 20:43:42.066461,,
c8398346-4aeb-4848-9413-dd43c39ca3da,completed,2023-03-06 20:43:42.066461,,
28e4dcd6-b763-4dff-820b-530814f228d3,completed,2023-03-06 20:43:42.066461,,
6a5ed3e6-6f9d-443e-8e3a-426cafb670fd,completed,2023-03-06 20:43:42.066461,,
5373eeaf-82ec-4340-9c94-fea03e90c837,completed,2023-03-06 20:43:42.066461,,
40197387-98e7-432c-95e8-daf3c7dd9967,completed,2023-03-06 20:43:42.066461,,
8ee09e0b-80bd-4318-83aa-8c7ddb8a9965,completed,2023-03-06 20:43:42.066461,,
b9f92d07-5302-4ecf-9b10-63f3e3523167,completed,2023-03-06 20:43:42.066461,,
a6ad089f-fcb1-4932-85cc-10913db635f8,completed,2023-03-06 20:43:42.066461,,
edef38f8-611b-4549-bac7-93c0daaaf25f,completed,2023-03-06 20:43:42.066461,,
2172e0b6-0ba3-46e3-acea-827a1cf8f079,completed,2023-03-06 20:43:42.066461,,
e4163212-ba54-4f5b-abf6-d7ad600b4f1f,completed,2023-03-06 20:43:42.066461,,
6d7eb65b-20a1-4cb4-8d36-77017bd6669b,completed,2023-03-06 20:43:42.066461,,
0820359d-e9fa-4542-a58e-b6d7589d1a04,completed,2023-03-06 20:43:42.066461,,
7839956b-d071-40c0-aeba-596ff3ee5ed1,completed,2023-03-06 20:43:42.066461,,
85214b01-13f6-4215-9502-3be4bae2ac64,completed,2023-03-06 20:43:42.066461,,
c37b2512-1191-4c70-94e6-a60543d13193,completed,2023-03-06 20:43:42.066461,,
dc3434a8-9984-4eba-8bd9-604c156f51f8,completed,2023-03-06 20:43:42.066461,,
40a31453-7b07-4cfa-bdc0-b05ed8b7d3d4,completed,2023-03-06 20:43:42.066461,,
03eff25e-1c12-410b-9c6f-39ba8a5a0e34,completed,2023-03-06 20:43:42.066461,,
a40b3c41-9bb1-4a11-9843-069167b6df39,completed,2023-03-06 20:43:42.066461,,
4436d446-b6ca-4ab9-8e60-29a8c1a235c0,completed,2023-03-06 20:43:42.066461,,
56bf53ed-7e79-492d-a7a5-1ce2b2e6d58a,completed,2023-03-06 20:43:42.066461,,
960f7ff0-bfde-44be-ad86-04493e32656e,completed,2023-03-06 20:43:42.066461,,
3ca462a5-aeef-48fc-81ca-b27262d6d914,completed,2023-03-06 20:43:42.066461,,
925f464b-8860-4bf8-9ae0-a3f08fb089ab,completed,2023-03-06 20:43:42.066461,,
08dc3ae8-b46b-498a-89e1-cacd7aefe710,completed,2023-03-06 20:43:42.066461,,
ce6c2f82-0403-479f-91c1-20d8ebdb3d48,completed,2023-03-06 20:43:42.066461,,
fbb07430-7021-4fb3-a12f-0aae1c3ea36a,completed,2023-03-06 20:43:42.066461,,
da7a0bc6-c603-4ef5-a2d2-f42833db7a6c,completed,2023-03-06 20:43:42.066461,,
faa78a73-9b81-4f47-821b-29b4181cb94b,completed,2023-03-06 20:43:42.066461,,
0d1a2e70-a1f3-46b0-8732-396762197e5d,completed,2023-03-06 20:43:42.066461,,
43c796bb-853d-4642-a94f-097ce9dabfa2,completed,2023-03-06 20:43:42.066461,,
6f9465f7-c4bc-46f5-93de-6925a7c488da,completed,2023-03-06 20:43:42.066461,,
8e5f0c12-76ac-4f65-bd0d-e447f5afbb9b,completed,2023-03-06 20:43:42.066461,,
1316e951-c660-48e0-ab64-7c999b29a125,completed,2023-03-06 20:43:42.066461,,
024ca1bc-b0f3-4d20-8b7c-67b31e474c8f,completed,2023-03-06 20:43:42.066461,,
abdbe189-8bb4-485a-a991-d1bd2e4eca64,completed,2023-03-06 20:43:42.066461,,
03eee063-30d4-4b7c-9aaa-2b0407cedaaf,completed,2023-03-06 20:43:42.066461,,
9264eb8a-b480-435b-b8bf-b9376f80968c,completed,2023-03-06 20:43:42.066461,,
747cee6c-53b9-4220-abb4-2752f0e4c4de,completed,2023-03-06 20:43:42.066461,,
4b800c91-4c32-4933-9c52-b8790d1d2b89,completed,2023-03-06 20:43:42.066461,,
feecbc47-3d8e-4cff-a5be-8b4cb47d2875,completed,2023-03-06 20:43:42.066461,,
d7094eb6-0ab6-4d61-9849-17cc315d0df9,completed,2023-03-06 20:43:42.066461,,
7ead6659-73ec-4ded-bad0-0f9e6afdfce5,completed,2023-03-06 20:43:42.066461,,
7faf764b-7f03-4bbc-9fdb-9eb859d5f663,completed,2023-03-06 20:43:42.066461,,
d1119467-4f1c-4426-a586-361a2c815701,completed,2023-03-06 20:43:42.066461,,
2886764d-15e6-455c-829d-8df132f51e5c,completed,2023-03-06 20:43:42.066461,,
f75d3c11-da4c-494a-83d4-3d9fe8441003,completed,2023-03-06 20:43:42.066461,,
cb69f178-d43b-48cb-95b8-7fe30edf40e9,completed,2023-03-06 20:43:42.066461,,
880fa5a6-022b-41c5-9984-975569c34431,completed,2023-03-06 20:43:42.066461,,
35494125-1c33-474c-a69c-e4b886b7551b,completed,2023-03-06 20:43:42.066461,,
ce3ed06e-7c9a-49a6-a7bf-c9820201cb97,completed,2023-03-06 20:43:42.066461,,
61595f8c-ceeb-4301-b9a1-bcdb6d5c8790,completed,2023-03-06 20:43:42.066461,,
2db79dce-6129-4045-a18e-94bf665523b8,completed,2023-03-06 20:43:42.066461,,
95c1fc03-67a9-4284-9bdd-74ef8d7b62bd,completed,2023-03-06 20:43:42.066461,,
f2c2269f-461b-409d-8335-990f986f375f,completed,2023-03-06 20:43:42.066461,,
c842a506-19ef-493f-938d-84533dcd25e6,completed,2023-03-06 20:43:42.066461,,
18a92511-47a8-451b-8115-e32d9c3789fa,completed,2023-03-06 20:43:42.066461,,
00a855af-0374-4ea6-b9f4-7160ee9fb38d,completed,2023-03-06 20:43:42.066461,,
9d2c65b0-375b-4be2-a4bb-95e8e8c918ca,completed,2023-03-06 20:43:42.066461,,
d97ee3f4-5088-4142-b573-29f8aaa6e74b,completed,2023-03-06 20:43:42.066461,,
56ab3b78-3f43-4bfa-ae1a-6dad5d5a9d7c,completed,2023-03-06 20:43:42.066461,,
5f7ab8cd-ce1a-49f4-bbe7-818320d4a7dc,completed,2023-03-06 20:43:42.066461,,
16bae1dc-4c9b-4605-b9d4-da4293006c01,completed,2023-03-06 20:43:42.066461,,
f7529bb7-f96a-4483-97a6-b0780e09e224,completed,2023-03-06 20:43:42.066461,,
ba66ce88-5ebe-444a-af9e-8d496711b773,completed,2023-03-06 20:43:42.066461,,
31c01a68-7388-4015-9335-861d1b43a8f6,completed,2023-03-06 20:43:42.066461,,
6c94fb55-a9e3-43f8-a402-7e8e86268a46,completed,2023-03-06 20:43:42.066461,,
1625fad9-367d-48c9-9882-d50b49704531,completed,2023-03-06 20:43:42.066461,,
a0725ade-a5d3-45f2-9690-7f172fddf316,completed,2023-03-06 20:43:42.066461,,
b3a52391-6a53-4928-a928-90aabc029082,completed,2023-03-06 20:43:42.066461,,
b2962e5b-824a-415b-aade-06475e41017b,completed,2023-03-06 20:43:42.066461,,
8443545c-dc00-4982-b071-63ce75a85cb6,completed,2023-03-06 20:43:42.066461,,
efe30e43-2f71-4fc4-9586-97a4c1bb1ba6,completed,2023-03-06 20:43:42.066461,,
13ff789c-df31-4a2d-94dc-93a6a56bad62,completed,2023-03-06 20:43:42.066461,,
70ea9e81-8fe9-45f2-9b8d-2761d58eeced,completed,2023-03-06 20:43:42.066461,,
54ca79ce-1727-4536-bc3e-b3aec107a58c,completed,2023-03-06 20:43:42.066461,,
b750c3ff-5dcd-4733-acb0-9c4541f5ab85,completed,2023-03-06 20:43:42.066461,,
5ef83662-6803-4729-a492-20382fc0f546,completed,2023-03-06 20:43:42.066461,,
596968ba-d3f4-4336-adf0-430d6ddf37e0,completed,2023-03-06 20:43:42.066461,,
15e641e6-5478-4637-b4fb-56276279d11b,completed,2023-03-06 20:43:42.066461,,
edbe3fee-476b-4f4a-a0ce-a65268f05d96,completed,2023-03-06 20:43:42.066461,,
4792752e-9602-4376-ad75-47b065117d66,completed,2023-03-06 20:43:42.066461,,
75b9bc07-e6b2-4b47-856b-2e689fca3698,completed,2023-03-06 20:43:42.066461,,
89d84bba-4ee5-4f3e-a82e-33741222c21a,completed,2023-03-06 20:43:42.066461,,
f40947b6-43f4-449f-b3af-6ea8d812fe28,completed,2023-03-06 20:43:42.066461,,
d05645b9-c90c-46c2-a1ea-9e8f54dc77c4,completed,2023-03-06 20:43:42.066461,,
5a8cce4c-549e-4acd-aae4-60271c0f4ee0,completed,2023-03-06 20:43:42.066461,,
b34cc178-f8de-4bf6-bfa0-b8bee8a08771,completed,2023-03-06 20:43:42.066461,,
05d1a82d-6288-44d6-96a0-cae6d256d9d4,completed,2023-03-06 20:43:42.066461,,
d7548b58-c79d-4169-a9ad-5c929539e8dd,completed,2023-03-06 20:43:42.066461,,
cd02f9fc-d2ed-4543-b46f-740b10359d80,completed,2023-03-06 20:43:42.066461,,
210705e0-12d9-4ffe-8f08-b5a9b11a8d47,completed,2023-03-06 20:43:42.066461,,
d6158771-deb3-4d0e-a1dd-a982bb6f2644,completed,2023-03-06 20:43:42.066461,,
37d91882-2b1c-4304-a5ec-7d91d13cee95,completed,2023-03-06 20:43:42.066461,,
20d7fc59-0f48-49a7-9ec8-f570e31c5203,completed,2023-03-06 20:43:42.066461,,
31692fc3-9b9a-4218-9920-90cc209a9fc0,completed,2023-03-06 20:43:42.066461,,
05b249ba-f4e0-4657-9741-893494e3c8ae,completed,2023-03-06 20:43:42.066461,,
2d84e4f4-cb50-4693-84ae-39d131474cb4,completed,2023-03-06 20:43:42.066461,,
d5c9457e-2cbf-43d5-be4a-edf43deda183,completed,2023-03-06 20:43:42.066461,,
6b24d840-b93a-42e3-b9fd-522ab1ca0214,completed,2023-03-06 20:43:42.066461,,
84eca0b6-0efc-466a-bd05-ccee70550eae,completed,2023-03-06 20:43:42.066461,,
91f5af66-c546-4af7-a9ab-d067a8a5916e,completed,2023-03-06 20:43:42.066461,,
1d7ddf1c-7e41-4c4b-969f-48de68dc158d,completed,2023-03-06 20:43:42.066461,,
f5515cd7-d32e-4742-81ce-b455f74fe2c0,completed,2023-03-06 20:43:42.066461,,
1a1cbe3c-adaa-4e88-8df2-7e605e1ada4a,completed,2023-03-06 20:43:42.066461,,
5116b757-9f26-4375-a891-cadf301c6d08,completed,2023-03-06 20:43:42.066461,,
42f805df-267d-40b2-b332-0f4e54d38c02,completed,2023-03-06 20:43:42.066461,,
61257a88-8b56-4b82-a016-473546978cac,completed,2023-03-06 20:43:42.066461,,
65949250-3013-433e-9da7-ccb569d6a0ab,completed,2023-03-06 20:43:42.066461,,
a5ef48fe-5770-489f-b153-dd47c647fcd0,completed,2023-03-06 20:43:42.066461,,
a541c049-6bc9-49ff-bf57-a0155f26b7cd,completed,2023-03-06 20:43:42.066461,,
abed7812-40b9-499b-a8bd-9a1211cbd1ec,completed,2023-03-06 20:43:42.066461,,
12905631-d032-4b39-8f43-d5659fbde3ef,completed,2023-03-06 20:43:42.066461,,
74c46f48-1534-46ae-998f-2d694c1b0580,completed,2023-03-06 20:43:42.066461,,
6342f938-07c4-4321-bb33-9c2ffe65b313,completed,2023-03-06 20:43:42.066461,,
78daf43d-4606-4fc5-a87f-50bea9e758c4,completed,2023-03-06 20:43:42.066461,,
fc5dd769-ed21-4aae-95c6-ca81da4363fd,completed,2023-03-06 20:43:42.066461,,
9345b92c-9f8d-43f6-810e-cfefed990e6f,completed,2023-03-06 20:43:42.066461,,
3957851b-a06a-4ff5-8919-3cf11e99e2e7,completed,2023-03-06 20:43:42.066461,,
16bc9cc1-3b4d-41dd-80ee-1e3977f97e0a,completed,2023-03-06 20:43:42.066461,,
0c52e6a6-2075-48f6-a05f-e6739baeb5f1,completed,2023-03-06 20:43:42.066461,,
2a9cb8d1-1e50-4e0e-b943-a512bf6ea797,completed,2023-03-06 20:43:42.066461,,
5828f8fb-a3df-4388-bee2-909050e51b03,completed,2023-03-06 20:43:42.066461,,
8808f234-a8b5-45a4-9bff-db71e03f5434,completed,2023-03-06 20:43:42.066461,,
1c88bba7-87bf-4d28-a8fd-e7cc05c89770,completed,2023-03-06 20:43:42.066461,,
2dc18619-514e-4eb0-a3a6-ee2a164b1c92,completed,2023-03-06 20:43:42.066461,,
f76a99c5-5e24-4c80-82e3-1f7f0ad1a268,completed,2023-03-06 20:43:42.066461,,
1d525aee-cc92-4a49-a1e1-56755db3a4a0,completed,2023-03-06 20:43:42.066461,,
0643f39e-b471-4be3-8109-a9a617d643cd,completed,2023-03-06 20:43:42.066461,,
3fc6b323-dc33-40eb-998b-1d21d9b9f9b3,completed,2023-03-06 20:43:42.066461,,
fddd1e7a-8483-4a9b-b85b-370239c363a8,completed,2023-03-06 20:43:42.066461,,
5485d68a-f2d1-4b53-ad41-8f3aaf9316fe,completed,2023-03-06 20:43:42.066461,,
d6512b9b-4bf5-4189-9f2b-bca6cf79d64f,completed,2023-03-06 20:43:42.066461,,
e0a92856-1602-4395-8311-886fdce3a67a,completed,2023-03-06 20:43:42.066461,,
8a21e5b4-5874-4025-86d3-d20121e6b7a4,completed,2023-03-06 20:43:42.066461,,
7499fd09-8ccd-48b8-a634-c6380d86276b,completed,2023-03-06 20:43:42.066461,,
f354ab5d-aba8-4640-b7b3-9dbadbeae0d7,completed,2023-03-06 20:43:42.066461,,
9c5e17c7-585e-4816-9374-2d7ad70a5d4e,completed,2023-03-06 20:43:42.066461,,
c9226b38-5abd-4798-a762-2da2347c06d7,completed,2023-03-06 20:43:42.066461,,
83530c44-cc9f-4ece-bd8b-8d1736932dbb,completed,2023-03-06 20:43:42.066461,,
c3b6f71d-cf91-4bca-b939-6a494498c729,completed,2023-03-06 20:43:42.066461,,
6c4b7103-ea70-4d3c-8298-7afbd7cde35e,completed,2023-03-06 20:43:42.066461,,
a33bec87-f7f5-4701-b23a-3bd77c4ee2fd,completed,2023-03-06 20:43:42.066461,,
ef159165-b9d7-4b5d-a0ba-06e2c3dd3ced,completed,2023-03-06 20:43:42.066461,,
04acb241-4a58-4e84-a249-51ed0b1bb60a,completed,2023-03-06 20:43:42.066461,,
c5521a4c-8ca0-4812-a64b-fd66546278d5,completed,2023-03-06 20:43:42.066461,,
543e237b-6b22-4335-9258-211cf08a574e,completed,2023-03-06 20:43:42.066461,,
e1974b19-da99-4c75-a60b-be3477be8428,completed,2023-03-06 20:43:42.066461,,
f91b5041-3493-49dc-aa11-8746c440c7d0,completed,2023-03-06 20:43:42.066461,,
06db0e8d-033b-422f-ac16-dffd7660e573,completed,2023-03-06 20:43:42.066461,,
d865b5c9-058f-478f-8d03-722fe681433d,completed,2023-03-06 20:43:42.066461,,
40b170ff-543b-46bf-887d-7b78db482cdf,completed,2023-03-06 20:43:42.066461,,
42677ff9-ea35-4bdf-bd22-98340a410856,completed,2023-03-06 20:43:42.066461,,
66f76f93-267c-4803-9581-54eda2f25d36,completed,2023-03-06 20:43:42.066461,,
2f76f8e5-daef-4e93-9205-537a7825cbed,completed,2023-03-06 20:43:42.066461,,
a3f1a3c0-b3d0-4b90-9259-220fa248442f,completed,2023-03-06 20:43:42.066461,,
3286f93c-d1e0-4cad-b502-0f6c6129a945,completed,2023-03-06 20:43:42.066461,,
15913945-3d77-4aaf-9bc3-9e6a1751d0dc,completed,2023-03-06 20:43:42.066461,,
b65b9170-2c65-426e-8c49-58051fb3e145,completed,2023-03-06 20:43:42.066461,,
17e2f9cf-5f9e-4b2c-b3aa-0ae812fb395f,completed,2023-03-06 20:43:42.066461,,
950a3a65-57b4-4b7f-8eec-4ad2227a5ecd,completed,2023-03-06 20:43:42.066461,,
09c2c1eb-7f18-4ffa-9202-8ec3cbb8411c,completed,2023-03-06 20:43:42.066461,,
0ac91246-1e94-4489-94b7-bb73a80cbf0e,completed,2023-03-06 20:43:42.066461,,
a6a8918a-8c76-4e86-8117-8bcbf2241b02,completed,2023-03-06 20:43:42.066461,,
ca632f4a-9e65-44a7-8a14-57d09771ef67,completed,2023-03-06 20:43:42.066461,,
72f6585e-6940-4599-99f2-a4991639dd4a,completed,2023-03-06 20:43:42.066461,,
c4286fdd-1b0b-4e3c-85c3-0e078211da40,completed,2023-03-06 20:43:42.066461,,
25684d31-57f0-43ad-8583-8342ea017c6c,completed,2023-03-06 20:43:42.066461,,
a97c7461-c3be-46c0-94a3-a622ac7219b3,completed,2023-03-06 20:43:42.066461,,
d0f5b537-9e96-4157-b643-f18432a07bde,completed,2023-03-06 20:43:42.066461,,
ccd57416-a4ba-4dce-85fc-f6f2d7c15217,completed,2023-03-06 20:43:42.066461,,
6fd8da2e-80ab-4b70-bf67-72be330a4253,completed,2023-03-06 20:43:42.066461,,
2c798e1e-e2ac-47ed-91ff-81b55d88284a,completed,2023-03-06 20:43:42.066461,,
4b0bd761-b2cf-4ab2-b944-a29f57aacf23,completed,2023-03-06 20:43:42.066461,,
95b6c788-ce18-46a4-afed-97f556fc3ea3,completed,2023-03-06 20:43:42.066461,,
437ad6c0-eab3-449f-9a32-c485efc9eda2,completed,2023-03-06 20:43:42.066461,,
367ae0b1-c4f4-45d1-a5a9-ba51ba63b73f,completed,2023-03-06 20:43:42.066461,,
31b2628a-6bd1-4975-a720-e6d9c37d63b5,completed,2023-03-06 20:43:42.066461,,
7a416917-51e8-49f6-bccf-b4a5f8cf47c7,completed,2023-03-06 20:43:42.066461,,
cc0b081d-12e9-4ef9-8457-8387adc10295,completed,2023-03-06 20:43:42.066461,,
57e1c68b-984c-4ed8-b51d-e844d57801ad,completed,2023-03-06 20:43:42.066461,,
978f56df-d60f-44e4-a9a4-1290f59f3adb,completed,2023-03-06 20:43:42.066461,,
a7e4ef20-64c1-464b-bbeb-1c3542d2118e,completed,2023-03-06 20:43:42.066461,,
1cc92ace-e320-4cfc-ae27-a39935f3bbbc,completed,2023-03-06 20:43:42.066461,,
d2ee1c37-87bf-4406-914f-a96076a7b59f,completed,2023-03-06 20:43:42.066461,,
e50693e7-cd5e-4f57-8894-4065f526cdc4,completed,2023-03-06 20:43:42.066461,,
3a8c7e58-1dcc-43f2-986d-17353d93c55c,completed,2023-03-06 20:43:42.066461,,
e0d48807-fa7e-45c1-96d6-5d657db92d82,completed,2023-03-06 20:43:42.066461,,
b83faee5-bf38-4bc9-a499-c762fcc2b963,completed,2023-03-06 20:43:42.066461,,
06a313e8-abbc-46a6-8dca-5f7d521410de,completed,2023-03-06 20:43:42.066461,,
425a61de-a0e1-49d6-b6cc-2a34aedb6ea7,completed,2023-03-06 20:43:42.066461,,
170fcd9c-46f8-4453-b6c3-d0b25b83f0d8,completed,2023-03-06 20:43:42.066461,,
6afd7940-791b-4879-9a64-3200e250ed3b,completed,2023-03-06 20:43:42.066461,,
1c04511d-3aa2-44dc-b6ef-b0b957d4a3a7,completed,2023-03-06 20:43:42.066461,,
446c4403-d2e1-4970-b82c-1e86d03187f2,completed,2023-03-06 20:43:42.066461,,
8833f7b3-d4fa-44db-abc1-31bf2268f93e,completed,2023-03-06 20:43:42.066461,,
e233521d-f15e-4843-bd2a-58408690f325,completed,2023-03-06 20:43:42.066461,,
2fe7f3d8-5950-48a0-a2e5-44ddbc942b5f,completed,2023-03-06 20:43:42.066461,,
c7732d3c-8be5-4a24-ab52-43b4ef642147,completed,2023-03-06 20:43:42.066461,,
723f86eb-e93f-466d-a1d1-b1a52b919570,completed,2023-03-06 20:43:42.066461,,
f586afaa-ebee-4f08-b31e-243b63345d4c,completed,2023-03-06 20:43:42.066461,,
15e102fc-379e-49a5-a4e7-ab1163d01969,completed,2023-03-06 20:43:42.066461,,
d8d0cfbf-bedd-477d-b1e9-1449d3c52262,completed,2023-03-06 20:43:42.066461,,
7148d9ff-0ef3-4042-bb8f-bd60d8741ec9,completed,2023-03-06 20:43:42.066461,,
78663b9d-603c-41d0-a262-f0f9a0f073e7,completed,2023-03-06 20:43:42.066461,,
5f4d11f9-c7a8-4e84-b1e1-62adbd7a3283,completed,2023-03-06 20:43:42.066461,,
4cdb673c-85c1-4bb8-87ef-858e9c50904b,completed,2023-03-06 20:43:42.066461,,
e1d51a81-5220-40f6-8054-fc86352aad35,completed,2023-03-06 20:43:42.066461,,
a5d64b88-2dc6-46e6-b42b-45d8d05704cf,completed,2023-03-06 20:43:42.066461,,
602a742e-af6b-40ef-b214-14548be1a752,completed,2023-03-06 20:43:42.066461,,
157f3855-5b59-485c-983d-7ad8cfe04765,completed,2023-03-06 20:43:42.066461,,
410c615b-ecca-4be1-9159-6bc19bf4eb6e,completed,2023-03-06 20:43:42.066461,,
eaf69621-da1e-4c73-a5b1-3a4d5193b69e,completed,2023-03-06 20:43:42.066461,,
9f66e748-33f6-40eb-a819-1551127df9b9,completed,2023-03-06 20:43:42.066461,,
83096c05-273c-4381-a65c-4eaf0b54af37,completed,2023-03-06 20:43:42.066461,,
a4be27d1-d8b1-436a-b561-0ec37666976f,completed,2023-03-06 20:43:42.066461,,
61d2a46f-78ca-4932-a203-ecbe68861237,completed,2023-03-06 20:43:42.066461,,
74d1b4c7-41e6-4cc4-bab4-d57df5f2c9de,completed,2023-03-06 20:43:42.066461,,
25a24f2e-b636-42f4-8d24-108437b91bde,completed,2023-03-06 20:43:42.066461,,
492c28ae-f879-462e-b7cf-14325fca5bc2,completed,2023-03-06 20:43:42.066461,,
09940b20-ce18-453a-946a-ca71150aa6ca,completed,2023-03-06 20:43:42.066461,,
3e9e2159-fc7e-4aae-852d-6727f038662d,completed,2023-03-06 20:43:42.066461,,
609b0430-2cb6-49e8-bc0e-dcc2d30dd9f9,completed,2023-03-06 20:43:42.066461,,
c305a76f-3702-4d13-a593-f918834c9188,completed,2023-03-06 20:43:42.066461,,
b73f3fce-2399-4e00-ae76-18c4f8408936,completed,2023-03-06 20:43:42.066461,,
133c7f6f-5022-4529-9ac3-fa4c8045d58d,completed,2023-03-06 20:43:42.066461,,
d2c965cf-03c5-4e0b-9c69-c510edae087b,completed,2023-03-06 20:43:42.066461,,
1c707a7e-d979-4357-b4a6-9f6d4eee3d1f,completed,2023-03-06 20:43:42.066461,,
e1c2ac74-467a-44f2-b0d6-65365df18854,completed,2023-03-06 20:43:42.066461,,
34164bba-39f0-439f-85a5-eb6e48e417ed,completed,2023-03-06 20:43:42.066461,,
25ed0c6f-0cbc-4d72-bd17-4b3b36cab871,completed,2023-03-06 20:43:42.066461,,
fe1f2033-8edb-4cba-b801-799593e47fdf,completed,2023-03-06 20:43:42.066461,,
36994749-5aaa-407e-b6f8-d12fab7c5526,completed,2023-03-06 20:43:42.066461,,
c63465dd-c56d-4e86-b559-59980a93d950,completed,2023-03-06 20:43:42.066461,,
680a7110-e7ee-48b8-83e7-0817705bc2e4,completed,2023-03-06 20:43:42.066461,,
bcad1b9c-6fcc-4037-8cd9-587b88d1d124,completed,2023-03-06 20:43:42.066461,,
bd23e7c7-021f-4cbf-a4c1-59eee026d500,completed,2023-03-06 20:43:42.066461,,
be4f1e99-7610-4a23-9ae9-7d624b4fcac7,completed,2023-03-06 20:43:42.066461,,
fbb44048-db72-44ae-b29c-1b368ba1490d,completed,2023-03-06 20:43:42.066461,,
94595ecb-9ad0-45a5-bcda-8d8d21ae9253,completed,2023-03-06 20:43:42.066461,,
fdac04fb-6c33-4804-93e1-01ad3916beb7,completed,2023-03-06 20:43:42.066461,,
181d8498-4397-4a92-8ee0-97997fedaa25,completed,2023-03-06 20:43:42.066461,,
a810fe15-c9c7-49ea-b4d4-0eb38d326c18,completed,2023-03-06 20:43:42.066461,,
10a92b8a-3f05-465e-b047-cb365db1b8d8,completed,2023-03-06 20:43:42.066461,,
17af03aa-e0fa-4ba5-97d3-71d92baa0788,completed,2023-03-06 20:43:42.066461,,
ff17877d-ca42-4dad-905c-b8be206a0b4d,completed,2023-03-06 20:43:42.066461,,
fe9503bb-c203-4c4f-9966-89dac4638135,completed,2023-03-06 20:43:42.066461,,
617d4dc7-5f06-43d5-bb7e-d7071d667330,completed,2023-03-06 20:43:42.066461,,
e7e8ba0a-794a-4193-888a-2925efa39448,completed,2023-03-06 20:43:42.066461,,
688ab1c3-1131-4995-88da-df63dd340700,completed,2023-03-06 20:43:42.066461,,
004dfa71-5562-4df1-91b6-5b240a623849,completed,2023-03-06 20:43:42.066461,,
a443fee0-b532-4b96-9963-1a306175fb18,completed,2023-03-06 20:43:42.066461,,
7559ff7f-bef6-44a4-abdf-2e0ce87c084c,completed,2023-03-06 20:43:42.066461,,
d4e5aaa0-87f3-4c8a-a8cb-3a4049fdf3c1,completed,2023-03-06 20:43:42.066461,,
f06cc502-292d-4bb9-aa87-68e92ae43d0d,completed,2023-03-06 20:43:42.066461,,
1916c2af-f749-4a45-bc55-91afd0718734,completed,2023-03-06 20:43:42.066461,,
643f7e88-2f0f-4aa7-b31f-76a9e038bf3e,completed,2023-03-06 20:43:42.066461,,
a3eba794-ea56-42ed-9c0c-6b92632d4d77,completed,2023-03-06 20:43:42.066461,,
7f2d52e2-8ecf-4367-bf00-242ea6c7c4fa,completed,2023-03-06 20:43:42.066461,,
529a0939-afa7-4d17-9c87-9372fb43a6d9,completed,2023-03-06 20:43:42.066461,,
d1ee15ee-358c-4619-ae80-ffb77d643d4f,completed,2023-03-06 20:43:42.066461,,
7e9c04cb-4041-4f71-9614-f75bbe51d878,completed,2023-03-06 20:43:42.066461,,
86b73aa1-e8d7-40ca-a3d1-b5bafdd3d30a,completed,2023-03-06 20:43:42.066461,,
fd188e95-35fe-4330-b445-91e3a62d775e,completed,2023-03-06 20:43:42.066461,,
f12e1c5f-7375-4d71-8c52-d9e029479018,completed,2023-03-06 20:43:42.066461,,
268b511a-20da-4f3f-aa73-7df810591781,completed,2023-03-06 20:43:42.066461,,
3d44c055-b9d9-4b49-8cdc-77342c48e49e,completed,2023-03-06 20:43:42.066461,,
cd30027d-b647-4cf7-9553-e079ef466706,completed,2023-03-06 20:43:42.066461,,
0130d845-6840-476e-9d16-43328f9102fc,completed,2023-03-06 20:43:42.066461,,
2cf88aac-6449-4f4b-97df-e0d7f50ff9b7,completed,2023-03-06 20:43:42.066461,,
064eb641-5d07-413a-b656-167270c25af1,completed,2023-03-06 20:43:42.066461,,
fc6258e8-f7fe-4420-ba90-2e2c161aa35a,completed,2023-03-06 20:43:42.066461,,
063ceb66-f2b5-417b-8c3d-5704cc97e984,completed,2023-03-06 20:43:42.066461,,
da7e939e-38c3-48e0-9d94-e527b5d3f6b3,completed,2023-03-06 20:43:42.066461,,
f6cb8757-773b-4884-926c-e42f6efc0790,completed,2023-03-06 20:43:42.066461,,
2eb61d80-c0af-46ae-b8cf-ef10bae6db10,completed,2023-03-06 20:43:42.066461,,
c1999e18-d485-487f-a793-9eed4b96b3b7,completed,2023-03-06 20:43:42.066461,,
c2789017-4f60-4e88-97ae-f1477adf08e2,completed,2023-03-06 20:43:42.066461,,
def402c0-7511-45da-a404-b934bf6d8faf,completed,2023-03-06 20:43:42.066461,,
6703bd28-3ec5-405a-8bb0-747892ed2d06,completed,2023-03-06 20:43:42.066461,,
1b692dfb-2f63-41a8-aa5b-85768659d86c,completed,2023-03-06 20:43:42.066461,,
5f28f0e9-62b8-4d3f-b595-c0c8eb86b69c,completed,2023-03-06 20:43:42.066461,,
f1ae49fa-2185-4e0d-b896-532a490fc027,completed,2023-03-06 20:43:42.066461,,
fce1c8d9-9e9b-4d34-9dad-2aa0d189c754,completed,2023-03-06 20:43:42.066461,,
c04e4ac9-2003-494e-9274-314bd653b485,completed,2023-03-06 20:43:42.066461,,
3145144c-df0d-47ab-adac-42a85b84f527,completed,2023-03-06 20:43:42.066461,,
7e9bb89c-09c5-4117-8786-48331e05c843,completed,2023-03-06 20:43:42.066461,,
78476332-9b35-4bc6-bd93-06d3dd5270ef,completed,2023-03-06 20:43:42.066461,,
9bc59c98-0bc1-4992-90c5-ecf0528d977a,completed,2023-03-06 20:43:42.066461,,
eec08abb-8581-4433-8e56-e3bf871c9f50,completed,2023-03-06 20:43:42.066461,,
63269fbb-acf8-4184-bfee-34affdee7172,completed,2023-03-06 20:43:42.066461,,
ecbfd524-d525-41e8-bd0b-2723a2e2acfb,completed,2023-03-06 20:43:42.066461,,
3262e8df-c68d-41e7-9264-7cedc5ee7f6e,completed,2023-03-06 20:43:42.066461,,
9fa59551-82f5-4485-b516-2eb9bec14f36,completed,2023-03-06 20:43:42.066461,,
1092bc0a-a9ed-4bbc-9498-7da766095cbf,completed,2023-03-06 20:43:42.066461,,
15925664-8b1c-4211-bb2e-872e1ed81816,completed,2023-03-06 20:43:42.066461,,
287e4f9c-c132-4ef0-aec7-223fb003c6d4,completed,2023-03-06 20:43:42.066461,,
06af8b7a-3730-47b5-8d0f-c09d5a2f4ead,completed,2023-03-06 20:43:42.066461,,
775018ed-c41d-498a-834c-a6711321ad75,completed,2023-03-06 20:43:42.066461,,
e484361b-cd36-4f93-b771-c1de3f2c3e6e,completed,2023-03-06 20:43:42.066461,,
a5e93e6c-70a9-43ec-aa59-65ba88f35190,completed,2023-03-06 20:43:42.066461,,
2d648218-7a0c-4f3b-b459-c0f7853a49b6,completed,2023-03-06 20:43:42.066461,,
fadcdd53-5bab-4bb4-9d6b-c0d011af8acd,completed,2023-03-06 20:43:42.066461,,
ec11f0ec-cf28-4368-9eb5-de1e131c06c3,completed,2023-03-06 20:43:42.066461,,
ea21bf1b-3ce5-4fb6-a320-227f05fc3a5b,completed,2023-03-06 20:43:42.066461,,
b290e369-53fc-4e99-9b97-c7b5e73e4a8b,completed,2023-03-06 20:43:42.066461,,
7bac9e5c-4892-4293-802b-f60c3a4a3dca,completed,2023-03-06 20:43:42.066461,,
d9f3f251-18b3-4039-87dd-5de9e395f369,completed,2023-03-06 20:43:42.066461,,
08e9239a-4dde-47ba-8371-b7306e1a0f06,completed,2023-03-06 20:43:42.066461,,
4af9d756-2795-4b8a-94fd-12aa103cbf7b,completed,2023-03-06 20:43:42.066461,,
f42992ca-fd2f-46cd-9892-2d207c6a86c9,completed,2023-03-06 20:43:42.066461,,
a2244225-2fbb-41a8-a97a-f2d613223fed,completed,2023-03-06 20:43:42.066461,,
dc417891-ac3f-40a8-a449-74d09d76d481,completed,2023-03-06 20:43:42.066461,,
8fd7d081-b7b2-4bdc-bc39-d60c0cbb9eee,completed,2023-03-06 20:43:42.066461,,
8eac25c9-9783-4087-b05a-5dabf8a7cbc4,completed,2023-03-06 20:43:42.066461,,
6b70a455-9a27-40ae-b3db-1df7944b6a35,completed,2023-03-06 20:43:42.066461,,
24e51a57-2991-4493-9c84-75dfa3244471,completed,2023-03-06 20:43:42.066461,,
7cf04583-95f1-48b2-b98e-d361a1a09eb3,completed,2023-03-06 20:43:42.066461,,
31aa6ec4-6197-4458-8833-8df1ebbd28f5,completed,2023-03-06 20:43:42.066461,,
74726849-0ae9-4df6-9929-565019154c27,completed,2023-03-06 20:43:42.066461,,
209d0ff3-d9e7-484a-9d02-35b700888b4b,completed,2023-03-06 20:43:42.066461,,
2f8409db-b3a5-4123-a3f0-771ddb30aa88,failed,2023-03-06 20:43:42.066461,,
e53b7197-e028-40cf-a050-70be7b674ffa,completed,2023-03-06 20:43:42.066461,,
8fe9bf28-305a-439f-b446-2669ac34b31d,completed,2023-03-06 20:43:42.066461,,
8e00bcc5-ff75-4d38-88b7-6e2b74675336,completed,2023-03-06 20:43:42.066461,,
a8695744-e510-4ecf-97a5-23bfe5fcbfab,completed,2023-03-06 20:43:42.066461,,
01d701a4-f687-4dbe-8181-0e19fe69cef0,completed,2023-03-06 20:43:42.066461,,
73ccb180-d593-47f5-9e32-c60928941bb5,completed,2023-03-06 20:43:42.066461,,
7e136196-4991-44dd-93ba-2e08d7e990e9,completed,2023-03-06 20:43:42.066461,,
abd1aa7a-cb66-4a6c-bef0-9bf51dfe1878,completed,2023-03-06 20:43:42.066461,,
d6a5d56c-3b2d-414c-bdbd-f6ea577d1978,completed,2023-03-06 20:43:42.066461,,
2be590ae-a629-4228-a15a-e16e6a6f0173,completed,2023-03-06 20:43:42.066461,,
72b853f8-8677-4b1d-89c7-1f39b46d2c0a,completed,2023-03-06 20:43:42.066461,,
7324710c-18fc-4528-92fa-b49e61a50321,completed,2023-03-06 20:43:42.066461,,
a0a65e7a-95f0-4bb4-9a03-019407a5a7ec,completed,2023-03-06 20:43:42.066461,,
98ecec2c-701c-49c8-af16-3c181674db8c,completed,2023-03-06 20:43:42.066461,,
ec8505d8-c881-482f-bb33-5eb43c71c49d,completed,2023-03-06 20:43:42.066461,,
60a30bb1-b5f6-4138-baa6-3f8c8f60c516,completed,2023-03-06 20:43:42.066461,,
4e6fbd48-38fa-4674-8d4e-28fbc6e6233a,completed,2023-03-06 20:43:42.066461,,
0d5e2f1d-405c-4605-99f8-4c5bf893dd56,completed,2023-03-06 20:43:42.066461,,
e7ff9598-51fd-4d7e-98eb-8da831c062e1,completed,2023-03-06 20:43:42.066461,,
274a415b-920a-4b82-96cb-d9052dcec6dd,completed,2023-03-06 20:43:42.066461,,
d2ad5ae5-19c9-45a9-8f73-60a6c8c02e42,completed,2023-03-06 20:43:42.066461,,
5e699732-e114-4bab-95e2-0c2d5f747c00,completed,2023-03-06 20:43:42.066461,,
b49df789-8948-4423-a668-f750c2713bde,completed,2023-03-06 20:43:42.066461,,
674762df-e44a-4b61-a3d8-c30f54c73e11,completed,2023-03-06 20:43:42.066461,,
01973937-7d1c-499d-9b9e-0b13d70dd3a6,completed,2023-03-06 20:43:42.066461,,
c66285a8-c835-4e7c-989d-0ae5d9fb7432,completed,2023-03-06 20:43:42.066461,,
cffb37cf-8750-49be-87d2-f1b17b685686,completed,2023-03-06 20:43:42.066461,,
1020ee91-2e92-45c8-b258-ababba2cb2db,completed,2023-03-06 20:43:42.066461,,
106f569c-7d70-47c4-a6a1-b2c7805c6ab3,completed,2023-03-06 20:43:42.066461,,
ca61aebb-3516-4f87-a3e2-c6f23eee43bb,completed,2023-03-06 20:43:42.066461,,
fcf4865a-e0d3-4385-b144-6f6e7ddcdf92,completed,2023-03-06 20:43:42.066461,,
f9b7b73a-c81b-49bd-9fbf-fa594aa87323,completed,2023-03-06 20:43:42.066461,,
92b342fd-42aa-45d4-baab-1da701a41a5a,completed,2023-03-06 20:43:42.066461,,
708c604c-fbd1-425e-a167-eadeaeff8fef,completed,2023-03-06 20:43:42.066461,,
3a1837e1-68b7-4ca7-aa97-cb3c1846e06f,completed,2023-03-06 20:43:42.066461,,
f5ebf49d-b747-4d7c-bf46-6692b278d2ff,completed,2023-03-06 20:43:42.066461,,
b1cde1c9-be9f-42dc-89a3-442a279f7fbf,completed,2023-03-06 20:43:42.066461,,
d0b20d3b-a71e-4c80-b47c-0ac35b29f9f3,completed,2023-03-06 20:43:42.066461,,
01a4a974-a7db-442f-a91f-75b16194fe57,completed,2023-03-06 20:43:42.066461,,
456e43d3-d9f6-418f-b647-6c2f46385059,completed,2023-03-06 20:43:42.066461,,
1dd9c1a0-a21a-4b46-85e1-0d10963e9c76,completed,2023-03-06 20:43:42.066461,,
e6d08cf9-e95c-432e-a8b1-c389a3f4257f,completed,2023-03-06 20:43:42.066461,,
829d9f7c-e2ef-41b8-b9e5-398919a76d98,completed,2023-03-06 20:43:42.066461,,
2a3bc68d-f0b8-4ce3-896e-fff6ebd95985,completed,2023-03-06 20:43:42.066461,,
2efa1ce7-0e53-414a-9e7a-b5035c479965,completed,2023-03-06 20:43:42.066461,,
45a4befb-8010-45e8-a2a0-83f27ba98125,completed,2023-03-06 20:43:42.066461,,
b06d1f9a-cbd9-4b8c-a597-e14dd2ada710,completed,2023-03-06 20:43:42.066461,,
2701acf2-a0d3-4bb9-a7db-f6015a9a07f8,completed,2023-03-06 20:43:42.066461,,
b040d100-2bf6-4120-b1f1-f8f500f73f30,completed,2023-03-06 20:43:42.066461,,
bef472d5-6ee8-44ac-923a-6807c92e2684,completed,2023-03-06 20:43:42.066461,,
a3611dc7-50e1-4123-87d2-87be840c352e,completed,2023-03-06 20:43:42.066461,,
c2b2069d-f721-4f5a-9002-a225a3d4adae,completed,2023-03-06 20:43:42.066461,,
6b536d7d-5d6d-4519-9939-6bf54cb59ea2,completed,2023-03-06 20:43:42.066461,,
5342ce61-a6b7-4449-884b-59a0d5306b69,completed,2023-03-06 20:43:42.066461,,
9bd80800-6f81-49ef-8095-f5af4a401ac6,completed,2023-03-06 20:43:42.066461,,
9f521cf5-56ed-4af2-8f13-5033d36ebe22,completed,2023-03-06 20:43:42.066461,,
ea63c4fd-9fc9-4ae8-a0dd-09f04c18fced,completed,2023-03-06 20:43:42.066461,,
995173ae-7bcb-4531-be0c-9d15e1a7b484,completed,2023-03-06 20:43:42.066461,,
c9c98f45-0492-4d84-919a-ece8b816fed8,completed,2023-03-06 20:43:42.066461,,
8d805e0a-e7ae-4639-b113-f94defbb03a7,completed,2023-03-06 20:43:42.066461,,
843c2e44-8b4c-40ed-ba15-eb52f5ec3bb4,completed,2023-03-06 20:43:42.066461,,
37da518c-245b-47e2-85be-1e63baf1c3fd,completed,2023-03-06 20:43:42.066461,,
6694f797-9292-4d74-91c2-b12719500284,completed,2023-03-06 20:43:42.066461,,
13843788-423f-433e-a6a2-056e4e75c7ed,completed,2023-03-06 20:43:42.066461,,
81e48585-3fbf-4353-b3cd-82e40420cd58,completed,2023-03-06 20:43:42.066461,,
85175411-abf3-4b34-9eb6-42a6c42ffd98,completed,2023-03-06 20:43:42.066461,,
452a2c21-056b-4baa-9e20-15a6c1d97101,completed,2023-03-06 20:43:42.066461,,
c8a053fb-26a2-4388-848a-d6a4fe53e583,completed,2023-03-06 20:43:42.066461,,
a26d5577-25f9-486e-9ff1-b37e940db5f8,completed,2023-03-06 20:43:42.066461,,
540563ed-7460-406e-ab53-0909c7c0e33e,completed,2023-03-06 20:43:42.066461,,
54b0dab5-fa79-41b8-8bc1-60a9f599f9c4,completed,2023-03-06 20:43:42.066461,,
7c1fe7f7-2d2e-4d36-84e8-e88da1aa8762,completed,2023-03-06 20:43:42.066461,,
c3b77a35-340e-42d0-ac2b-ac82835e2079,completed,2023-03-06 20:43:42.066461,,
a283f5ce-c83a-47a4-873d-9a102ccacc02,completed,2023-03-06 20:43:42.066461,,
6d7fd87a-5c55-417e-98bd-a1de7567cbd2,completed,2023-03-06 20:43:42.066461,,
f4b69c76-7195-4c6d-9c3f-764add7bca90,completed,2023-03-06 20:43:42.066461,,
ae52a39c-6c20-4539-a463-bff87dc35ffa,completed,2023-03-06 20:43:42.066461,,
9e0a9c44-7653-48f2-a88e-24df3a42ea76,completed,2023-03-06 20:43:42.066461,,
2612db2c-e978-4f95-8056-47b2bfac8a5e,completed,2023-03-06 20:43:42.066461,,
c4f4cfb9-5571-4c5e-80cc-d7246b44e783,completed,2023-03-06 20:43:42.066461,,
5155a893-d4de-4beb-b4d6-4b445d59d646,completed,2023-03-06 20:43:42.066461,,
dcebe488-5303-48c1-9b02-def964bbf103,completed,2023-03-06 20:43:42.066461,,
acadd438-1d2f-41b7-9a8f-02a65bb29caf,completed,2023-03-06 20:43:42.066461,,
542742ef-6618-4fda-bf73-6bc60716cf59,completed,2023-03-06 20:43:42.066461,,
6d1e4360-831c-415b-b389-dcd156c0f526,completed,2023-03-06 20:43:42.066461,,
a8b05af2-f892-42a8-a308-02c8e531bc13,completed,2023-03-06 20:43:42.066461,,
f962a13a-00fb-45d9-a52d-f36c96e4ee2c,completed,2023-03-06 20:43:42.066461,,
78e6fb0e-7c0b-43b2-bdc5-8b3188dd3315,completed,2023-03-06 20:43:42.066461,,
dfdb5309-ab86-4ac7-ba76-f6b74c6cbb17,completed,2023-03-06 20:43:42.066461,,
16669ba6-f73a-4678-9c72-20d4e4fafb52,completed,2023-03-06 20:43:42.066461,,
48a00ccb-74a3-4bee-ade3-220c2308209c,completed,2023-03-06 20:43:42.066461,,
bd6b3ef0-0d5d-4714-a67e-9b150c86e81e,completed,2023-03-06 20:43:42.066461,,
87aaebfd-c924-4905-893d-d46979c125ed,completed,2023-03-06 20:43:42.066461,,
2224b432-4b46-4e16-b21d-85b70a95e70b,completed,2023-03-06 20:43:42.066461,,
abc7f387-aa3f-4b99-8770-26d8d4552e56,completed,2023-03-06 20:43:42.066461,,
1cf1aedb-bdb9-4fa3-8652-dc5de8eee794,completed,2023-03-06 20:43:42.066461,,
50ad1780-f20e-45e0-8a83-524199f62d93,completed,2023-03-06 20:43:42.066461,,
4e08ddb0-6a1e-4f87-ab05-8eb169a0e4c9,completed,2023-03-06 20:43:42.066461,,
69059a02-76f6-46ce-9771-a9b21d26c1ca,completed,2023-03-06 20:43:42.066461,,
ae4cd2c7-46c0-4d16-95eb-b33b3f986309,completed,2023-03-06 20:43:42.066461,,
c15cae24-f101-4e33-8bba-fcc81c4aa7fd,completed,2023-03-06 20:43:42.066461,,
02ca3baf-5384-4957-8e16-c06e3e7536b8,completed,2023-03-06 20:43:42.066461,,
12a5cacb-c11d-46fc-8a99-31c766764f1a,completed,2023-03-06 20:43:42.066461,,
1928efea-5b2b-4f89-ac4a-73e0af653c73,completed,2023-03-06 20:43:42.066461,,
2cf467d3-83b5-4ae7-8fad-e5c0c28b31a6,completed,2023-03-06 20:43:42.066461,,
0523b0c9-12f8-4779-9826-8e6d1b689307,completed,2023-03-06 20:43:42.066461,,
91ef1f1d-40f3-41b4-945c-2ede8ffaa1f6,completed,2023-03-06 20:43:42.066461,,
92fe59e7-eae0-4ba9-bf74-22a82f2c2c83,completed,2023-03-06 20:43:42.066461,,
87878360-6065-4295-bdd7-a20ef09afa1c,completed,2023-03-06 20:43:42.066461,,
06934b38-2991-45e2-8e4b-89edb6d3ab2b,completed,2023-03-06 20:43:42.066461,,
2b5d72d5-d0bb-4226-9d94-707d60d435c2,completed,2023-03-06 20:43:42.066461,,
3bbb9846-1856-4e9b-9d7c-0a0d3dd132fd,completed,2023-03-06 20:43:42.066461,,
4cdf6733-ad08-4e0a-bc2e-d63f4f3905bf,completed,2023-03-06 20:43:42.066461,,
d94bd415-de83-4f93-ba06-f112957478f6,completed,2023-03-06 20:43:42.066461,,
1ce36cd9-17f6-44b9-9d8c-ca97d437dffa,completed,2023-03-06 20:43:42.066461,,
845179de-1c80-428b-a185-d599da73f6ec,completed,2023-03-06 20:43:42.066461,,
c10be431-457c-41b2-aa8c-e9de9d5759a4,completed,2023-03-06 20:43:42.066461,,
04451fee-1998-49bc-9326-1149e747b4d1,completed,2023-03-06 20:43:42.066461,,
6f9bd918-2bab-4140-aa66-6eb8d55969f4,completed,2023-03-06 20:43:42.066461,,
bd50eb65-6c7c-43ad-99ff-eeff1cbd070a,completed,2023-03-06 20:43:42.066461,,
4d993430-8ab2-4a51-8299-c629fd12afeb,completed,2023-03-06 20:43:42.066461,,
78ac4e84-b361-487a-bf9a-e3312cd83d7a,completed,2023-03-06 20:43:42.066461,,
4f7797f1-95dc-4b1b-a393-738257de1fb4,completed,2023-03-06 20:43:42.066461,,
46ab5a45-e272-4b99-92ce-255125b44bfe,completed,2023-03-06 20:43:42.066461,,
3b0746f8-fb35-48dc-947d-4e3bd57dba54,completed,2023-03-06 20:43:42.066461,,
0a760d9f-c6b9-4bd3-9940-d636b092cef0,completed,2023-03-06 20:43:42.066461,,
1a001a48-08c0-4444-be6d-8733ed604674,completed,2023-03-06 20:43:42.066461,,
791aea3d-84d0-4238-b21c-9fd4b591bae3,completed,2023-03-06 20:43:42.066461,,
2b577f32-2469-41e8-9328-55fe9b7483ed,completed,2023-03-06 20:43:42.066461,,
882d0766-5a17-49e7-b0e4-89ba310b2edb,completed,2023-03-06 20:43:42.066461,,
1797d154-72e9-43e4-a73a-d3dea8517e5a,completed,2023-03-06 20:43:42.066461,,
86746f8b-5894-4936-bec9-d10b0c5651ad,completed,2023-03-06 20:43:42.066461,,
5081a41a-42c6-48ae-81c5-7e5745afc0be,completed,2023-03-06 20:43:42.066461,,
5d178476-b3b7-4841-8557-9dd3deaab104,completed,2023-03-06 20:43:42.066461,,
b7d2f641-4888-4dea-84b9-57406bcedc99,completed,2023-03-06 20:43:42.066461,,
a77f2981-5ffa-4236-a5c7-496572edc0e5,completed,2023-03-06 20:43:42.066461,,
920522b6-fb7f-44ff-8ce2-7be570b89c73,completed,2023-03-06 20:43:42.066461,,
bc549ba9-1e47-48f6-8337-010f4de616ef,completed,2023-03-06 20:43:42.066461,,
6a857f65-0f48-4e47-ba55-4458ede05006,completed,2023-03-06 20:43:42.066461,,
f3ac0528-93bc-4cf7-942b-c9088ba75e6b,completed,2023-03-06 20:43:42.066461,,
0f86f69f-e6b5-4def-b3f7-e6b3d8ee5bf5,completed,2023-03-06 20:43:42.066461,,
664dadc0-1cac-438d-a41f-fadca99fd89c,completed,2023-03-06 20:43:42.066461,,
1dab4a3c-5a5c-4b68-bbab-fece55d8861c,completed,2023-03-06 20:43:42.066461,,
aa78f3c8-b1fb-47bc-87ea-9516c5cbf1a5,completed,2023-03-06 20:43:42.066461,,
88023cb5-c8a2-46b7-ba1a-afcfab46300d,completed,2023-03-06 20:43:42.066461,,
647175d0-db0b-4f7c-bceb-01654d9d6430,completed,2023-03-06 20:43:42.066461,,
de3c6552-90b0-4739-938f-df3847f869ae,completed,2023-03-06 20:43:42.066461,,
ab22f84c-2cc2-4f9c-b134-3bdf56757288,completed,2023-03-06 20:43:42.066461,,
dc90d2d1-28dd-48c9-b9f6-1926eaaa91c9,completed,2023-03-06 20:43:42.066461,,
6535f6fd-9dea-45fb-b769-69069ae995ac,completed,2023-03-06 20:43:42.066461,,
1744a3f2-b106-4a58-8cfb-f04988a7a5d7,completed,2023-03-06 20:43:42.066461,,
e0dc6a08-9444-482d-8922-b583eec490a0,completed,2023-03-06 20:43:42.066461,,
26cf99a5-85c2-424b-b579-9fa64aa72890,completed,2023-03-06 20:43:42.066461,,
862ff619-de14-45f2-8dd0-34fa29dbc6a0,completed,2023-03-06 20:43:42.066461,,
d22168e9-2d01-4e4e-aa55-c2310a54936f,completed,2023-03-06 20:43:42.066461,,
9e05dab5-bece-4b1d-b891-7e103176068a,completed,2023-03-06 20:43:42.066461,,
b97ca25d-fad8-4729-a30b-1bd0171b4331,completed,2023-03-06 20:43:42.066461,,
020576a6-f89e-4bfe-a6c6-1c3672506ca4,completed,2023-03-06 20:43:42.066461,,
a2c0de8a-b32f-4d58-8de1-179a2dc2ec9e,completed,2023-03-06 20:43:42.066461,,
8d3e23f6-9a5e-4ba6-be7a-3ebdce551506,completed,2023-03-06 20:43:42.066461,,
7d414d4d-4961-488b-a93e-1e9f01f075bf,completed,2023-03-06 20:43:42.066461,,
6c403908-5568-4fbc-8efb-d9a1d2427518,completed,2023-03-06 20:43:42.066461,,
4223888f-8114-4a05-8eaf-31db1ac38892,completed,2023-03-06 20:43:42.066461,,
198d8249-69ab-4e9a-bc58-8ee3ed12bac4,completed,2023-03-06 20:43:42.066461,,
d2ad13f3-a87e-4214-ab48-864a5ed01ad0,completed,2023-03-06 20:43:42.066461,,
f3fbb58e-fbc0-4d33-b242-74ade6c0ecab,completed,2023-03-06 20:43:42.066461,,
756ec86a-1fa6-49f2-9305-8d3531d9f55f,completed,2023-03-06 20:43:42.066461,,
d7d9b3a4-c362-472e-b189-3c98215f14f7,completed,2023-03-06 20:43:42.066461,,
7c16662b-6dd7-4394-bcbd-f41b5e187297,completed,2023-03-06 20:43:42.066461,,
3262ea01-fb46-43bf-be20-a22a8c2c3ca6,completed,2023-03-06 20:43:42.066461,,
5df91ab4-cdb7-4203-b6de-cb178e8a2de9,completed,2023-03-06 20:43:42.066461,,
88975237-36d8-4bab-a75e-7af1b3274dfc,completed,2023-03-06 20:43:42.066461,,
830257d0-a4b7-42cd-951c-b49b75d36575,failed,2023-03-06 20:43:42.066461,,
768d3986-5db8-4ff4-b4f1-915d605ed54d,completed,2023-03-06 20:43:42.066461,,
65ce4d04-51a1-4278-b5d3-b67232514a87,completed,2023-03-06 20:43:42.066461,,
e1641ae9-80eb-4e85-84c0-d649c677da6d,completed,2023-03-06 20:43:42.066461,,
c44a51a7-b265-43b0-b751-2363f76c523b,completed,2023-03-06 20:43:42.066461,,
d788be5a-d27f-48d7-946d-b19159c2c31d,completed,2023-03-06 20:43:42.066461,,
458210fb-8a07-4d9f-a1b7-031d0bd5b30a,completed,2023-03-06 20:43:42.066461,,
05484075-6299-458b-b6e5-0cd9e8ff9276,completed,2023-03-06 20:43:42.066461,,
346702ca-def0-46ec-95f7-724ad81c2e5c,completed,2023-03-06 20:43:42.066461,,
bfe82f4c-d41a-4bc5-a209-ccf7cab3bf64,completed,2023-03-06 20:43:42.066461,,
903585ba-3899-4a7f-baec-58058761908d,completed,2023-03-06 20:43:42.066461,,
0ae0ce08-e50a-4939-9597-336b2a525784,completed,2023-03-06 20:43:42.066461,,
14c1baca-00c8-4628-8801-55d72fd6602f,completed,2023-03-06 20:43:42.066461,,
304c2e95-240c-4308-9871-01bc88f41ece,completed,2023-03-06 20:43:42.066461,,
bba383af-5ea2-4cc8-80a4-4de065311f74,completed,2023-03-06 20:43:42.066461,,
6fe3d56f-59ae-46bc-b5da-014cd7122e40,completed,2023-03-06 20:43:42.066461,,
0e9c50fb-a29e-455e-80a8-c153c0cd265a,completed,2023-03-06 20:43:42.066461,,
698c3891-1d09-41ef-923d-cda75e121e54,completed,2023-03-06 20:43:42.066461,,
00da5741-cb09-4d4c-bc0f-28a044b0c8b9,completed,2023-03-06 20:43:42.066461,,
10b6c27a-175d-4db3-8ccc-307bbe2ae7aa,completed,2023-03-06 20:43:42.066461,,
cff96a3d-935f-4fc9-ba43-6275351a6065,completed,2023-03-06 20:43:42.066461,,
66642073-284f-43f3-bf3d-8f12447e53fe,completed,2023-03-06 20:43:42.066461,,
d0889678-b663-4b24-b2da-5f6a2cadca20,completed,2023-03-06 20:43:42.066461,,
e7fed27f-3047-4c79-9e9d-4a8b6f529819,completed,2023-03-06 20:43:42.066461,,
252d50e2-0b86-487c-8f77-d8a116697ca6,completed,2023-03-06 20:43:42.066461,,
9700050b-5d93-4aa3-b019-b94c732caac9,completed,2023-03-06 20:43:42.066461,,
58ffd3bf-818d-45de-b929-ac4609804736,completed,2023-03-06 20:43:42.066461,,
548c9d0e-43b9-4d18-9cf3-e2a27a7dc33a,completed,2023-03-06 20:43:42.066461,,
d7b0fae4-a819-474b-902c-d5acdc00c110,completed,2023-03-06 20:43:42.066461,,
031f7091-ba9b-40f6-9f8c-73bc6da021c2,completed,2023-03-06 20:43:42.066461,,
9d099587-955e-4f91-a6dd-038f9d490d1d,completed,2023-03-06 20:43:42.066461,,
b1bbc77d-92a6-456f-8e18-f31bb48f6a21,completed,2023-03-06 20:43:42.066461,,
59b32bf9-29fa-43ab-8484-e390e6b39356,completed,2023-03-06 20:43:42.066461,,
41b2a8a4-4987-4aa8-8858-862b675e73cf,completed,2023-03-06 20:43:42.066461,,
5c609f17-357f-48e1-aba6-e7f92cb872c3,completed,2023-03-06 20:43:42.066461,,
8472334e-6887-4434-b866-e943bd09aae9,completed,2023-03-06 20:43:42.066461,,
71eab24d-db4d-443b-9892-212ffd130ec2,completed,2023-03-06 20:43:42.066461,,
6fad9650-9f4e-4c43-9e4b-ce7bac5011c0,completed,2023-03-06 20:43:42.066461,,
173c8f5e-8d67-404b-acd0-3fd2d856d65b,completed,2023-03-06 20:43:42.066461,,
08076957-51e7-483a-87cc-782ecfdf2d1d,completed,2023-03-06 20:43:42.066461,,
fe9ef713-3284-44ab-8421-255aac993d82,completed,2023-03-06 20:43:42.066461,,
6502335f-3064-4e29-8f48-ce583aa6e79e,completed,2023-03-06 20:43:42.066461,,
74857884-e8f0-48f1-85ac-280b8acdac8c,completed,2023-03-06 20:43:42.066461,,
28c34075-eceb-4e81-b379-dbe27eec17ad,completed,2023-03-06 20:43:42.066461,,
a3012c0f-dcad-414c-89ba-eca8dd5c2df3,completed,2023-03-06 20:43:42.066461,,
ae34da9b-61f2-4c29-be21-9f32dd9513bc,completed,2023-03-06 20:43:42.066461,,
b575ef50-af8e-4b5e-a386-2f49811c4582,completed,2023-03-06 20:43:42.066461,,
4accbf21-9795-481f-8c7c-e386059e5c8d,completed,2023-03-06 20:43:42.066461,,
ccc272e9-0716-44fe-b8c8-4d33822bbe32,completed,2023-03-06 20:43:42.066461,,
20530ea2-ee40-43d6-81bb-524b37fff842,completed,2023-03-06 20:43:42.066461,,
13f0833f-2457-43cc-9fdb-e78235d8dada,completed,2023-03-06 20:43:42.066461,,
fa637529-3a0c-4833-94f6-ccf3cb5c97a2,completed,2023-03-06 20:43:42.066461,,
d94fcb6d-6917-41ff-9e13-b5abfab6f32b,completed,2023-03-06 20:43:42.066461,,
c1f14974-f190-4cbf-8e32-bf8ca7d813ae,completed,2023-03-06 20:43:42.066461,,
06f28520-75dc-40e2-a969-d5dbbcf79196,completed,2023-03-06 20:43:42.066461,,
ddfb1b13-8da4-44d1-b4a5-18bd8ac4b3ce,completed,2023-03-06 20:43:42.066461,,
808fef64-97d1-4b43-8ea4-ac4121cfbdd4,completed,2023-03-06 20:43:42.066461,,
cbef7bbb-7904-4a35-8a8d-26cfc96257a5,completed,2023-03-06 20:43:42.066461,,
a63de674-dca9-4c8d-b6fb-2803135e1e0d,completed,2023-03-06 20:43:42.066461,,
3523ef55-b773-4a45-b11e-63fbfc24bd91,completed,2023-03-06 20:43:42.066461,,
845b4cbd-9f4c-42e5-8067-a8cf7feb748a,completed,2023-03-06 20:43:42.066461,,
91ece85c-8316-4c9b-8e9d-1e4c2da449c0,completed,2023-03-06 20:43:42.066461,,
317630af-1c51-4ce9-a3c0-8c0dd605c1ed,completed,2023-03-06 20:43:42.066461,,
3d29725b-3651-45d3-b33c-51403d95ecbe,completed,2023-03-06 20:43:42.066461,,
e8cdc83c-5457-4701-942f-eb8788fb5900,completed,2023-03-06 20:43:42.066461,,
deb58e2b-85ed-40f2-8be4-85fe1ddded54,completed,2023-03-06 20:43:42.066461,,
a7664fd4-63b5-4ed2-bbdb-6bd7f0f7d7cb,completed,2023-03-06 20:43:42.066461,,
a796d392-20a9-4edc-a880-d83d3eabaead,completed,2023-03-06 20:43:42.066461,,
f64160c1-e755-47c2-b69b-6c50894d7d6d,completed,2023-03-06 20:43:42.066461,,
557c871a-fe49-4112-add9-b2eec685c1d3,completed,2023-03-06 20:43:42.066461,,
b88a3ba0-5b02-4567-a8b3-62ac0c0e464b,completed,2023-03-06 20:43:42.066461,,
e478dd83-1aec-4690-b523-abfaf12d61bf,completed,2023-03-06 20:43:42.066461,,
ca3eec11-2ea3-4c31-ad2e-b2c000a62500,completed,2023-03-06 20:43:42.066461,,
0f2629f5-9327-4fa4-9bb1-a029263fbc01,completed,2023-03-06 20:43:42.066461,,
c9862160-d899-4fc5-9f4d-14c324275e21,completed,2023-03-06 20:43:42.066461,,
553625a5-770e-4dfb-85f3-95cf34560b5d,completed,2023-03-06 20:43:42.066461,,
e01f79c0-4352-4984-a806-f2b4b2688ba5,completed,2023-03-06 20:43:42.066461,,
058d846f-8114-43b2-b4f8-daa7d9c33f24,completed,2023-03-06 20:43:42.066461,,
6f155355-9103-48c7-849a-49b874578044,completed,2023-03-06 20:43:42.066461,,
0314da33-5d1f-4d5f-a616-5cc1999f1f85,completed,2023-03-06 20:43:42.066461,,
d82582dc-ba7f-4eb0-b085-24036053b4d1,completed,2023-03-06 20:43:42.066461,,
f1b98bbe-4cf5-487f-8773-c902ea09ba93,completed,2023-03-06 20:43:42.066461,,
90a9fccf-f8ba-4c70-9d67-884b8a36aa26,completed,2023-03-06 20:43:42.066461,,
03aff0fd-6c90-4342-96e0-66723613df97,completed,2023-03-06 20:43:42.066461,,
075d55de-b511-4ece-85b2-41a8505eaf31,completed,2023-03-06 20:43:42.066461,,
6393f863-505e-44f3-b3ef-fca6f143c5d9,completed,2023-03-06 20:43:42.066461,,
701945a6-40e3-4031-bdf2-eeace088e4e7,completed,2023-03-06 20:43:42.066461,,
98c2633c-659c-4b1a-8097-1b5636134ecb,completed,2023-03-06 20:43:42.066461,,
f51b7a5d-cb2c-48be-96b1-3ec17cc59608,completed,2023-03-06 20:43:42.066461,,
b1515ede-ccc3-4d26-a601-bf1450e25ef9,completed,2023-03-06 20:43:42.066461,,
b4abd2bf-f3e0-4e67-b770-fe3f235f5c60,completed,2023-03-06 20:43:42.066461,,
d23ecdeb-aa5d-472b-b03a-275906e12bda,completed,2023-03-06 20:43:42.066461,,
0c7fb644-8a3a-48c4-a850-70f1758c8e17,completed,2023-03-06 20:43:42.066461,,
a5567164-3390-461d-b663-40540c024846,completed,2023-03-06 20:43:42.066461,,
1bda1b4e-e355-44b8-8bf6-ac6690e1f493,completed,2023-03-06 20:43:42.066461,,
ec28ff8e-716f-41cf-aa86-08ec8acfe459,completed,2023-03-06 20:43:42.066461,,
0194d5a8-9553-42ab-9de2-15b868548366,completed,2023-03-06 20:43:42.066461,,
d2c79aa1-9805-49a3-b077-b35f6f33bef7,completed,2023-03-06 20:43:42.066461,,
d689434e-c195-4761-a141-5ccad38ab6cc,completed,2023-03-06 20:43:42.066461,,
bbfaff50-0ff6-4339-8990-5e675f9a5008,completed,2023-03-06 20:43:42.066461,,
4781d205-e49f-4ba7-a370-b9739f356d28,completed,2023-03-06 20:43:42.066461,,
e88769a8-f85a-487c-9b16-101ba01fd3c4,completed,2023-03-06 20:43:42.066461,,
de9483ad-91cd-4e8e-a307-7cda058f54d2,completed,2023-03-06 20:43:42.066461,,
88772cac-950c-4176-9459-26dfc55362ff,completed,2023-03-06 20:43:42.066461,,
4eb52712-cbbd-477e-9dc2-385e341144bc,completed,2023-03-06 20:43:42.066461,,
cbda90fe-9efd-416d-93fa-0b810ef8cced,completed,2023-03-06 20:43:42.066461,,
29b6fed9-ca2e-444f-a465-32dba8338d89,completed,2023-03-06 20:43:42.066461,,
3927d352-4261-40f6-922a-8456962369ed,completed,2023-03-06 20:43:42.066461,,
d82b35a3-5b3e-444c-a09f-695354babb04,completed,2023-03-06 20:43:42.066461,,
9adae878-316d-4d21-bd2f-deb97e08522d,completed,2023-03-06 20:43:42.066461,,
394e0400-d6af-49ac-9bf2-afa9e86ebac8,completed,2023-03-06 20:43:42.066461,,
c170afa8-275d-454f-9903-db324326ae92,completed,2023-03-06 20:43:42.066461,,
923d5f4a-7f12-4c8d-be64-1854ae458859,completed,2023-03-06 20:43:42.066461,,
b5c435ac-6cf2-4394-8739-1bea73b089ff,completed,2023-03-06 20:43:42.066461,,
e69f7d68-4f83-4f72-9f0d-310c1eb0e5dd,completed,2023-03-06 20:43:42.066461,,
654a68b9-333d-479e-bba8-771958da2aae,completed,2023-03-06 20:43:42.066461,,
06ce486f-4771-4c9e-afaf-d99a16daaa68,completed,2023-03-06 20:43:42.066461,,
32a3cf22-8400-4fa8-8b7b-a727ee2a714a,completed,2023-03-06 20:43:42.066461,,
bfaea339-b79a-405b-b8fc-e5806d6540e5,completed,2023-03-06 20:43:42.066461,,
b4ddf09d-6509-4264-8b4a-b4b8d01abf82,completed,2023-03-06 20:43:42.066461,,
47e3f41b-43c1-4187-af9b-a5f05ce0afec,completed,2023-03-06 20:43:42.066461,,
4de192a1-1739-4b0b-8164-496c6e82e463,completed,2023-03-06 20:43:42.066461,,
78d0a733-ede5-4520-9444-57adb1c40a60,completed,2023-03-06 20:43:42.066461,,
6336d9c6-2b62-4005-83d0-fc515fda7b5c,completed,2023-03-06 20:43:42.066461,,
a466a976-c7bb-4728-81db-e43fa72fc8a4,completed,2023-03-06 20:43:42.066461,,
3844ba5e-f6a4-4901-a9a3-feba4aab5b7b,completed,2023-03-06 20:43:42.066461,,
0e9b2ce5-c4de-4df6-9722-f761356c8e09,completed,2023-03-06 20:43:42.066461,,
17855530-5056-4bce-9dc7-06e7d124762a,completed,2023-03-06 20:43:42.066461,,
325abde8-ab28-4e61-bd72-5ca36f798c35,completed,2023-03-06 20:43:42.066461,,
99373439-8a1d-4f56-9ea6-704d86d43d13,completed,2023-03-06 20:43:42.066461,,
d2c1258e-36ef-4b1b-9581-f38818da3940,completed,2023-03-06 20:43:42.066461,,
616a18ec-4b03-4639-8ad0-8c9f94257a8e,completed,2023-03-06 20:43:42.066461,,
214209bb-8303-44ed-8132-d7d679536faf,completed,2023-03-06 20:43:42.066461,,
72b7049f-abe9-445d-8d28-b3a3f950d28b,completed,2023-03-06 20:43:42.066461,,
bbba9470-287a-4794-938e-02c3c95674e7,completed,2023-03-06 20:43:42.066461,,
05b3301a-29be-4484-b792-b15bfab5c665,completed,2023-03-06 20:43:42.066461,,
d25dfc05-f8af-4f5d-9b49-c5f505321a16,completed,2023-03-06 20:43:42.066461,,
f87fc122-4751-4727-becc-da90ca0c8df3,completed,2023-03-06 20:43:42.066461,,
39839916-2161-4ea9-a5fc-bd28e6a0fd4b,completed,2023-03-06 20:43:42.066461,,
78f390c3-f510-4202-a0f3-592cd5e20ec2,completed,2023-03-06 20:43:42.066461,,
d05054e9-0bdc-426c-a884-c0cc54b73a30,completed,2023-03-06 20:43:42.066461,,
77438735-af37-451d-ae7b-fb4e8473b70a,completed,2023-03-06 20:43:42.066461,,
60d30475-345c-40ea-8efd-979a2b39a2f5,completed,2023-03-06 20:43:42.066461,,
dce5473d-7029-459e-9e6b-b3d0748fcce6,completed,2023-03-06 20:43:42.066461,,
aece9bfa-5881-426d-91c2-8bd121911314,completed,2023-03-06 20:43:42.066461,,
9dc8f2ad-9dd9-4181-906b-bca0ac970069,completed,2023-03-06 20:43:42.066461,,
b4941ff3-b8d8-4e0d-b9f9-5b6c4b60842c,completed,2023-03-06 20:43:42.066461,,
a40c1d3c-2011-4e39-a888-5025b40d8dd6,completed,2023-03-06 20:43:42.066461,,
9144c12f-4694-49f2-a281-b869a252d165,completed,2023-03-06 20:43:42.066461,,
7de1eda9-c353-4f1c-a22b-dff27e74a719,completed,2023-03-06 20:43:42.066461,,
8459364d-9d26-4ab9-b9b7-080155a5e0b9,completed,2023-03-06 20:43:42.066461,,
ab336b62-9d55-430d-b9da-9fcd652774a1,completed,2023-03-06 20:43:42.066461,,
f971dbe6-d1ba-4d60-a01f-0b3d4122652c,completed,2023-03-06 20:43:42.066461,,
48121f21-160e-44f7-aa55-2ae8b9dad433,completed,2023-03-06 20:43:42.066461,,
f6f7c675-fbf6-441a-a2f7-fc19808ec952,completed,2023-03-06 20:43:42.066461,,
e2235e14-20fc-45bd-b6b5-259c53cd45ba,completed,2023-03-06 20:43:42.066461,,
29f16a98-76b6-4965-9017-f7b8372ca9cb,completed,2023-03-06 20:43:42.066461,,
0fc4f57d-d7a5-415c-bbf5-ca4009585461,completed,2023-03-06 20:43:42.066461,,
5d7be5ac-e6f1-4d92-be13-aff67fa8b1ef,completed,2023-03-06 20:43:42.066461,,
e07bda97-7503-477c-ad38-2565b1c15b21,completed,2023-03-06 20:43:42.066461,,
1570a22f-96c8-482e-97d7-b711ae4e22b5,completed,2023-03-06 20:43:42.066461,,
bc3604e3-2306-48ce-a2c0-00571bb69a2b,completed,2023-03-06 20:43:42.066461,,
a7b0f15b-6058-4b24-b02b-8d2a7a16b730,completed,2023-03-06 20:43:42.066461,,
e80510b5-196d-42dd-8cda-f0d498016ba8,completed,2023-03-06 20:43:42.066461,,
7a8619ab-78b9-4270-a787-61630139583a,completed,2023-03-06 20:43:42.066461,,
c6e7fbfb-26cb-43fe-88a6-24471841cef0,completed,2023-03-06 20:43:42.066461,,
b6980014-4043-40d7-8492-30b9757893a4,completed,2023-03-06 20:43:42.066461,,
00188933-0c11-4a1c-bfe2-2e792a374e5b,completed,2023-03-06 20:43:42.066461,,
fb80f395-16cd-4dc3-b6a3-3688d89c4b5a,completed,2023-03-06 20:43:42.066461,,
f41168cc-0690-4129-a1dc-8aeb40dbaa6e,completed,2023-03-06 20:43:42.066461,,
4e77abea-2156-49a8-b2ba-b95f86025102,completed,2023-03-06 20:43:42.066461,,
6c21e596-89bf-451d-a853-c66f16e7377d,completed,2023-03-06 20:43:42.066461,,
cd3a2ece-c8d0-4817-b357-6f9f9928d1a3,completed,2023-03-06 20:43:42.066461,,
80dcca52-81f8-41bc-8b3f-da1f3d823785,completed,2023-03-06 20:43:42.066461,,
c23828c1-4647-401a-8975-d968db6109bf,completed,2023-03-06 20:43:42.066461,,
b3e48776-7934-403b-a073-fec90f4e823e,completed,2023-03-06 20:43:42.066461,,
d73590db-5e37-422d-a745-0e369df7a0fe,completed,2023-03-06 20:43:42.066461,,
dbf34efe-4d73-4a72-a83e-b890cb81cbcf,completed,2023-03-06 20:43:42.066461,,
dd7e90a9-52f1-4aae-b7ae-2f02eb5ad29a,completed,2023-03-06 20:43:42.066461,,
33c586ea-f263-41cb-bf2c-3995463eb8b3,completed,2023-03-06 20:43:42.066461,,
695e16aa-2c98-4a13-bf8d-33466999cbb2,completed,2023-03-06 20:43:42.066461,,
ac6fadb2-a1bb-4b34-99b2-9a4fe80a382d,completed,2023-03-06 20:43:42.066461,,
7134cfd0-94a1-4ca0-897e-a63670596a5a,completed,2023-03-06 20:43:42.066461,,
a63b09a1-0c32-4352-b400-7ba48235293a,completed,2023-03-06 20:43:42.066461,,
f4614974-da36-4c28-bca9-efc3c1b5ec31,completed,2023-03-06 20:43:42.066461,,
5f913721-dca6-478c-a9f0-48421c59b10f,completed,2023-03-06 20:43:42.066461,,
585503ac-9182-4271-b234-c91e322635f4,completed,2023-03-06 20:43:42.066461,,
11684ed6-93b8-45b8-8412-b925012c869e,completed,2023-03-06 20:43:42.066461,,
8e0f9407-ef2a-4e1f-babc-b9ef44452bbf,completed,2023-03-06 20:43:42.066461,,
3aef7b17-0d9b-42a6-a22b-44d98f1433b8,completed,2023-03-06 20:43:42.066461,,
f03bf02d-610b-4ec7-94b6-c1577bd9f5a2,completed,2023-03-06 20:43:42.066461,,
c1efed68-3bae-438d-a0fa-fe3ddb238a51,completed,2023-03-06 20:43:42.066461,,
a3ce0d3f-e088-4ace-984d-c1babd65d073,completed,2023-03-06 20:43:42.066461,,
3a59d3e2-aaf9-4b3a-8050-bbd2f0f6c49e,completed,2023-03-06 20:43:42.066461,,
bb94501a-7c9f-4953-9449-6bed563b19d5,completed,2023-03-06 20:43:42.066461,,
3b6e3009-4a96-427a-a05a-853fd5edd0d8,completed,2023-03-06 20:43:42.066461,,
242869eb-199a-4698-bd78-811e99006a5c,completed,2023-03-06 20:43:42.066461,,
a2b286b2-57c7-4783-84fc-5e4f1762da7c,completed,2023-03-06 20:43:42.066461,,
2e80dd02-2a6c-469b-960d-4e404371f13c,completed,2023-03-06 20:43:42.066461,,
dd201bb1-8aa5-45b7-85b6-f51b32508f37,completed,2023-03-06 20:43:42.066461,,
a7b291c3-6cb5-4cac-992b-bd3482f34f36,completed,2023-03-06 20:43:42.066461,,
1fc6149e-5b05-4ae7-89c6-0cec6cee87fc,completed,2023-03-06 20:43:42.066461,,
cb3b6947-f0d3-4833-a0bc-fc272a18a900,failed,2023-03-06 20:43:42.066461,,
743e8fdc-a425-4163-80a0-7ce6480813d5,completed,2023-03-06 20:43:42.066461,,
690b0621-227c-4b03-b248-9812dffae940,completed,2023-03-06 20:43:42.066461,,
c0cf7b5d-e182-47a2-9b3f-eec217991f04,completed,2023-03-06 20:43:42.066461,,
2609724d-3cd5-4eab-9999-5252a4e7c418,completed,2023-03-06 20:43:42.066461,,
7b8a8a41-3f60-4acc-92ba-92b88dc09aa3,completed,2023-03-06 20:43:42.066461,,
35d59fa3-d690-4662-9188-862af9ad3e8f,completed,2023-03-06 20:43:42.066461,,
4a6e356c-8118-4be7-92c2-ee8cdeda20b6,completed,2023-03-06 20:43:42.066461,,
4561fc76-df06-4eba-97b9-b70eeb6d62c1,completed,2023-03-06 20:43:42.066461,,
2334e411-9af9-482a-aed6-93871fa6bee4,completed,2023-03-06 20:43:42.066461,,
68b2966f-2c4c-4f49-b33c-787c5713cbba,completed,2023-03-06 20:43:42.066461,,
5026f037-ddab-4316-8989-4562c6a4c78f,completed,2023-03-06 20:43:42.066461,,
f844d4aa-3198-4f22-951b-40e024aee998,completed,2023-03-06 20:43:42.066461,,
0fa8b80f-fc42-468f-a1df-c0c780ee71c3,completed,2023-03-06 20:43:42.066461,,
36a29c72-738e-488f-bd0e-3a6d2a028757,completed,2023-03-06 20:43:42.066461,,
b37c0154-7cc5-4740-9136-70eeab1b63ce,completed,2023-03-06 20:43:42.066461,,
c0b05569-e519-44d3-a768-33e6bf6740fd,completed,2023-03-06 20:43:42.066461,,
473f35dd-a30c-4523-b6a9-6776e05a565c,completed,2023-03-06 20:43:42.066461,,
1c5f3c02-022d-4d6d-a877-71dcf3b868e9,completed,2023-03-06 20:43:42.066461,,
4ff55523-a993-419a-8eb0-81112a67e2b8,completed,2023-03-06 20:43:42.066461,,
388ca1db-9e34-432b-8bf0-bf214b5251df,completed,2023-03-06 20:43:42.066461,,
9ec575fe-da3b-4bf6-af2a-3ba3a9471580,completed,2023-03-06 20:43:42.066461,,
3b605fa1-cba7-4fe8-a29a-972a24a9ec52,completed,2023-03-06 20:43:42.066461,,
7f8389e3-6aed-4b3e-b1ae-2120029c0286,completed,2023-03-06 20:43:42.066461,,
33117fc4-027c-4f2d-b0fa-3bc68dbaa52c,completed,2023-03-06 20:43:42.066461,,
7ae9f7ac-7bca-445b-b787-da3babbe2e2e,completed,2023-03-06 20:43:42.066461,,
4ee47e92-089b-45d8-996a-944cfe69541b,completed,2023-03-06 20:43:42.066461,,
3fe44381-8e16-483e-9332-a4bdfed38779,completed,2023-03-06 20:43:42.066461,,
7f6c3a8f-ace3-4152-bdb1-b48ca89a92dd,completed,2023-03-06 20:43:42.066461,,
cbee1565-96f2-44cb-8be2-1392e5ac93d6,completed,2023-03-06 20:43:42.066461,,
a6e6e5e1-a4f5-496d-b1a3-b99bbcf058c0,completed,2023-03-06 20:43:42.066461,,
e67ba443-cf58-4c11-a7fd-4683a633aebf,completed,2023-03-06 20:43:42.066461,,
83fa41c6-dade-4171-8ea5-d172317a637a,completed,2023-03-06 20:43:42.066461,,
fef91afb-8536-4907-b9f0-e54e52748646,completed,2023-03-06 20:43:42.066461,,
e1a5a5ad-0777-4d4b-923b-90a07ff74e4d,completed,2023-03-06 20:43:42.066461,,
93e9f784-d81f-450c-a0e6-369335180d8e,completed,2023-03-06 20:43:42.066461,,
6061fb9b-8c50-4929-8315-972e919a4aed,completed,2023-03-06 20:43:42.066461,,
ea96c277-963f-45e8-860b-a619e1d77413,completed,2023-03-06 20:43:42.066461,,
738c2646-23d8-435b-a5e4-fb3e05258899,completed,2023-03-06 20:43:42.066461,,
ac021f10-eabf-4b92-be26-71a16fde80a3,completed,2023-03-06 20:43:42.066461,,
d24e4e1f-0497-4721-b052-8c418eed800c,completed,2023-03-06 20:43:42.066461,,
1b370557-614e-4ae0-9db5-ca3ff1bbb193,completed,2023-03-06 20:43:42.066461,,
b9c72bdc-78f0-429e-9f9e-5b22853b39e3,completed,2023-03-06 20:43:42.066461,,
4d63f56b-7067-40e8-b7b4-45f6b2f7fc70,completed,2023-03-06 20:43:42.066461,,
e386f03f-de08-4791-b3de-2a458071b9eb,completed,2023-03-06 20:43:42.066461,,
2d9e589e-7ca4-4876-a758-764ca93132e4,completed,2023-03-06 20:43:42.066461,,
2a5cd4c3-0d9b-4989-af09-ab4e5858e979,completed,2023-03-06 20:43:42.066461,,
2549e4b1-9a63-4670-aac0-7cc098ffd5fc,completed,2023-03-06 20:43:42.066461,,
6b093a74-8f24-48ed-a141-d0565e25cabb,completed,2023-03-06 20:43:42.066461,,
563c85b4-ef66-4bd6-8965-2d75237529fa,completed,2023-03-06 20:43:42.066461,,
12523219-a104-4941-9def-21bca5e77a24,completed,2023-03-06 20:43:42.066461,,
bf487782-8fb4-4f0c-bdad-f6f5956a8852,completed,2023-03-06 20:43:42.066461,,
78642b5a-e245-47d4-89bd-229d3390ea15,completed,2023-03-06 20:43:42.066461,,
fbba6200-234b-4828-83a5-7c57991641fc,completed,2023-03-06 20:43:42.066461,,
3453fffa-6f51-4615-95f0-d71224f14c44,completed,2023-03-06 20:43:42.066461,,
432f14ce-9356-4cdd-a27e-d1fbdbce168c,completed,2023-03-06 20:43:42.066461,,
966be2bb-3157-4a6b-9d17-265a854daaf9,completed,2023-03-06 20:43:42.066461,,
2c9c1539-f3a2-416a-9082-eae7480678ad,completed,2023-03-06 20:43:42.066461,,
7db0e5ae-7677-4e1c-b72e-cde8e52c9d26,completed,2023-03-06 20:43:42.066461,,
2c03b3ae-b43c-4a0c-887c-e131f1b22974,completed,2023-03-06 20:43:42.066461,,
e71c47bc-5b95-4300-96df-0e88441eaf1f,completed,2023-03-06 20:43:42.066461,,
d8b79f2c-363a-466a-ab5e-cda41069cee7,completed,2023-03-06 20:43:42.066461,,
6d73a0a7-e799-43ad-95f6-483ca0b78dc8,completed,2023-03-06 20:43:42.066461,,
8d770da7-eaab-45eb-817c-66f1e90ba881,completed,2023-03-06 20:43:42.066461,,
82133d6a-2d09-4564-8180-736e79443892,completed,2023-03-06 20:43:42.066461,,
7d843ec9-93a7-4ddf-ba80-ee33e0532057,completed,2023-03-06 20:43:42.066461,,
06ac0b56-3625-496a-a929-1eade8e2e0da,completed,2023-03-06 20:43:42.066461,,
04366402-460a-4b59-ac48-a8272a1dcccd,completed,2023-03-06 20:43:42.066461,,
a522beba-0cc8-445a-88c9-c762321d37ac,completed,2023-03-06 20:43:42.066461,,
5328f565-c219-44a8-9a42-9527be741969,completed,2023-03-06 20:43:42.066461,,
2f4dd61c-5ffa-4f55-bd51-66212c5daa36,completed,2023-03-06 20:43:42.066461,,
b06d0944-666c-4c38-910c-29032a76c1bc,completed,2023-03-06 20:43:42.066461,,
a1afcf37-75f8-4be6-b0be-b8fba3b14929,completed,2023-03-06 20:43:42.066461,,
e25ffef3-abb8-4bfc-a605-0906fe3a3104,completed,2023-03-06 20:43:42.066461,,
1dcccd5d-08d8-42d9-9424-af5595448fb3,completed,2023-03-06 20:43:42.066461,,
ee7b1ca1-333f-464f-b984-06d1950293ef,completed,2023-03-06 20:43:42.066461,,
7c6f75ff-0790-4990-af41-d1a799212632,completed,2023-03-06 20:43:42.066461,,
7d57c3c9-a6cc-4017-908f-c79bb44c137d,completed,2023-03-06 20:43:42.066461,,
8f8eaa4b-e3fb-4e71-a45b-0ff9be3a7a3f,completed,2023-03-06 20:43:42.066461,,
84d946c9-00b0-477a-87cb-624c899cbab4,completed,2023-03-06 20:43:42.066461,,
884a5c1a-d27b-4ced-8cee-24d4a603aa14,completed,2023-03-06 20:43:42.066461,,
336fcda7-4175-4015-964f-822b1f8a66a2,completed,2023-03-06 20:43:42.066461,,
a44fd575-97fc-4526-ac81-3b550132e299,completed,2023-03-06 20:43:42.066461,,
35110edf-2581-470d-85a2-d17038b482d4,completed,2023-03-06 20:43:42.066461,,
24309419-aee8-4b6f-beca-d1d90fbede49,completed,2023-03-06 20:43:42.066461,,
eb0efd1f-7e50-4037-8118-d57761ebae6a,completed,2023-03-06 20:43:42.066461,,
cfaba1cd-a5cb-4767-ab6a-2f0750af9c6a,completed,2023-03-06 20:43:42.066461,,
5ef2c75e-b41d-4e95-b7d1-793f1c8c58a4,completed,2023-03-06 20:43:42.066461,,
ff8076b2-6d8a-4a75-b7b6-267502e8f966,completed,2023-03-06 20:43:42.066461,,
f3c33f52-6b90-4796-9331-0eb786a37fc5,completed,2023-03-06 20:43:42.066461,,
c172bbfe-6f6d-4a75-bfa4-2e0b0734bb34,completed,2023-03-06 20:43:42.066461,,
131649ce-86c5-4093-94a1-948ace5cbe08,completed,2023-03-06 20:43:42.066461,,
37514351-f61d-43b1-ae09-addce75d30e0,completed,2023-03-06 20:43:42.066461,,
06b79211-ddd6-4fa1-9ae6-697caf1ceb2c,completed,2023-03-06 20:43:42.066461,,
948fae7d-41a8-43d0-8800-ace2a4d270b5,completed,2023-03-06 20:43:42.066461,,
ed623462-9eb8-49e3-97c7-663543bc714c,completed,2023-03-06 20:43:42.066461,,
87942eda-9683-4d93-83bc-49b8812edf21,completed,2023-03-06 20:43:42.066461,,
195adec7-722d-45c1-8b1d-3c816f42648c,completed,2023-03-06 20:43:42.066461,,
dc0728d3-1a88-4597-8d4d-d840a0a37d90,completed,2023-03-06 20:43:42.066461,,
2f49df35-3087-45a9-95cd-50b8caf905db,completed,2023-03-06 20:43:42.066461,,
ed17ffaf-28b2-42c2-8e65-443b11341f73,completed,2023-03-06 20:43:42.066461,,
5babf9b7-0c85-4e92-9031-5fff3d993b43,completed,2023-03-06 20:43:42.066461,,
f88d544a-82e7-4766-87bb-4da88e432fe9,completed,2023-03-06 20:43:42.066461,,
03da339b-d6a1-4c44-86fb-71ec30ff64a0,completed,2023-03-06 20:43:42.066461,,
084558e8-5eda-4ccf-84c2-1102b617720a,failed,2023-03-06 20:43:42.066461,,
3f9ceb7e-ad5c-4e85-a48e-a05dd56fc54e,completed,2023-03-06 20:43:42.066461,,
fcc567d0-078e-4e3e-85f6-8d6ea8d0603c,completed,2023-03-06 20:43:42.066461,,
d1a283d3-92ef-4c4f-8bfc-ea5998a2b6d8,completed,2023-03-06 20:43:42.066461,,
7f973858-41cc-4db6-b8fe-240b29677883,completed,2023-03-06 20:43:42.066461,,
02e4911f-7b97-45bf-a7f3-d5f2f0235501,completed,2023-03-06 20:43:42.066461,,
6b1e2b71-19d6-4a39-9c56-6441eed37296,completed,2023-03-06 20:43:42.066461,,
17f76ff2-e80e-41c8-b647-d0b807ed62bc,completed,2023-03-06 20:43:42.066461,,
c20b822a-e01d-47ab-be5c-8e0b7a8b45f0,completed,2023-03-06 20:43:42.066461,,
2067b2b7-e69a-4afb-a4b2-3ec4447cefc6,completed,2023-03-06 20:43:42.066461,,
dcbb2b88-d159-4dcd-98bc-505edda9a2b1,completed,2023-03-06 20:43:42.066461,,
303e3f97-730e-49c2-b13c-eafd841da3a6,completed,2023-03-06 20:43:42.066461,,
84a16dcf-6335-4b1f-b879-c3c228bde37e,completed,2023-03-06 20:43:42.066461,,
c71d8824-17ef-4e56-abf4-7fc3a4a5aa83,completed,2023-03-06 20:43:42.066461,,
f1bb6955-a77f-427e-bfbd-6ef80719a6f7,completed,2023-03-06 20:43:42.066461,,
cfb9c883-b9a9-448c-adc5-b8e6e97047b8,completed,2023-03-06 20:43:42.066461,,
4a61bdb0-4683-4ed6-9e9e-cff260d19520,completed,2023-03-06 20:43:42.066461,,
eac00022-1780-44cf-a90a-e11f5a8061c2,completed,2023-03-06 20:43:42.066461,,
b8380131-4d92-4dc5-ac06-762e79fbc416,completed,2023-03-06 20:43:42.066461,,
ec8d4db4-0041-4f56-89ce-4f39ef021d31,completed,2023-03-06 20:43:42.066461,,
2eae2c09-f220-4c42-bbc4-f512159e8749,completed,2023-03-06 20:43:42.066461,,
401825c5-8559-453c-a780-4769ce43669a,completed,2023-03-06 20:43:42.066461,,
998c5fba-782f-49aa-8f88-06347f117603,completed,2023-03-06 20:43:42.066461,,
3af73e1d-64ae-411d-baa0-0e35859b5229,completed,2023-03-06 20:43:42.066461,,
724b75ba-a653-4677-bbb3-51b0f5d37e54,completed,2023-03-06 20:43:42.066461,,
477d22d7-7758-4bd5-ba82-f4389f543047,completed,2023-03-06 20:43:42.066461,,
ad01ddf2-17a5-4c9a-a7ca-01238c982b0c,completed,2023-03-06 20:43:42.066461,,
2ff2ca05-becb-4104-9db0-dae3654cce9f,completed,2023-03-06 20:43:42.066461,,
eb55dcd3-c956-4e42-8702-855cf96ae638,completed,2023-03-06 20:43:42.066461,,
135baf2d-5524-457b-8ca8-e84fbd2f206d,completed,2023-03-06 20:43:42.066461,,
67941209-c118-48d0-a53f-afa825a342bc,completed,2023-03-06 20:43:42.066461,,
b1af76a9-b5de-41a1-bedf-1d5a7fec830b,completed,2023-03-06 20:43:42.066461,,
aa62f623-e784-40ed-8895-66995a1b8acc,completed,2023-03-06 20:43:42.066461,,
42550c86-fe90-41bd-af48-9bce2cf4a515,completed,2023-03-06 20:43:42.066461,,
7b73a6c5-07f2-43a3-b327-24a27ab450a5,completed,2023-03-06 20:43:42.066461,,
27e4953e-a3a4-4c0a-92a7-7a7a7c773e94,completed,2023-03-06 20:43:42.066461,,
87fe268a-d2f0-4f55-a748-880f9a0355e9,completed,2023-03-06 20:43:42.066461,,
ce44d4e0-7902-47d0-ae25-e1c008a9c653,completed,2023-03-06 20:43:42.066461,,
8a546f5d-d45c-4d90-9e5a-ed9e93f22e1a,failed,2023-03-06 20:43:42.066461,,
186471dd-40bc-4103-b589-fdb3ce34416c,completed,2023-03-06 20:43:42.066461,,
ed9b00d4-2f91-48a2-978e-095744c4adb4,completed,2023-03-06 20:43:42.066461,,
504c2cf2-994e-4a31-8c40-4f91de49c744,completed,2023-03-06 20:43:42.066461,,
3cfbc41b-2936-4d62-9aba-3ca9541ed336,completed,2023-03-06 20:43:42.066461,,
f3257ddc-4bcd-47df-ba5a-175c2b793c72,completed,2023-03-06 20:43:42.066461,,
b4d5a76b-4b2b-4a6d-8950-f06001a8cf6e,completed,2023-03-06 20:43:42.066461,,
ea09f8de-b3fb-4e9f-ac2d-9c126a5b294b,completed,2023-03-06 20:43:42.066461,,
e95bab67-42df-4ad7-ad2b-1ca7c9f675ad,completed,2023-03-06 20:43:42.066461,,
13552fc3-ebf9-4fe6-9da7-e089a2befb92,completed,2023-03-06 20:43:42.066461,,
8822e74a-f17e-4154-aef2-dfd8b67d4b0b,completed,2023-03-06 20:43:42.066461,,
e2f4a99a-7279-43ff-8fc4-e51515d5f366,completed,2023-03-06 20:43:42.066461,,
203e6b1c-b0ac-4e5f-bdd7-27ebdecf0427,completed,2023-03-06 20:43:42.066461,,
c0b8f8b9-d94c-47cd-b131-e822ad2473c6,completed,2023-03-06 20:43:42.066461,,
7e308a5d-8aa8-4ba8-aa1e-27ecbcbd402d,completed,2023-03-06 20:43:42.066461,,
676cc1ec-c48d-454d-b038-a40df74ab08b,completed,2023-03-06 20:43:42.066461,,
bc84aaaf-8eba-444d-bf6c-b2ef373eb8f4,completed,2023-03-06 20:43:42.066461,,
8c7ebbfd-ffac-4b27-87b7-a75aadf652fc,completed,2023-03-06 20:43:42.066461,,
ff587fc9-17de-431f-a610-4b38d98ed0b6,completed,2023-03-06 20:43:42.066461,,
9ca3b70e-207f-42ca-80d2-f1f96aeb0cc7,completed,2023-03-06 20:43:42.066461,,
913a87f2-724e-4053-b6b6-a121144b2103,completed,2023-03-06 20:43:42.066461,,
dd33faff-2cfd-44b6-adae-53d2f29e29fe,completed,2023-03-06 20:43:42.066461,,
3188f63d-caea-451f-b448-ff2d69012ee8,completed,2023-03-06 20:43:42.066461,,
1141a336-2c34-4650-b7ba-b3705632a698,completed,2023-03-06 20:43:42.066461,,
14fd558c-4f4c-4d46-8f27-5bb29f009308,completed,2023-03-06 20:43:42.066461,,
ae6b7ee1-f5e9-4517-b34f-2c48f79f8fee,completed,2023-03-06 20:43:42.066461,,
76445663-bc38-43e3-919b-012bf97a3a58,completed,2023-03-06 20:43:42.066461,,
cf1a38e3-4be0-4194-a861-9d1f72173638,completed,2023-03-06 20:43:42.066461,,
5df0f329-abda-4484-9597-9e5882f1648d,completed,2023-03-06 20:43:42.066461,,
8fed3f62-f404-4144-b597-3b891d8803b0,completed,2023-03-06 20:43:42.066461,,
74006ca9-44a6-4ee8-b55a-d619add3ffde,completed,2023-03-06 20:43:42.066461,,
f54d2fa9-ff3a-44d1-8259-33a9043c575a,completed,2023-03-06 20:43:42.066461,,
6b6b83b9-c7a7-480f-9e0f-ac44d1e7a1cb,completed,2023-03-06 20:43:42.066461,,
6a33bdce-22f2-4b81-a15b-e96e96d441b5,completed,2023-03-06 20:43:42.066461,,
0f06bda7-523a-42f7-ac22-66f031496d08,completed,2023-03-06 20:43:42.066461,,
8be8971f-0b7e-4c8f-9fec-48d5bccb119c,completed,2023-03-06 20:43:42.066461,,
33e4e847-37db-4743-b2e4-af8c1d8fcc4d,completed,2023-03-06 20:43:42.066461,,
8e06febc-40f6-4eb5-92f0-c17d331e89a2,completed,2023-03-06 20:43:42.066461,,
096149ac-ecb9-4bce-870b-052ca3c07ce7,completed,2023-03-06 20:43:42.066461,,
ce61e536-3cfc-46d3-b581-e48e2c321f49,completed,2023-03-06 20:43:42.066461,,
5d898ba5-5be1-47fd-b33f-80919dc1612a,completed,2023-03-06 20:43:42.066461,,
25a8872c-975a-44e6-8a41-eebbb7756253,completed,2023-03-06 20:43:42.066461,,
83bdfc5f-47f9-4307-a1c6-b576354e7861,completed,2023-03-06 20:43:42.066461,,
8acc63ec-5a31-42fc-b16b-dc78899ce81b,completed,2023-03-06 20:43:42.066461,,
861aaf81-cb6b-4839-984a-9a924820db9e,completed,2023-03-06 20:43:42.066461,,
05a10e63-3bf5-4a82-87d7-5d03fd0f1e28,completed,2023-03-06 20:43:42.066461,,
0e64e847-e9e3-4a02-a1c6-adbc5caa3b04,completed,2023-03-06 20:43:42.066461,,
56db278b-588e-48bc-936d-c25a0ff9380e,completed,2023-03-06 20:43:42.066461,,
a3939491-34c1-4496-aa3c-d2ed92e96f32,completed,2023-03-06 20:43:42.066461,,
75553e25-66cc-41e7-9ce4-47852172b04f,completed,2023-03-06 20:43:42.066461,,
25c3a492-a53a-4020-a380-7712532eba15,completed,2023-03-06 20:43:42.066461,,
6638a525-46a6-4988-ad59-ea8a1d4ab19d,completed,2023-03-06 20:43:42.066461,,
f8e4954b-6672-4d7b-9e71-aa5745ea7fcd,completed,2023-03-06 20:43:42.066461,,
42452c2f-5eca-4fc7-9d11-9baac4210552,completed,2023-03-06 20:43:42.066461,,
f79ad88b-67ac-4796-b496-f16d4c1d867a,completed,2023-03-06 20:43:42.066461,,
86e64b5a-fc8c-4269-ad86-74728d8b5922,completed,2023-03-06 20:43:42.066461,,
f63f3349-d837-40b6-bf24-4df4776b9e9d,completed,2023-03-06 20:43:42.066461,,
edb6670a-231a-4dd7-ad5f-b7a5b8521927,completed,2023-03-06 20:43:42.066461,,
e47298b3-18c0-47c6-9116-32d30738c23b,completed,2023-03-06 20:43:42.066461,,
d966bbcf-7c13-4e24-b64c-11d891a4a1ad,completed,2023-03-06 20:43:42.066461,,
edda2d84-0907-4837-aa5f-7ba2653dbeb3,completed,2023-03-06 20:43:42.066461,,
b27c6fb6-73ba-44be-96a4-de128b5977b8,completed,2023-03-06 20:43:42.066461,,
fa27be2a-7b09-4296-af86-4be7c14d8089,completed,2023-03-06 20:43:42.066461,,
67d1d6b6-8baf-4ac1-8466-87acd9ca9513,completed,2023-03-06 20:43:42.066461,,
5343ffbf-6ccb-43eb-aab5-43b19ac2aa04,completed,2023-03-06 20:43:42.066461,,
4a3f11e7-e6ed-4ee6-a384-78d972ae7375,completed,2023-03-06 20:43:42.066461,,
04120246-971f-4e04-aa71-58d2bcacae35,completed,2023-03-06 20:43:42.066461,,
e760db09-729f-4443-9552-faa226754293,completed,2023-03-06 20:43:42.066461,,
0d031491-b71a-48f5-a6d8-d535d24777a9,completed,2023-03-06 20:43:42.066461,,
0df85bc0-0126-418e-adf1-1db782a0b695,completed,2023-03-06 20:43:42.066461,,
ffb39202-aa77-45b6-95b5-4848905e138e,completed,2023-03-06 20:43:42.066461,,
c9580705-dd86-485f-bd6e-c402d2be3f68,completed,2023-03-06 20:43:42.066461,,
164fdcb3-c88d-44c6-b5a6-e6d47df45735,completed,2023-03-06 20:43:42.066461,,
a77f745a-9a42-4da4-98e8-1c3f9089dce5,completed,2023-03-06 20:43:42.066461,,
40ebeff6-4734-4475-9515-1723ec5b2f88,completed,2023-03-06 20:43:42.066461,,
13f4a6dc-ce6e-4c36-b7ef-c5f7e565e2a7,completed,2023-03-06 20:43:42.066461,,
ce330cdb-d3e7-424b-ab27-16ab64244ed1,completed,2023-03-06 20:43:42.066461,,
5ea4fa41-df1b-4efe-82d0-008b0c9de3c7,completed,2023-03-06 20:43:42.066461,,
226acf2c-ec47-4808-93cf-ab92a1eceede,completed,2023-03-06 20:43:42.066461,,
82818fd9-ff39-4fc3-a769-bfcf49cbbbe4,completed,2023-03-06 20:43:42.066461,,
375608e4-fa82-4da1-8139-7f786daf4a8c,completed,2023-03-06 20:43:42.066461,,
1b80dfbe-bb24-487f-96fe-e32542959e0b,completed,2023-03-06 20:43:42.066461,,
014214f7-0589-4edc-9eee-ca43f027ad8a,completed,2023-03-06 20:43:42.066461,,
e100de48-4fbb-4a85-bd0d-a2e3886c09ce,completed,2023-03-06 20:43:42.066461,,
d146936f-517a-44d9-9d18-f1b24a506c99,completed,2023-03-06 20:43:42.066461,,
487c2c3a-43dd-4ca2-a914-c1116f2c676a,completed,2023-03-06 20:43:42.066461,,
f45d4714-e5fd-40f7-a4c4-eba1141d2dba,completed,2023-03-06 20:43:42.066461,,
61f8691d-c864-4f1a-8981-0b4f94fa8974,completed,2023-03-06 20:43:42.066461,,
88d0f2f1-0c20-47f6-90db-66ebac5e5ebb,completed,2023-03-06 20:43:42.066461,,
5cd5fbe3-5013-4b1e-9590-f7251c1a61d8,completed,2023-03-06 20:43:42.066461,,
4ee63f98-0742-4c77-9fe5-7d1aa9f612f1,completed,2023-03-06 20:43:42.066461,,
471b017a-457e-4a6e-a879-3c117793c702,completed,2023-03-06 20:43:42.066461,,
e566bc6a-4aee-400c-97fc-d6cb961bb398,completed,2023-03-06 20:43:42.066461,,
30277ae5-7da2-4011-941e-7b16feb068a7,completed,2023-03-06 20:43:42.066461,,
d39f5622-ffb7-4440-bccd-f8cb910538e9,completed,2023-03-06 20:43:42.066461,,
7a7226e0-9ccf-4df6-a9e4-999d3b005bfb,completed,2023-03-06 20:43:42.066461,,
247609cc-1877-4001-a985-65b1421ea2ea,completed,2023-03-06 20:43:42.066461,,
ac72bfb9-25a1-42db-b365-130077edc0f6,completed,2023-03-06 20:43:42.066461,,
0a9022fb-9de8-4b69-8d0e-d826c7b4766e,completed,2023-03-06 20:43:42.066461,,
31688083-cc6a-4954-b1ea-9108d1aae4a9,completed,2023-03-06 20:43:42.066461,,
b91bb8d9-9445-42eb-b300-8028576bae40,completed,2023-03-06 20:43:42.066461,,
8a80a5ca-3673-4864-bffc-01859d443176,completed,2023-03-06 20:43:42.066461,,
de1768d2-48fe-42ce-bb4b-47b1d704c914,completed,2023-03-06 20:43:42.066461,,
1f94bd83-2db2-4cb1-8ab8-a72a1c833222,completed,2023-03-06 20:43:42.066461,,
b9769085-9142-4b3c-8f49-7bb1b0c1014f,completed,2023-03-06 20:43:42.066461,,
687d3ef9-53a2-47a5-b0f1-aba457d3f025,completed,2023-03-06 20:43:42.066461,,
107ee698-688e-4531-b2b7-9347b7f73fc3,completed,2023-03-06 20:43:42.066461,,
744819c5-fa74-4bb0-8089-9e882c0b91bc,completed,2023-03-06 20:43:42.066461,,
becd7a31-739d-4c2a-a869-e15f5af7062e,completed,2023-03-06 20:43:42.066461,,
f5da1a71-5583-4baa-97b9-a3f758de6fc3,completed,2023-03-06 20:43:42.066461,,
8e6b4026-4f83-4d10-9e00-b7f423a62a5a,completed,2023-03-06 20:43:42.066461,,
516afbfb-c5a6-45f4-aea8-51ef99ff5f33,completed,2023-03-06 20:43:42.066461,,
1f4438c8-d795-4555-99ad-4621eace0e4a,completed,2023-03-06 20:43:42.066461,,
f88d42f8-8783-4709-8ed9-716997080869,completed,2023-03-06 20:43:42.066461,,
3f0c0feb-6fff-4f8d-9f34-d52d50dfa6bd,completed,2023-03-06 20:43:42.066461,,
d5353abf-d0f8-4b9e-b6cf-25a63c510ca9,completed,2023-03-06 20:43:42.066461,,
2e41e62b-d01d-44bf-a780-8e81ec3ea0fc,completed,2023-03-06 20:43:42.066461,,
80c6b967-adca-42cd-ab56-5ea74700c6a5,completed,2023-03-06 20:43:42.066461,,
0ac35199-861b-478b-938c-b5e546a9746a,completed,2023-03-06 20:43:42.066461,,
3c0d6946-db09-4e5c-a288-7636a0fe5f4b,completed,2023-03-06 20:43:42.066461,,
a54df08f-ebe9-42d5-89c8-b704a2b590ac,completed,2023-03-06 20:43:42.066461,,
a4894235-1791-49ef-891d-ae0370a70a29,completed,2023-03-06 20:43:42.066461,,
bb3a78ca-b9e0-42e2-88e7-e72c98e82371,completed,2023-03-06 20:43:42.066461,,
3200b928-a742-4530-83c8-867f9a28a53a,completed,2023-03-06 20:43:42.066461,,
85d252ec-4ccc-4286-86d9-8ed47aa1d3e5,completed,2023-03-06 20:43:42.066461,,
258bfcbe-4d95-45fd-ba8a-4c20957e96ef,completed,2023-03-06 20:43:42.066461,,
e969a827-7fc1-4080-8d0c-30084fea6c8a,completed,2023-03-06 20:43:42.066461,,
c0ecda4e-3425-4d3b-80b2-ff781f3b3233,completed,2023-03-06 20:43:42.066461,,
657beb13-a485-4032-8389-629cc3f5d924,completed,2023-03-06 20:43:42.066461,,
4dbec17c-f634-428e-b8ef-4e107448adbe,completed,2023-03-06 20:43:42.066461,,
f046d9bf-412c-4c0b-b1e4-2def15961e48,completed,2023-03-06 20:43:42.066461,,
376a604f-2454-4af8-a7e8-b9449ed4447c,completed,2023-03-06 20:43:42.066461,,
e7c2597e-30ae-4381-9d1e-381e98959c35,completed,2023-03-06 20:43:42.066461,,
09e7d8f0-c116-4376-8cad-66811b38dc8f,completed,2023-03-06 20:43:42.066461,,
1b6e1e47-d722-4a2e-b221-923640ac5550,completed,2023-03-06 20:43:42.066461,,
cff60d7d-0b6c-468a-bb13-4fbcb5e27853,completed,2023-03-06 20:43:42.066461,,
d0a82c56-ff47-4fed-962e-41295e4c597a,completed,2023-03-06 20:43:42.066461,,
91d4e54c-e159-4188-a670-1bb1143a5d99,completed,2023-03-06 20:43:42.066461,,
28654618-cf8e-4249-911b-4dac8cec8f85,completed,2023-03-06 20:43:42.066461,,
1f48012e-18b8-455d-8529-214e4d023b98,completed,2023-03-06 20:43:42.066461,,
3d6f500d-ae85-4ab6-b4d2-37d131de1387,completed,2023-03-06 20:43:42.066461,,
87d30a92-4a48-4963-a740-c6faf8fbbfe3,completed,2023-03-06 20:43:42.066461,,
5abf6194-5dcc-4b23-bc88-80adb9c47b61,completed,2023-03-06 20:43:42.066461,,
9e682de7-b04c-49bd-b23a-9f4d70bdb157,completed,2023-03-06 20:43:42.066461,,
e362ffc6-0717-454b-a4c9-244cfc826b7a,completed,2023-03-06 20:43:42.066461,,
89c8037c-b982-43a3-9bc1-c28ca6d1f004,completed,2023-03-06 20:43:42.066461,,
3d0d4eac-6e9f-4630-9a03-31329bf0add7,completed,2023-03-06 20:43:42.066461,,
c566f7f9-93a4-4c85-9f25-294d5a3ee96e,completed,2023-03-06 20:43:42.066461,,
eeb243cd-9f66-4e55-8bb0-324504a190b0,completed,2023-03-06 20:43:42.066461,,
08c4f99e-c56c-46eb-980e-2cd966acaa8f,completed,2023-03-06 20:43:42.066461,,
2d60df05-c427-4c69-aa92-45cc70109208,completed,2023-03-06 20:43:42.066461,,
ed225e3c-0fff-45d3-9ddf-a3ad3ad8097c,completed,2023-03-06 20:43:42.066461,,
c39b73c5-b092-4b25-a84b-72bbc935f6fb,completed,2023-03-06 20:43:42.066461,,
1cb2302f-c9c0-4551-9267-f7045eec3623,completed,2023-03-06 20:43:42.066461,,
14f4b82f-97df-45a4-9ab1-7d33e9ada743,completed,2023-03-06 20:43:42.066461,,
e7358901-807d-4d1b-8dd2-50871651d5ec,completed,2023-03-06 20:43:42.066461,,
24329ab6-84ed-46d6-a82c-f4b261f3a034,completed,2023-03-06 20:43:42.066461,,
bfd1e396-d0bb-4586-9844-02be87f6b997,completed,2023-03-06 20:43:42.066461,,
f9e6a256-f175-4258-ba43-0e96cc2bd451,completed,2023-03-06 20:43:42.066461,,
873698e4-84f4-41b4-a570-c42e7ac9343a,completed,2023-03-06 20:43:42.066461,,
aa15987d-e8fb-4d56-a7ab-7a509ed5b885,completed,2023-03-06 20:43:42.066461,,
71a2a2f9-2969-4b86-804c-1b26772215a1,completed,2023-03-06 20:43:42.066461,,
b3c1d576-a1ec-4582-b75e-8a160ee4c773,completed,2023-03-06 20:43:42.066461,,
5691be67-15e4-406d-9c2f-d38c057a64d8,completed,2023-03-06 20:43:42.066461,,
9928ef8a-3fa4-4e75-bb12-7b604fcc4679,completed,2023-03-06 20:43:42.066461,,
a1fddcbf-b70f-4de7-a2be-e90a13f7408d,completed,2023-03-06 20:43:42.066461,,
ce210b8c-01ee-4d71-bd8d-b5e8b721d576,completed,2023-03-06 20:43:42.066461,,
96fd3efd-5450-4e32-a769-c0117e0aa54d,completed,2023-03-06 20:43:42.066461,,
f92d1db2-412f-491e-a20f-b0f6fdfddbeb,completed,2023-03-06 20:43:42.066461,,
f84b2fe5-49fb-477c-a2e8-2685397f3ad1,completed,2023-03-06 20:43:42.066461,,
088a5d7c-042b-476a-a2c2-699d6d92cef7,completed,2023-03-06 20:43:42.066461,,
f115c586-29d9-4f0a-acf3-ff7336047eba,failed,2023-03-06 20:43:42.066461,,
afd5936a-262b-4dd1-9410-17f7208abec7,completed,2023-03-06 20:43:42.066461,,
119532e4-653e-44a9-ba92-dbb993d5d404,completed,2023-03-06 20:43:42.066461,,
77103e6b-953d-4691-837b-2dbb7c7e4c3c,completed,2023-03-06 20:43:42.066461,,
c953eb74-293f-42a4-8cde-2c2af1799768,completed,2023-03-06 20:43:42.066461,,
c96c468d-1c80-4c22-80e7-8293b99ebf68,completed,2023-03-06 20:43:42.066461,,
15681d03-27da-4575-ad5a-c30514e3c41d,completed,2023-03-06 20:43:42.066461,,
7bc12beb-8d6c-4003-aa2d-2fb7a0b12295,completed,2023-03-06 20:43:42.066461,,
370b59e4-f927-4cff-bff4-4af99b6ccc0c,completed,2023-03-06 20:43:42.066461,,
9ee635ab-3b24-4671-8aac-51a0b0456fcf,completed,2023-03-06 20:43:42.066461,,
2eb78aa5-885e-48af-9524-27f1565c3761,completed,2023-03-06 20:43:42.066461,,
2e4dc2ae-4148-4add-b63d-5401d8951be8,completed,2023-03-06 20:43:42.066461,,
d07c19a9-a783-4f4d-8390-668bcbcd3203,completed,2023-03-06 20:43:42.066461,,
a81f158f-48a6-4953-89c7-ddea2593b7c1,completed,2023-03-06 20:43:42.066461,,
75571ccd-6faa-4f8c-a615-112803247939,completed,2023-03-06 20:43:42.066461,,
03d6d2ca-e1eb-4e9d-a63c-e7d31ea3a0ce,completed,2023-03-06 20:43:42.066461,,
de679f66-5dcd-4f71-9d98-4a758eb1cf6d,completed,2023-03-06 20:43:42.066461,,
7a426d65-f44e-4343-b9d8-0595014e7efb,completed,2023-03-06 20:43:42.066461,,
fd3e6c71-e77d-4a8b-a1d1-44d3aac4e182,completed,2023-03-06 20:43:42.066461,,
36d88ac3-a110-46c1-ab9a-79fe6ef543de,completed,2023-03-06 20:43:42.066461,,
1e7c8047-295c-4eed-ac26-e8dea65e333e,completed,2023-03-06 20:43:42.066461,,
fab3eb9d-f7da-4a38-bb59-6412d3310248,completed,2023-03-06 20:43:42.066461,,
18a30903-8090-48df-8936-0132ef7afc09,completed,2023-03-06 20:43:42.066461,,
b7a3af52-3086-40f7-ae96-41bad52b3331,completed,2023-03-06 20:43:42.066461,,
0cc97aea-a71f-47c5-af73-003415f9d6fd,completed,2023-03-06 20:43:42.066461,,
4c142bb0-aea8-48ec-90a0-5c54996e6485,completed,2023-03-06 20:43:42.066461,,
70f43a4d-9687-4fdf-b4c3-2670f7879c90,completed,2023-03-06 20:43:42.066461,,
2849f464-5e7d-4f42-9a4d-9cf4734e5f57,completed,2023-03-06 20:43:42.066461,,
16da41c2-126b-413e-a886-8033c617bc0e,completed,2023-03-06 20:43:42.066461,,
d8a85638-6b45-4b7c-9015-10eb6a88b374,completed,2023-03-06 20:43:42.066461,,
a3122e10-9eaa-458d-8174-874e837e3438,completed,2023-03-06 20:43:42.066461,,
f07efadc-0fdc-4f00-8838-f884146d7c3d,completed,2023-03-06 20:43:42.066461,,
b069ac14-bb37-4b40-8ae4-2af930955261,completed,2023-03-06 20:43:42.066461,,
778b6dc5-78c4-48fd-b8b6-49d04914a4d7,completed,2023-03-06 20:43:42.066461,,
ac031c2c-fb2d-433f-ade4-7ed995eb6b56,completed,2023-03-06 20:43:42.066461,,
1dc83950-de61-44ce-9bd0-535f6999c917,completed,2023-03-06 20:43:42.066461,,
b8709915-ad24-4683-a377-a97cd08dfe1b,completed,2023-03-06 20:43:42.066461,,
92242915-3fa2-4b89-958b-1841f2e3cda8,completed,2023-03-06 20:43:42.066461,,
04c5eb1c-e734-4e7a-8719-67d4ae79a837,completed,2023-03-06 20:43:42.066461,,
f81f2864-3428-4f7e-90e6-de3e0b6b9586,completed,2023-03-06 20:43:42.066461,,
474e9433-e10c-4b04-bb92-2e2225d262a1,completed,2023-03-06 20:43:42.066461,,
959ad399-a2d7-4375-99a8-e50f1df27959,completed,2023-03-06 20:43:42.066461,,
c3629247-c1c1-46a5-b579-6a034e62b307,completed,2023-03-06 20:43:42.066461,,
20d49756-f5fb-44ca-9d19-231bbb54f827,completed,2023-03-06 20:43:42.066461,,
3251f8c2-45e4-4959-b48d-bbca73ea6fc4,completed,2023-03-06 20:43:42.066461,,
78e3692a-761c-40a8-ba7a-e7dcfb4f717e,completed,2023-03-06 20:43:42.066461,,
4d733e1e-879f-4e67-960e-81be6d4ecbc3,completed,2023-03-06 20:43:42.066461,,
e13e7efb-ee92-40e1-a041-c3fda72af365,completed,2023-03-06 20:43:42.066461,,
357204a3-8767-4a1e-9e43-1ae8418ba292,completed,2023-03-06 20:43:42.066461,,
1539e42b-67db-48c1-8fdf-21b6967226b9,completed,2023-03-06 20:43:42.066461,,
77a3f44c-ef63-429c-8670-dad2eb65fa8f,completed,2023-03-06 20:43:42.066461,,
d4e5d858-858d-4596-af25-becdb8a4f76b,completed,2023-03-06 20:43:42.066461,,
42de376c-e395-4be8-89fc-5b876cbdaf92,completed,2023-03-06 20:43:42.066461,,
6b3e906c-230c-402f-bcef-bbbe8e06efe4,completed,2023-03-06 20:43:42.066461,,
0b3ce904-e329-44d7-8ef7-6075db761afb,completed,2023-03-06 20:43:42.066461,,
905ba4e6-5ff3-4db4-8821-00a7300d7908,completed,2023-03-06 20:43:42.066461,,
258b6049-7007-4a24-b984-c62baec46c78,completed,2023-03-06 20:43:42.066461,,
ad40a112-110c-40b7-93b7-34b2e7e49642,completed,2023-03-06 20:43:42.066461,,
fca49a02-19b2-403b-8ffe-59ff658bf2d0,completed,2023-03-06 20:43:42.066461,,
51a13603-1b48-417b-848a-198aa69cc8b4,completed,2023-03-06 20:43:42.066461,,
84119669-6f28-4280-950b-e4bacf804fc6,completed,2023-03-06 20:43:42.066461,,
c4e5fcae-d1fd-4724-8876-54c8961a1d5a,completed,2023-03-06 20:43:42.066461,,
1c4261ec-ce52-4e82-9dee-ede8edd11d5a,completed,2023-03-06 20:43:42.066461,,
f7adedae-c266-427c-af40-59713b32a01e,completed,2023-03-06 20:43:42.066461,,
e8aba75e-d3ed-4762-9fc8-f7af3099ca07,completed,2023-03-06 20:43:42.066461,,
ad26413c-ded9-477a-aa21-48214228c3c4,completed,2023-03-06 20:43:42.066461,,
e3d44ac7-c671-4cba-9aae-b3eb7e52edef,completed,2023-03-06 20:43:42.066461,,
96cc7579-a295-4c80-8737-552cdaf08222,completed,2023-03-06 20:43:42.066461,,
b1b38892-a8b3-420a-81c9-08dd7a242d00,completed,2023-03-06 20:43:42.066461,,
318e35a6-1a9c-487f-a816-488286637412,completed,2023-03-06 20:43:42.066461,,
1fc652c8-6d0b-40a5-8036-da506f12feb1,completed,2023-03-06 20:43:42.066461,,
d90b9144-0349-43a7-b580-ae312cf75275,completed,2023-03-06 20:43:42.066461,,
ed8fa461-41ba-45d7-9e31-4fecf96801fe,completed,2023-03-06 20:43:42.066461,,
c5a35eff-9791-4be0-8405-d1bbfb5bcfe8,completed,2023-03-06 20:43:42.066461,,
9ad7b6d3-97d4-434e-a4cb-84c235dd6a66,completed,2023-03-06 20:43:42.066461,,
ce83e820-4737-460a-9ef3-96d0fa5315e7,completed,2023-03-06 20:43:42.066461,,
48074961-99d9-4aaa-ae33-117d7b09314c,completed,2023-03-06 20:43:42.066461,,
1cc47394-e5c9-45fa-8952-2d2924aeeed3,completed,2023-03-06 20:43:42.066461,,
9041d3ea-caec-401f-ba7c-fd7f0f246ddf,completed,2023-03-06 20:43:42.066461,,
6c36110c-9b41-4f3b-ae84-38fbf1647297,completed,2023-03-06 20:43:42.066461,,
19110afa-efd6-43e1-9b1c-7c650a170cf9,completed,2023-03-06 20:43:42.066461,,
3f644425-3ef0-436e-9ec5-5ee0ae27c65d,completed,2023-03-06 20:43:42.066461,,
d4a4066c-633f-41a1-8e90-48591a8bcd12,completed,2023-03-06 20:43:42.066461,,
a1b1c00d-cf5e-4afa-9f79-d962b3ac7c96,completed,2023-03-06 20:43:42.066461,,
02099bd0-d7bb-47ed-8f61-e4e425ad5e36,completed,2023-03-06 20:43:42.066461,,
51d1f386-354a-41f7-809e-f96a20c6bb55,completed,2023-03-06 20:43:42.066461,,
4d402fde-5dc9-4681-ab81-ee8279e2ce98,completed,2023-03-06 20:43:42.066461,,
b909ad7a-f9f1-411f-bd49-61a45490225d,completed,2023-03-06 20:43:42.066461,,
10b544cf-9f30-45ae-a3e4-e79ddeb2c72c,completed,2023-03-06 20:43:42.066461,,
a56aaccb-14b2-428c-b43c-3e19ffcde372,completed,2023-03-06 20:43:42.066461,,
3b62614e-d860-4aa6-a469-e50c534c9d3d,completed,2023-03-06 20:43:42.066461,,
b5375f01-b415-4519-9a89-3a98660cb0a9,completed,2023-03-06 20:43:42.066461,,
b84efba2-5294-4800-8fba-2e885d9b5dcb,completed,2023-03-06 20:43:42.066461,,
22419d1f-2784-4d22-9101-73985bcefbe0,completed,2023-03-06 20:43:42.066461,,
6ea244ad-ea61-415f-8ba0-8665b03eb8c5,completed,2023-03-06 20:43:42.066461,,
4035c12b-97ef-4b82-9125-666b94fa7cad,completed,2023-03-06 20:43:42.066461,,
e3debcd6-1207-479e-b423-98481ea6a043,completed,2023-03-06 20:43:42.066461,,
7f4129a6-edf7-4ac2-a2e7-cc2ef3aa98da,completed,2023-03-06 20:43:42.066461,,
e7ef9328-30df-4e42-b08d-e53d0e230aa2,completed,2023-03-06 20:43:42.066461,,
110709de-0b92-401e-8531-49f1460f6cb2,completed,2023-03-06 20:43:42.066461,,
276b23e0-0656-42ad-91be-cce418129bec,completed,2023-03-06 20:43:42.066461,,
bb1e9226-5029-4a06-b530-f974ecb99586,completed,2023-03-06 20:43:42.066461,,
a7db95a0-c23b-47b1-bc7d-365f49ae3774,completed,2023-03-06 20:43:42.066461,,
65b5d49f-247a-44a8-b23a-6b9b46f3718b,completed,2023-03-06 20:43:42.066461,,
b18ec7ff-e879-45e1-a947-e0f55d8d6a95,completed,2023-03-06 20:43:42.066461,,
95329e60-271a-45ed-860c-c308d88d96ac,completed,2023-03-06 20:43:42.066461,,
f9f42496-ec41-4ee2-9c6c-89b3fb117bb4,completed,2023-03-06 20:43:42.066461,,
208cbf77-5611-4bf9-be10-1d3f391d33af,completed,2023-03-06 20:43:42.066461,,
f28e82bb-bc31-450d-8155-094e36e17cf2,completed,2023-03-06 20:43:42.066461,,
fa2d4341-92cd-44b2-9522-ba4aebebdf95,completed,2023-03-06 20:43:42.066461,,
92a8e64e-fd51-4a97-9adc-f5434d981e77,completed,2023-03-06 20:43:42.066461,,
6cd5191e-afe6-400c-b489-d9f40ab5a60d,completed,2023-03-06 20:43:42.066461,,
0d37a60b-9ed0-4d64-a77b-cef9b9b1360b,completed,2023-03-06 20:43:42.066461,,
9ce3ec26-dabc-47ec-bea8-9585da310bfc,completed,2023-03-06 20:43:42.066461,,
a010430d-78b8-4cb3-bcb8-bda7002fce2e,completed,2023-03-06 20:43:42.066461,,
ef48b7c6-c1f3-433e-99a1-cb9303722b4b,completed,2023-03-06 20:43:42.066461,,
1f64b2df-4fdb-4be5-a8e9-f2f0e9136133,completed,2023-03-06 20:43:42.066461,,
70c03de9-a639-4162-9b97-cdca95b6d841,completed,2023-03-06 20:43:42.066461,,
5a273b74-9848-4ad0-a2ca-7f322c8379db,completed,2023-03-06 20:43:42.066461,,
5b7badff-3f1c-4b21-8f7f-c70391461a80,completed,2023-03-06 20:43:42.066461,,
d2b6b918-ca25-43b9-8000-2197831a454e,completed,2023-03-06 20:43:42.066461,,
e4a02640-321d-4a7e-a702-e26ea2a07b6f,completed,2023-03-06 20:43:42.066461,,
7f3d9270-5e8b-4737-8331-b67f8f7962b1,completed,2023-03-06 20:43:42.066461,,
92e65cdf-9d8f-4412-a0d5-1113a83142bf,completed,2023-03-06 20:43:42.066461,,
ea96cd21-42fc-4ca1-bff7-37293fd01e98,completed,2023-03-06 20:43:42.066461,,
52b4869d-a534-4959-9ef3-88ae2488d77c,completed,2023-03-06 20:43:42.066461,,
8fc992e9-2493-4eb4-863e-ec2df0a3882a,completed,2023-03-06 20:43:42.066461,,
c6988bf2-7780-4bea-9891-65dae39345b7,completed,2023-03-06 20:43:42.066461,,
bc979e71-9366-44ce-a94b-6d73b6d58b84,completed,2023-03-06 20:43:42.066461,,
826732ee-b130-4836-8adc-c9111923d3b5,completed,2023-03-06 20:43:42.066461,,
f0568cf6-aa31-4b65-bbe3-fc234d450a09,completed,2023-03-06 20:43:42.066461,,
c8f58b5a-e079-41a7-9bc4-e1423d4e9352,completed,2023-03-06 20:43:42.066461,,
48d0c402-25db-4d1a-973f-bccd41a3a296,completed,2023-03-06 20:43:42.066461,,
ec038c5d-b140-450a-94fb-359f2ed34168,completed,2023-03-06 20:43:42.066461,,
edea0ac3-c6b5-406e-ba0e-7f06c0a848b8,completed,2023-03-06 20:43:42.066461,,
ddfeeaa5-6457-4c65-88cc-3ec7242b9a79,completed,2023-03-06 20:43:42.066461,,
1c41d53a-1d7c-4f6b-a048-4bb74fbcff0c,completed,2023-03-06 20:43:42.066461,,
8e5b0bce-daed-46e3-8ec6-781d148fd40c,completed,2023-03-06 20:43:42.066461,,
afbcdcea-e979-49a2-a556-e3c43a5cc082,completed,2023-03-06 20:43:42.066461,,
86512d53-3e83-4125-b83a-7e31fd55b55e,completed,2023-03-06 20:43:42.066461,,
c3612b9d-08b7-4e85-8b50-2c4567bd72b9,completed,2023-03-06 20:43:42.066461,,
07d5cb81-a70b-4944-84e5-ff38757e9130,completed,2023-03-06 20:43:42.066461,,
39087402-5aac-4128-bb00-60f17422b1ac,completed,2023-03-06 20:43:42.066461,,
92735f87-ca4c-472b-81c5-421a86c2c09f,completed,2023-03-06 20:43:42.066461,,
50cdafc9-6c59-4dbf-b805-9df562b826d4,completed,2023-03-06 20:43:42.066461,,
d0b39bc0-0a65-4fbb-a050-c5687532afe3,completed,2023-03-06 20:43:42.066461,,
82481dd0-7cd9-453b-a342-42af2dfae8d5,completed,2023-03-06 20:43:42.066461,,
0b6864d1-c35f-4b09-b629-50d3bb3986a0,completed,2023-03-06 20:43:42.066461,,
d8e70406-f21b-4d35-9ab9-a9a9cef0623b,completed,2023-03-06 20:43:42.066461,,
293d1863-b169-49da-8d5c-acc5d972ae1e,completed,2023-03-06 20:43:42.066461,,
94c45072-d661-4157-9e9d-ee0b2eb78bde,completed,2023-03-06 20:43:42.066461,,
4b3fbfa7-ace5-4ff7-abdd-c07f98dea9e6,completed,2023-03-06 20:43:42.066461,,
d7822216-d4b6-4ad3-a09a-e2f8e5c24fd8,completed,2023-03-06 20:43:42.066461,,
cafc4f95-7a44-4c76-aae3-c4de521cf1a0,completed,2023-03-06 20:43:42.066461,,
1a197bb6-ef12-4040-b7e0-9ef6fb3e1e11,completed,2023-03-06 20:43:42.066461,,
c565697a-1c7a-4ab3-b086-b550764cad80,completed,2023-03-06 20:43:42.066461,,
c74e9094-c830-4bf8-a225-6cdc85d76596,completed,2023-03-06 20:43:42.066461,,
4c87429f-064e-4f3f-b187-3e977967feb8,completed,2023-03-06 20:43:42.066461,,
f2c62974-93d4-4a79-afe2-84ef4f7982f2,completed,2023-03-06 20:43:42.066461,,
98baf627-4808-4ba7-9ba6-c0083fbe7881,completed,2023-03-06 20:43:42.066461,,
ba5cd3aa-ed48-4376-a04e-e7e9f59874ba,completed,2023-03-06 20:43:42.066461,,
36e2d378-fa07-48dc-b521-0f5956ac2dbe,completed,2023-03-06 20:43:42.066461,,
2292be14-6740-4fe9-b86e-ef5ca6b6d406,completed,2023-03-06 20:43:42.066461,,
6a197c08-da29-48a9-a99c-d7c76fb4d77e,completed,2023-03-06 20:43:42.066461,,
fcc3a481-6a46-4afb-9b55-fdc494977ea2,completed,2023-03-06 20:43:42.066461,,
0eef6df4-d4c0-40a0-a7df-e3b11d6e3907,completed,2023-03-06 20:43:42.066461,,
104efcb7-a712-4da5-8922-880ec9dd31cc,completed,2023-03-06 20:43:42.066461,,
d7249dbe-5bac-48e4-93ec-b931b9931841,completed,2023-03-06 20:43:42.066461,,
530c0eeb-97af-45ed-9788-45869d21e220,completed,2023-03-06 20:43:42.066461,,
0f2ca40a-a9c8-427c-baca-c71d9d9e4323,failed,2023-03-06 20:43:42.066461,,
0afcf2ce-7234-4e14-b3f3-a78b7a99bc44,completed,2023-03-06 20:43:42.066461,,
3fb751d2-2c18-40bd-b1db-1f0b3eb30f14,completed,2023-03-06 20:43:42.066461,,
c2f8e595-9679-4458-9bcc-67273d324d01,completed,2023-03-06 20:43:42.066461,,
714e061f-340d-4fce-89aa-e1b4cfce02b5,completed,2023-03-06 20:43:42.066461,,
0ec5c54e-6091-41f3-b081-0b963d96fcfb,completed,2023-03-06 20:43:42.066461,,
45947cdd-9fb2-4279-9344-26b98d17014f,completed,2023-03-06 20:43:42.066461,,
e3131ccb-6efd-47cd-b0a5-e101008aa6a9,completed,2023-03-06 20:43:42.066461,,
2e06f11b-6946-49c2-adc3-8d3599636956,completed,2023-03-06 20:43:42.066461,,
98263aaa-665c-4742-b524-2592e2a354f9,completed,2023-03-06 20:43:42.066461,,
f09b90ae-6fcc-4d0a-8d4c-90e400554767,completed,2023-03-06 20:43:42.066461,,
825f6375-905d-4470-8453-29412b67fff1,completed,2023-03-06 20:43:42.066461,,
e7385022-1010-402e-9e81-8a8db99f5f30,failed,2023-03-06 20:43:42.066461,,
a6c9a9d5-28da-4298-a928-48c5c34176c8,completed,2023-03-06 20:43:42.066461,,
73ad30d6-1f4f-4255-a356-b7bce1071bf0,completed,2023-03-06 20:43:42.066461,,
95677eb4-cea5-47b0-a0ce-b933479fddfb,completed,2023-03-06 20:43:42.066461,,
9e2f023b-e8e8-4c5e-a56f-ac169487fc1a,completed,2023-03-06 20:43:42.066461,,
6938347a-6594-4bfa-92a9-c09b2728e791,completed,2023-03-06 20:43:42.066461,,
c849c27a-c061-4c7b-8fc3-33288a780a6f,completed,2023-03-06 20:43:42.066461,,
c2cd1878-ce4a-4ef2-832d-75f0cf97a822,completed,2023-03-06 20:43:42.066461,,
b11b337a-074e-4584-80ba-9fb38debdeb8,completed,2023-03-06 20:43:42.066461,,
7b1b84db-db63-4f6f-90e4-c4aa507da24c,completed,2023-03-06 20:43:42.066461,,
66180ee9-9acb-4333-903d-e41fce929606,completed,2023-03-06 20:43:42.066461,,
d804c9c8-aa1c-42a6-b19d-c4147529a10e,completed,2023-03-06 20:43:42.066461,,
3d46d5ca-8163-4157-b0f7-9448010d7fee,completed,2023-03-06 20:43:42.066461,,
a6ba4763-8030-44f9-b5e1-ee5f23aec6da,completed,2023-03-06 20:43:42.066461,,
ffd0257c-77c7-478c-a3af-996b71133555,completed,2023-03-06 20:43:42.066461,,
359d2c56-5445-4e32-85b4-ac2b865fc031,completed,2023-03-06 20:43:42.066461,,
77a318d1-cf7e-47fc-bcd0-4e7e71ef7f0b,completed,2023-03-06 20:43:42.066461,,
17c35be3-103f-4e3d-8e6c-bc6d1eff329e,completed,2023-03-06 20:43:42.066461,,
f42025cc-7ec9-4c63-a3a8-699b8796edca,completed,2023-03-06 20:43:42.066461,,
9e91be6d-aa4d-42bd-8dc1-0900bbf3ce3a,completed,2023-03-06 20:43:42.066461,,
b389389b-c6ed-4b9e-b721-33743e4009d6,completed,2023-03-06 20:43:42.066461,,
883c5fcb-17e6-4199-b27c-c4f7e6a7d113,completed,2023-03-06 20:43:42.066461,,
079058b0-be33-4036-9d31-919a474e0765,completed,2023-03-06 20:43:42.066461,,
24baabee-2a97-4e84-9dd5-19487610b7ac,completed,2023-03-06 20:43:42.066461,,
2adb68d9-1c4d-43b3-b0a4-409694cfc1ed,completed,2023-03-06 20:43:42.066461,,
3a73766d-3792-4737-8786-0d8f7d6f1f68,completed,2023-03-06 20:43:42.066461,,
15242293-9547-46c9-8a56-1fa6e44fbd79,completed,2023-03-06 20:43:42.066461,,
39e93c52-9a24-47e7-95e2-465f1646eb4c,completed,2023-03-06 20:43:42.066461,,
ac7f95ef-4f79-4b5f-9bca-52b78b062bdf,completed,2023-03-06 20:43:42.066461,,
26684120-919e-464c-b6d6-377b0a5ae356,completed,2023-03-06 20:43:42.066461,,
b41d3a50-a15d-4a0a-9db6-f90bbd9fd55c,completed,2023-03-06 20:43:42.066461,,
b7c60808-63fb-4aba-8057-e7bff25ef318,completed,2023-03-06 20:43:42.066461,,
daf4cff4-f731-494e-ba99-60f197986d2a,completed,2023-03-06 20:43:42.066461,,
ddd437a7-5259-4fea-834a-2a0ce1681f2b,completed,2023-03-06 20:43:42.066461,,
8a764265-2d68-4159-b1cd-e06c3904c184,completed,2023-03-06 20:43:42.066461,,
84ec9e98-4c56-461d-bac4-8e1a3d0f1841,completed,2023-03-06 20:43:42.066461,,
4cc73cce-d956-4331-b797-3cd4d93ea770,completed,2023-03-06 20:43:42.066461,,
59f93885-3d71-4944-9e5b-3403c2db9f6c,completed,2023-03-06 20:43:42.066461,,
2440ecf9-f31a-4ad3-b338-c16cc1428f50,completed,2023-03-06 20:43:42.066461,,
5bedd6ea-ebf3-4b9f-a264-398cdf837dcf,completed,2023-03-06 20:43:42.066461,,
a0fb6174-0807-47b7-9a31-8cec2fb7b6ed,completed,2023-03-06 20:43:42.066461,,
48b75450-b9d7-4218-a6e5-46b40c97e73e,completed,2023-03-06 20:43:42.066461,,
871d50b6-54c4-4a6a-871a-c7a39118098c,completed,2023-03-06 20:43:42.066461,,
36385cc5-0101-4422-9208-b58d4656826b,completed,2023-03-06 20:43:42.066461,,
cc9eab3e-1196-424d-91b6-d95f09438cff,completed,2023-03-06 20:43:42.066461,,
85ee7b80-fc86-4610-82e8-37cbe4f40134,completed,2023-03-06 20:43:42.066461,,
7c24f39c-061f-46e6-a1dc-4f16cb8e0408,completed,2023-03-06 20:43:42.066461,,
e49f113a-0bb4-438e-b173-2f08bc7035ea,completed,2023-03-06 20:43:42.066461,,
1232d1bb-35e3-421d-ab2a-8d5b7f8dc573,completed,2023-03-06 20:43:42.066461,,
af5bff43-62d7-4a55-b23e-ee1ed47cc8b5,completed,2023-03-06 20:43:42.066461,,
89ed8857-4a05-4832-bec3-fd184bad8163,completed,2023-03-06 20:43:42.066461,,
2724848f-4df7-4a4c-9955-8092922a30b6,completed,2023-03-06 20:43:42.066461,,
080f395a-0ccf-40f1-ab68-5a397463514f,completed,2023-03-06 20:43:42.066461,,
05823db4-9592-4d5a-aa94-f7623bf65527,completed,2023-03-06 20:43:42.066461,,
8b39a8c8-1132-4d6c-88a9-7a26513e76b9,completed,2023-03-06 20:43:42.066461,,
abb07669-cef8-4589-8f36-d85f139779b8,completed,2023-03-06 20:43:42.066461,,
75f7f72b-523a-401d-816c-7ae1d2d12cc3,completed,2023-03-06 20:43:42.066461,,
e2587f93-5d08-48e6-9d24-192086b7d180,completed,2023-03-06 20:43:42.066461,,
2fb53fd8-1a71-4307-a1cb-363db361c6ad,completed,2023-03-06 20:43:42.066461,,
de58114b-5e0b-45d3-b3c5-3de29f112141,completed,2023-03-06 20:43:42.066461,,
b2ea6917-f5c0-4009-abad-6352b58ca767,completed,2023-03-06 20:43:42.066461,,
c8ed9977-5a9c-4328-8455-741b0fec51b1,completed,2023-03-06 20:43:42.066461,,
31cb5ba4-77d7-4a60-8acf-624ab9dfd6c3,completed,2023-03-06 20:43:42.066461,,
a1e25691-ab6c-47f5-b127-7896eb6d8bf9,completed,2023-03-06 20:43:42.066461,,
d82df17b-55ad-46b8-9a0f-948075fd3000,completed,2023-03-06 20:43:42.066461,,
8a9748fa-4b1e-47c9-aa8a-a4936d70d74c,completed,2023-03-06 20:43:42.066461,,
a7596c71-0f83-4d7f-9ab7-9cd52f58727b,completed,2023-03-06 20:43:42.066461,,
7f39ff62-185c-4ddf-a8ef-9c2dabf0b3a9,completed,2023-03-06 20:43:42.066461,,
e17417d2-f9e4-4598-8c95-6b11b3b741e3,completed,2023-03-06 20:43:42.066461,,
ed4f51e9-a1f3-4a7f-80cd-298212da70eb,completed,2023-03-06 20:43:42.066461,,
0bffa136-99b5-41dc-97c4-d15c4f5f8ce7,completed,2023-03-06 20:43:42.066461,,
c205c20e-4dbe-4d3b-966c-23b732a7ad72,completed,2023-03-06 20:43:42.066461,,
118690f4-cdc1-4066-bcab-f1069db5bf35,completed,2023-03-06 20:43:42.066461,,
aff8c05c-0efb-48c7-88dc-f4a24057e157,completed,2023-03-06 20:43:42.066461,,
af94e543-0510-4577-b072-789982183bed,completed,2023-03-06 20:43:42.066461,,
b6d9ddd2-0a72-4da2-93af-6a055d7fd9d5,completed,2023-03-06 20:43:42.066461,,
9984db71-4a35-49ea-a65b-21d97cf36412,completed,2023-03-06 20:43:42.066461,,
d36eaf9a-27ba-4feb-a8ae-6fd234519210,completed,2023-03-06 20:43:42.066461,,
6bc4f7de-ce90-407e-9dd9-fa82e86df29e,completed,2023-03-06 20:43:42.066461,,
8309ef92-21e5-4c4f-9cb5-f39688d442de,completed,2023-03-06 20:43:42.066461,,
cf86bac0-86c8-49ac-a6f3-af73449a972a,completed,2023-03-06 20:43:42.066461,,
80017af2-16cf-46f7-8e1f-474c1cdc19d3,completed,2023-03-06 20:43:42.066461,,
a27d6bef-c2d4-4c3a-99e3-402bbaed6973,completed,2023-03-06 20:43:42.066461,,
39ba3239-75ba-458e-b4f9-6af3ab726b30,completed,2023-03-06 20:43:42.066461,,
bf1ee21c-3c83-4ff6-93a4-4a1acbfebcdc,completed,2023-03-06 20:43:42.066461,,
564c9baf-dca1-490f-97c3-615e635eb97c,completed,2023-03-06 20:43:42.066461,,
14eea960-3c30-4d5e-85a5-e2de364b8835,completed,2023-03-06 20:43:42.066461,,
ffcef7dc-6b3e-49e8-93a8-e14ca484a191,completed,2023-03-06 20:43:42.066461,,
4c257676-0932-4105-be64-d20faac48cd5,completed,2023-03-06 20:43:42.066461,,
9bfcdb2b-96a1-46a9-b6ff-c384f6bb6155,completed,2023-03-06 20:43:42.066461,,
1923974c-b461-4b48-80b1-9bd12313aa53,completed,2023-03-06 20:43:42.066461,,
2a29deab-e79c-4125-a3b9-e19120196fe5,completed,2023-03-06 20:43:42.066461,,
f1dbf26e-da61-4173-a8d8-0469cc0f8782,completed,2023-03-06 20:43:42.066461,,
1952cf09-ab19-426d-bff8-14371eee690c,completed,2023-03-06 20:43:42.066461,,
b5d5bffd-6944-4753-b5b2-d7529ef3363e,completed,2023-03-06 20:43:42.066461,,
7269395b-7d9c-4045-9320-e8f5fb50b72c,completed,2023-03-06 20:43:42.066461,,
d3140772-4876-4bb9-8471-bc915628275a,completed,2023-03-06 20:43:42.066461,,
fd3f4603-63ef-4859-ad44-8b2d0eeefcf2,completed,2023-03-06 20:43:42.066461,,
edce3ed5-b535-4be4-92d3-305c211797b7,completed,2023-03-06 20:43:42.066461,,
fb0133db-0423-48b8-b5dc-e0beb5b9e2ca,completed,2023-03-06 20:43:42.066461,,
0acd5cd2-75c5-4018-a5b4-4f3fb23e39f7,completed,2023-03-06 20:43:42.066461,,
b39dccb3-b836-4a45-bda2-2bc35de9ced8,completed,2023-03-06 20:43:42.066461,,
4f309a71-9c53-4e9b-a774-aa434968ec8d,completed,2023-03-06 20:43:42.066461,,
04ff1f84-2ab0-433f-92e6-1ea797b9a458,completed,2023-03-06 20:43:42.066461,,
6d76b8c6-a9c7-41e2-bfea-27124be253ef,completed,2023-03-06 20:43:42.066461,,
67cf4703-6f7c-4e23-b7c0-1049f6d2ab7f,completed,2023-03-06 20:43:42.066461,,
1c5b8475-055f-4751-9d68-f7e9f498e6dc,completed,2023-03-06 20:43:42.066461,,
3e00b635-3076-45de-800d-49656ec6d5fe,completed,2023-03-06 20:43:42.066461,,
7c004280-b956-4a25-8ab9-280e24efb947,completed,2023-03-06 20:43:42.066461,,
14026bd4-fa18-4903-a3df-b24a98451e30,completed,2023-03-06 20:43:42.066461,,
af777931-f3b7-46b9-b1ec-c9d6bba91537,completed,2023-03-06 20:43:42.066461,,
35dff3e9-4c77-4b06-98e3-f37c068460a9,completed,2023-03-06 20:43:42.066461,,
cf6d8b93-94f1-459a-8fdb-c3379ae69ca6,completed,2023-03-06 20:43:42.066461,,
e36b1ab3-d005-4bbe-9457-3e5f7096a4b4,completed,2023-03-06 20:43:42.066461,,
a1d605a0-8a98-4700-bf12-b1ab79f5476c,completed,2023-03-06 20:43:42.066461,,
7c967ae4-77bd-4ec3-862a-943ec65bc8c0,completed,2023-03-06 20:43:42.066461,,
2169570e-ad7d-49f9-9ac6-e8c7f027dad8,completed,2023-03-06 20:43:42.066461,,
6782ce27-1c5e-4e61-a57f-600ba0b17d0b,completed,2023-03-06 20:43:42.066461,,
d533c164-9191-4c33-bf95-959570250128,completed,2023-03-06 20:43:42.066461,,
dd46d02a-cee2-4551-82ba-4faffda467c6,completed,2023-03-06 20:43:42.066461,,
605c0a9c-eb18-48f2-86d1-5bfcde7c441a,completed,2023-03-06 20:43:42.066461,,
a7428f50-d4ad-4853-9e04-82beb1bf97aa,completed,2023-03-06 20:43:42.066461,,
16b67400-8be6-473d-892e-19e96b277d74,completed,2023-03-06 20:43:42.066461,,
6e536b70-6b17-4dca-a4ae-97b69c107b5a,completed,2023-03-06 20:43:42.066461,,
1b692b05-9ef8-43ad-87b3-10073c640728,completed,2023-03-06 20:43:42.066461,,
433259af-50ff-4276-a48c-b171b3988321,completed,2023-03-06 20:43:42.066461,,
78b07a7b-7273-43c7-8aed-0bc29ddfb5c2,completed,2023-03-06 20:43:42.066461,,
2ec3b5fa-f413-4273-be3e-29e46712ae55,completed,2023-03-06 20:43:42.066461,,
39216f8b-f56c-4ea1-8a14-91129a5404b5,completed,2023-03-06 20:43:42.066461,,
c1a8b4f5-d51c-4d8e-9571-39d5e5284fb6,completed,2023-03-06 20:43:42.066461,,
156643a2-1e2d-4259-91e0-b3dd207d18a2,completed,2023-03-06 20:43:42.066461,,
87536edc-f8ab-4aea-88c3-1a32a239f3af,completed,2023-03-06 20:43:42.066461,,
3f1284c9-dd70-490d-bba5-1c382161452e,completed,2023-03-06 20:43:42.066461,,
cd8562f5-a1f3-4616-9263-587f45b65a3b,completed,2023-03-06 20:43:42.066461,,
f6582024-1f8d-4dde-bac9-8376ab3b3f76,completed,2023-03-06 20:43:42.066461,,
78718dc0-673d-4376-91ce-b9ad633e6130,completed,2023-03-06 20:43:42.066461,,
f9729e55-2dc3-4f17-bb3c-d4dde8910fe7,completed,2023-03-06 20:43:42.066461,,
8c68cf92-c216-47c4-aff5-0f6c7aa23e51,completed,2023-03-06 20:43:42.066461,,
9fa38a77-e0c3-45bf-b3a0-bd3ae68bfa70,completed,2023-03-06 20:43:42.066461,,
bf82f33d-3928-45fd-b8f0-bde52b886c87,completed,2023-03-06 20:43:42.066461,,
85fd2d8a-2e78-4203-9e73-27153f58bad7,completed,2023-03-06 20:43:42.066461,,
b0266c00-e85b-4227-b297-29e01dfe7228,completed,2023-03-06 20:43:42.066461,,
87945aa5-5a59-4418-a38f-1e900b205092,completed,2023-03-06 20:43:42.066461,,
14d48130-713c-4d94-9b4b-531df44cf33d,completed,2023-03-06 20:43:42.066461,,
42472716-725b-4660-9892-0484f754f4b4,completed,2023-03-06 20:43:42.066461,,
b6654614-0f76-4d95-9e02-53af19a7da7e,completed,2023-03-06 20:43:42.066461,,
c3e30ab1-e99f-4963-bd80-a8dd7b7ee003,completed,2023-03-06 20:43:42.066461,,
0ef5c9aa-ad9d-4e9c-881f-98e2b7441f45,completed,2023-03-06 20:43:42.066461,,
bdbf4639-7822-42da-b31c-864cef0e5cf3,completed,2023-03-06 20:43:42.066461,,
5bee4fc1-a28b-495e-ad48-d9648e6f8ba5,completed,2023-03-06 20:43:42.066461,,
a009efcd-ac95-4ddb-bc82-882c9464542c,completed,2023-03-06 20:43:42.066461,,
51dac411-8dfb-4ad9-9584-63228d014835,completed,2023-03-06 20:43:42.066461,,
56263484-528a-4d84-89b7-10cfb3057f51,completed,2023-03-06 20:43:42.066461,,
9b969561-7604-45ab-97c4-943c0471597e,completed,2023-03-06 20:43:42.066461,,
dddcc9e7-f540-479d-854c-c9cdf5f0892f,completed,2023-03-06 20:43:42.066461,,
096d14fb-a15a-41f9-9297-9f4c8ffc919b,completed,2023-03-06 20:43:42.066461,,
70b080d8-fbd3-4797-9a22-e3d7e558a2ea,completed,2023-03-06 20:43:42.066461,,
e6fc968f-b028-49a2-a31e-7c9ed1379727,completed,2023-03-06 20:43:42.066461,,
4c77d71f-6dd5-42b6-9828-d5d4d85d30df,completed,2023-03-06 20:43:42.066461,,
5960c806-7bb5-4404-ba75-820acec64c2c,completed,2023-03-06 20:43:42.066461,,
b12e3c48-7215-4686-a879-f4f1edb91707,completed,2023-03-06 20:43:42.066461,,
836406e1-04ed-4557-bf6d-d05bf1f0225f,completed,2023-03-06 20:43:42.066461,,
22cd295b-59d6-4654-80e8-cd3aa5d49f4f,completed,2023-03-06 20:43:42.066461,,
3eb9ff7a-cbbf-43ce-a4e3-86e6bff80842,completed,2023-03-06 20:43:42.066461,,
afaf4592-3c50-4cb7-804d-10dc3c50ce1a,completed,2023-03-06 20:43:42.066461,,
7d8e32cd-e2e4-4769-805d-158840a4a7e7,completed,2023-03-06 20:43:42.066461,,
7fd6e969-2e0d-4877-9ec4-d4a3718ceffe,completed,2023-03-06 20:43:42.066461,,
0a05a9a1-62cb-4e0d-a216-d21da2be772b,completed,2023-03-06 20:43:42.066461,,
9feb507f-0bf8-46a9-90cb-d1b71b55e4e8,completed,2023-03-06 20:43:42.066461,,
6306b9bd-43bf-4c76-b464-c32d1dcff064,completed,2023-03-06 20:43:42.066461,,
c0b0782e-703e-4468-815d-9d7af0b4f5bb,completed,2023-03-06 20:43:42.066461,,
76b36505-1d25-4f1e-b853-b46820b1a06c,completed,2023-03-06 20:43:42.066461,,
707d93cf-b466-4097-b759-52b7dde5341a,completed,2023-03-06 20:43:42.066461,,
9531b7e1-b325-4ba8-950b-e55359771bbc,completed,2023-03-06 20:43:42.066461,,
df3016cd-f6ed-4dc6-b2a5-94414f354235,completed,2023-03-06 20:43:42.066461,,
efa9b7d6-c52a-474e-bd8e-807b65c3e472,completed,2023-03-06 20:43:42.066461,,
0c39d2d8-0c8c-48f3-8683-e727dc7e12cb,completed,2023-03-06 20:43:42.066461,,
e655775b-a129-4bbc-96d3-a735241a5709,completed,2023-03-06 20:43:42.066461,,
9b3ab9c2-05eb-40bd-8aa6-38ed50a541f4,completed,2023-03-06 20:43:42.066461,,
c0aa40ba-244e-4f92-9ac1-6e8b26bb1d76,completed,2023-03-06 20:43:42.066461,,
0f2f15a1-5ab6-442b-b306-c29449bfb124,completed,2023-03-06 20:43:42.066461,,
4d0c8a62-5138-4010-ab60-37567ffde918,completed,2023-03-06 20:43:42.066461,,
32f55841-d237-4dec-aa2b-4bdce7ee2059,completed,2023-03-06 20:43:42.066461,,
bb171857-72a1-4240-986a-92894144ce67,completed,2023-03-06 20:43:42.066461,,
d11c732e-624d-4f54-b2ee-9614ecd99ef4,completed,2023-03-06 20:43:42.066461,,
a617320d-ec7e-43bf-af02-46c3f571ef0b,completed,2023-03-06 20:43:42.066461,,
66749e54-e687-4c1b-9f1b-d6a0896d3561,completed,2023-03-06 20:43:42.066461,,
c33537f0-0478-47b9-afe5-3bf7d9d228c0,completed,2023-03-06 20:43:42.066461,,
a772d88c-2a58-455e-a614-ebab1a94efdb,completed,2023-03-06 20:43:42.066461,,
e6055e9b-b882-4732-ae07-20d0fe3a57ae,completed,2023-03-06 20:43:42.066461,,
54c97fa0-4c72-485d-b530-db8740638586,completed,2023-03-06 20:43:42.066461,,
6ba55329-da2f-4d4b-acd5-06ef55a2f05a,completed,2023-03-06 20:43:42.066461,,
478f22da-3004-4eef-bd96-2cccf7fc667d,completed,2023-03-06 20:43:42.066461,,
17469606-3f2c-4224-b7b4-3903a5e6c239,completed,2023-03-06 20:43:42.066461,,
4629b38e-5546-4ac6-932f-9f0056aa4869,completed,2023-03-06 20:43:42.066461,,
5d54121c-3e99-4579-be0d-5faa756e502d,completed,2023-03-06 20:43:42.066461,,
f9232f2d-582e-4c2d-96a6-1ca7f04ea726,completed,2023-03-06 20:43:42.066461,,
061f08ce-dff4-4755-9073-78af04174477,completed,2023-03-06 20:43:42.066461,,
79eac0fd-77e2-488c-aba3-43dd8b267cf6,completed,2023-03-06 20:43:42.066461,,
d6b42585-7e0a-49db-87da-b3f2c0672faa,completed,2023-03-06 20:43:42.066461,,
634069b2-692f-4f43-ad35-912a418bb89b,completed,2023-03-06 20:43:42.066461,,
1e0f7189-8ce9-4a30-b6b0-de229a682e8a,completed,2023-03-06 20:43:42.066461,,
1aacf739-ef3a-48c1-8e92-8ec6e3e6b712,completed,2023-03-06 20:43:42.066461,,
12118641-86d8-47e0-b178-9391d772a1e3,completed,2023-03-06 20:43:42.066461,,
c7e94ce5-262c-4cc9-b635-8e4bbb2a8d74,completed,2023-03-06 20:43:42.066461,,
7f12272c-253b-452b-aab6-cce60f87dd51,completed,2023-03-06 20:43:42.066461,,
991ab148-38c6-4766-80fb-c8ded6f30ec9,completed,2023-03-06 20:43:42.066461,,
09cc2b96-2f77-48dc-8e03-a73db09d7f5b,completed,2023-03-06 20:43:42.066461,,
92a25ece-1a5c-4673-ae6e-e769dda240bb,completed,2023-03-06 20:43:42.066461,,
84438236-b132-4895-bdab-5ba74ae2d2b0,completed,2023-03-06 20:43:42.066461,,
90565d19-116e-4a88-ba75-35e7aba53142,completed,2023-03-06 20:43:42.066461,,
f5383b08-2908-4470-94c1-8c1b219822f0,completed,2023-03-06 20:43:42.066461,,
ea5a23cd-2ea7-4366-a007-4cf8914cc677,completed,2023-03-06 20:43:42.066461,,
bf8f5802-e4a2-4300-8daa-7df0725312ce,completed,2023-03-06 20:43:42.066461,,
fd9a46de-2514-496e-acd5-e0fcae946190,completed,2023-03-06 20:43:42.066461,,
7f7cbaa0-82fa-46dc-b3ea-29f07655194b,completed,2023-03-06 20:43:42.066461,,
6a230d28-c82d-4a1a-8e79-d88db2592df6,completed,2023-03-06 20:43:42.066461,,
81f78262-73d9-4a44-9317-6a9eb8ed9837,completed,2023-03-06 20:43:42.066461,,
68f4bfdc-71f6-48c7-8436-94ed325769ca,completed,2023-03-06 20:43:42.066461,,
d5ab1bb1-e27e-425e-a979-2e6ec09e9746,completed,2023-03-06 20:43:42.066461,,
32a27d3b-9f4b-4ff8-8877-5de55ebae213,completed,2023-03-06 20:43:42.066461,,
2e2cc7ba-6220-499e-8586-51c297df87cd,completed,2023-03-06 20:43:42.066461,,
b72c59b2-0c4e-431f-8170-cfa822a2630c,completed,2023-03-06 20:43:42.066461,,
6c633574-3076-4f2b-b17a-3e993a0bf891,completed,2023-03-06 20:43:42.066461,,
3fa3ec7f-a4ca-4a0e-b46e-323d38061f8f,completed,2023-03-06 20:43:42.066461,,
dfd63e55-60d3-466f-b8e7-73009c449d6d,completed,2023-03-06 20:43:42.066461,,
b136c612-5a47-4066-8907-e08f284c7398,completed,2023-03-06 20:43:42.066461,,
866220a8-9508-4ace-945a-d2e495be56f8,completed,2023-03-06 20:43:42.066461,,
2d9934ff-0143-4fb2-a042-a0d0008a6ca8,completed,2023-03-06 20:43:42.066461,,
c1e2c8e0-e060-4431-bc8e-18e7afebd67c,completed,2023-03-06 20:43:42.066461,,
c87b6e1f-de5b-436b-ba82-efc98d759db8,completed,2023-03-06 20:43:42.066461,,
f8a6eee0-8868-4c07-92a5-03e933b3f979,completed,2023-03-06 20:43:42.066461,,
4c2fa142-49f9-4a61-95fd-0552ed115151,completed,2023-03-06 20:43:42.066461,,
0c36e7ff-2c15-4d66-b8eb-e4ea674ea799,completed,2023-03-06 20:43:42.066461,,
64ae6d88-a8c7-40e0-812c-1da9e2b3eed8,completed,2023-03-06 20:43:42.066461,,
357ffd43-2ad1-4efd-9c4f-2c82dfda9f2d,completed,2023-03-06 20:43:42.066461,,
0e95f30d-2596-4c3b-9750-61ddc8161c83,completed,2023-03-06 20:43:42.066461,,
39a902fc-eeb6-4ffa-afdf-5b74b208f762,completed,2023-03-06 20:43:42.066461,,
74d413d2-85c5-47ba-bacf-42850c2c2622,completed,2023-03-06 20:43:42.066461,,
3cd817c8-d261-4540-8ba4-7fa7328e77e4,completed,2023-03-06 20:43:42.066461,,
9f09cefc-9049-402d-be83-4d608590d688,completed,2023-03-06 20:43:42.066461,,
e4d2b73b-764c-4e6a-8cd2-6dd8948bf5ad,completed,2023-03-06 20:43:42.066461,,
905c2f4c-4926-48f3-a538-1758d880c0a3,completed,2023-03-06 20:43:42.066461,,
0aff7f74-9297-4240-a4bd-1bc482c88167,completed,2023-03-06 20:43:42.066461,,
c3446e96-2434-48e2-86dd-4b2223b28d90,completed,2023-03-06 20:43:42.066461,,
fff4bd03-875c-45ab-bcd0-e89ff865ef42,completed,2023-03-06 20:43:42.066461,,
86aa9182-2498-493b-a088-3967e269686e,completed,2023-03-06 20:43:42.066461,,
abf89a24-7913-4d82-8866-4b56ba44cbdb,completed,2023-03-06 20:43:42.066461,,
1549277d-2eb8-4f4e-89aa-b392bd7bfc4d,completed,2023-03-06 20:43:42.066461,,
7285c04e-0a98-41be-8297-7a1781614383,completed,2023-03-06 20:43:42.066461,,
d96268d3-631a-4c8d-b2a2-57a12c982941,completed,2023-03-06 20:43:42.066461,,
52aa07c9-3d76-48dd-a375-cfbd4318ee47,completed,2023-03-06 20:43:42.066461,,
b49ee6e5-2dcb-4ed2-8026-1c2729a5824a,completed,2023-03-06 20:43:42.066461,,
d0838d2b-39b6-47d7-a37a-d1c888b49be1,completed,2023-03-06 20:43:42.066461,,
e89106fd-c956-4fc1-8842-c6dd0e30ed67,completed,2023-03-06 20:43:42.066461,,
c95d501b-88e1-4a5b-843c-3cf575e4d2d8,completed,2023-03-06 20:43:42.066461,,
9832f86d-ba2d-4f43-9bce-116d541040b2,completed,2023-03-06 20:43:42.066461,,
aad5d6f5-71bd-42e1-89d1-222ad4fd1850,completed,2023-03-06 20:43:42.066461,,
9af2506c-f62c-4d7b-8331-f7d8258818e1,completed,2023-03-06 20:43:42.066461,,
822fa3d5-1e04-4be1-8494-81e5ff44849c,completed,2023-03-06 20:43:42.066461,,
f2c61d48-dc56-4e4e-8010-36e9a933ce8c,completed,2023-03-06 20:43:42.066461,,
0c426e34-708c-468f-b971-064ae9066bfb,completed,2023-03-06 20:43:42.066461,,
5cd95f57-3717-43b6-92c5-fe8c529d6091,completed,2023-03-06 20:43:42.066461,,
61b7675d-1843-46ad-9068-2e3dc1c1c162,completed,2023-03-06 20:43:42.066461,,
46f9b659-e37a-41ed-bb0c-4fbc5f0bf06e,completed,2023-03-06 20:43:42.066461,,
6ad14932-56be-4436-825d-20d6ab9442f5,completed,2023-03-06 20:43:42.066461,,
b4bb1baa-1be4-4705-a9e5-a1fe8e9f5659,completed,2023-03-06 20:43:42.066461,,
4546f2d3-8329-4522-a335-c07858d4b2b0,completed,2023-03-06 20:43:42.066461,,
c3509067-05dc-4f5e-8748-82a1b445142a,completed,2023-03-06 20:43:42.066461,,
c6638ce1-fcad-4b4f-90ef-501af40ea53b,completed,2023-03-06 20:43:42.066461,,
8b56b4d2-50c2-4ad6-956c-cd7c7da27f3a,completed,2023-03-06 20:43:42.066461,,
4f2a1768-a9bf-4040-a481-a05f114d5a0f,completed,2023-03-06 20:43:42.066461,,
20c4936d-6edc-4449-b69c-996b12d2182a,completed,2023-03-06 20:43:42.066461,,
98181578-5372-42a9-a49e-77d97d94a801,completed,2023-03-06 20:43:42.066461,,
9200dec4-52cf-4acd-b8c4-285b84dc6e60,completed,2023-03-06 20:43:42.066461,,
ecdaf470-ac10-44ce-b848-f0ebc58e5cf1,completed,2023-03-06 20:43:42.066461,,
8d09548d-f12f-43c5-87b5-3a0a9035237e,completed,2023-03-06 20:43:42.066461,,
97476a18-e55b-40d4-9e27-3d82c4e0f700,completed,2023-03-06 20:43:42.066461,,
0a0e4e38-bc1d-47e2-9c83-dadbed943746,completed,2023-03-06 20:43:42.066461,,
763f6b8b-afea-4b02-b40e-3c94426b14cf,completed,2023-03-06 20:43:42.066461,,
d9cf57cf-d7e3-460d-86cc-b3728c3248c6,completed,2023-03-06 20:43:42.066461,,
5f9b5e35-a9df-480b-a45e-2c57e990ee23,completed,2023-03-06 20:43:42.066461,,
357e4420-4d6d-45a0-b02e-1fccfa0f5c81,completed,2023-03-06 20:43:42.066461,,
0f736dca-743a-4ee0-a53c-c76859d04d30,completed,2023-03-06 20:43:42.066461,,
d7bc8c63-e61e-4ed2-9543-ba19e1f5f293,completed,2023-03-06 20:43:42.066461,,
dcd41258-6e81-48ec-804a-b73b8a8c3ab7,completed,2023-03-06 20:43:42.066461,,
6248dd3b-5894-429d-8179-0299f388c6bb,completed,2023-03-06 20:43:42.066461,,
548234e9-4642-411e-90a7-fa9b25f552f3,completed,2023-03-06 20:43:42.066461,,
4537e90d-1679-46bd-9ba1-704409637b18,completed,2023-03-06 20:43:42.066461,,
b62c9b85-0195-409e-b276-139561aab7cc,completed,2023-03-06 20:43:42.066461,,
038e9d09-65e4-4e00-9c93-3d38921c8314,completed,2023-03-06 20:43:42.066461,,
ce6c65aa-8f30-48cd-8c30-1effa390be5c,completed,2023-03-06 20:43:42.066461,,
79fcccd1-b75a-4a56-b3d7-0c6a55f76f64,completed,2023-03-06 20:43:42.066461,,
93aa2efc-fced-404d-a316-fb90020cebe5,completed,2023-03-06 20:43:42.066461,,
a6378e8c-a117-4aaa-8b1f-298af1ebae1b,completed,2023-03-06 20:43:42.066461,,
9da9f4af-be65-4f08-b6ff-51c7e59bc8c0,completed,2023-03-06 20:43:42.066461,,
6f0fa7cd-4c24-4834-a659-c1bab5ef6f8b,completed,2023-03-06 20:43:42.066461,,
20db83aa-e508-44e4-b61f-e6b3cd2e6658,completed,2023-03-06 20:43:42.066461,,
94e67afb-7afd-4c40-acc7-4afb4822a7e8,completed,2023-03-06 20:43:42.066461,,
800c0636-1648-4b6d-8eb5-667500bf180d,completed,2023-03-06 20:43:42.066461,,
4ba2288d-d665-4efc-a259-45f5f7c2de5b,completed,2023-03-06 20:43:42.066461,,
ff3663ba-6177-4ab2-8999-1c55b2159112,completed,2023-03-06 20:43:42.066461,,
de6766a2-5ea2-4f50-a9d8-e4b613aa12e8,completed,2023-03-06 20:43:42.066461,,
23a369b0-b4eb-42c0-a62b-9841d98211c3,completed,2023-03-06 20:43:42.066461,,
0790dd67-482a-4151-b9b7-f17be72dfbc7,completed,2023-03-06 20:43:42.066461,,
cb75f888-d32a-40bb-96c2-419e8c303638,completed,2023-03-06 20:43:42.066461,,
de6fa2fd-89ec-4d09-9f27-c234c0b9de46,completed,2023-03-06 20:43:42.066461,,
80ddfa01-0281-4757-b4ac-b0a589aa4a2a,completed,2023-03-06 20:43:42.066461,,
0387eb78-12d9-4e46-8312-9eeb57def7f8,completed,2023-03-06 20:43:42.066461,,
babbc9d2-d688-448d-a14d-9339316899db,completed,2023-03-06 20:43:42.066461,,
d0658476-dd9c-46fd-bfdf-7d73f90d8044,completed,2023-03-06 20:43:42.066461,,
44a78e94-2085-426c-8e24-cfa40c352a07,completed,2023-03-06 20:43:42.066461,,
a0cb9bda-c6b9-4de9-a8eb-9babe1f30f2d,completed,2023-03-06 20:43:42.066461,,
79f55270-bf27-4162-9a73-0b7cb8894932,completed,2023-03-06 20:43:42.066461,,
c5a41a3b-7162-49e6-bb95-f3934fbd8357,completed,2023-03-06 20:43:42.066461,,
ffeae25e-5889-41bd-acab-7a76cad7c267,completed,2023-03-06 20:43:42.066461,,
b029c7d6-28d0-474e-9dc5-e36bdbb1395f,completed,2023-03-06 20:43:42.066461,,
4910bf36-a3f6-4f70-98ef-cc7c8d534566,completed,2023-03-06 20:43:42.066461,,
06e9241d-10e3-4eff-b1b9-c503ef5ffe17,completed,2023-03-06 20:43:42.066461,,
097f512a-0604-43fd-9743-2b8c0401f0bd,completed,2023-03-06 20:43:42.066461,,
1945539c-411e-42b9-ad62-742f8114d9f9,completed,2023-03-06 20:43:42.066461,,
0ee75681-979b-4281-84b7-21398993df2e,completed,2023-03-06 20:43:42.066461,,
3e6ecdad-c6b3-46a0-a234-e58a1090be2c,completed,2023-03-06 20:43:42.066461,,
5f953475-5d75-4184-8284-958c1d60b849,completed,2023-03-06 20:43:42.066461,,
ab56017c-0bea-4aa0-bdbe-86eb8d26ed48,completed,2023-03-06 20:43:42.066461,,
fcad8aea-9d7d-437e-b6b8-7731448edf3d,completed,2023-03-06 20:43:42.066461,,
2075bc13-c02a-4782-a498-f6b60eefff0c,completed,2023-03-06 20:43:42.066461,,
465d785e-f024-473b-bcdf-ed0f37590fe7,completed,2023-03-06 20:43:42.066461,,
5512eb00-84e2-4bc4-88de-59b44b659fc1,completed,2023-03-06 20:43:42.066461,,
ff766012-d038-4cfd-978e-6c89d483edcf,completed,2023-03-06 20:43:42.066461,,
2cebbdc4-6a16-42d7-ad17-53c2d30ef016,completed,2023-03-06 20:43:42.066461,,
cbc2ab36-c57c-40ee-a497-c4c2440afa37,completed,2023-03-06 20:43:42.066461,,
5d7531e0-c7dd-497d-9c08-3d4c355b17c7,completed,2023-03-06 20:43:42.066461,,
77bd1d60-b534-4728-9aa0-82cdffc83e4d,completed,2023-03-06 20:43:42.066461,,
805ef5a2-ebac-45da-b479-ddac4d01a4c0,completed,2023-03-06 20:43:42.066461,,
8c0725c6-c3c1-4ffe-ba13-da9b1c793659,completed,2023-03-06 20:43:42.066461,,
542018d2-7dfa-4bea-9a25-f59ba8204d7f,completed,2023-03-06 20:43:42.066461,,
845f82b8-1aef-401b-a7a3-e646828cd376,completed,2023-03-06 20:43:42.066461,,
7e1da190-1293-4e23-a6d0-e57b111120b1,completed,2023-03-06 20:43:42.066461,,
a5860ac7-a57c-4caf-b7d4-faedfedf03ae,completed,2023-03-06 20:43:42.066461,,
9929bdd2-bb5a-47f0-ba6e-a1e37bc2e6a1,completed,2023-03-06 20:43:42.066461,,
eeda2e42-fa32-4c43-b818-54277e3a8818,completed,2023-03-06 20:43:42.066461,,
70aaba8b-1e9d-49cf-9c4c-afc5c3b092fb,completed,2023-03-06 20:43:42.066461,,
6c7d4cee-e01c-4b33-b6e3-44dcc6749c50,completed,2023-03-06 20:43:42.066461,,
a3295459-bcb8-4322-a177-7e3562e30bc1,completed,2023-03-06 20:43:42.066461,,
6946a34a-c0f8-42a6-b753-7240c4abc09f,completed,2023-03-06 20:43:42.066461,,
cc4d0d76-3e63-497a-a463-6381e69aea52,completed,2023-03-06 20:43:42.066461,,
486c8014-8584-4d9d-a429-c6b8306a0e39,completed,2023-03-06 20:43:42.066461,,
b255960b-0d19-4191-a4b2-a47521499299,completed,2023-03-06 20:43:42.066461,,
03d9c338-5e61-430f-9256-9323b3af9a8e,completed,2023-03-06 20:43:42.066461,,
699132ef-8083-4e1b-8397-5ca2518c32f6,completed,2023-03-06 20:43:42.066461,,
22d44243-a516-42fc-8f8e-b8ab94c94a26,completed,2023-03-06 20:43:42.066461,,
2c1e731b-39ec-4b7a-a234-55c9b101cce6,completed,2023-03-06 20:43:42.066461,,
4e6741a2-f876-4ab0-b4cd-c55175c8ae3e,completed,2023-03-06 20:43:42.066461,,
9a6b4493-8025-4159-9fd1-8e982963526a,completed,2023-03-06 20:43:42.066461,,
36d76b24-d386-4826-961a-30719eef5aa7,completed,2023-03-06 20:43:42.066461,,
c3aa0a8b-de52-4d4c-9edd-360c56e3066f,completed,2023-03-06 20:43:42.066461,,
e86e02be-efcf-4cbb-9238-5a1e97943ac5,completed,2023-03-06 20:43:42.066461,,
57198036-85d9-4643-9179-d07061139548,completed,2023-03-06 20:43:42.066461,,
f8d594f9-a62b-474c-ab3b-17992930032b,completed,2023-03-06 20:43:42.066461,,
257789f0-36fe-4795-9abb-345dbe3de392,completed,2023-03-06 20:43:42.066461,,
74f1c525-4e29-4ecc-b6dc-61d9fa12dde1,completed,2023-03-06 20:43:42.066461,,
03e78495-de90-4bf6-a627-66e7521f957f,completed,2023-03-06 20:43:42.066461,,
9ee57584-0850-4fdc-a95e-4b3ad8c936ca,completed,2023-03-06 20:43:42.066461,,
2c53e56b-3a48-4e02-ac96-fee45569884a,completed,2023-03-06 20:43:42.066461,,
c6894566-629d-47a6-84b3-0fa3863fd913,completed,2023-03-06 20:43:42.066461,,
3aed9b67-32c5-467b-bc9b-0fd55c08eda4,completed,2023-03-06 20:43:42.066461,,
e1d37353-2a83-4b49-ab59-df2fb15bf420,completed,2023-03-06 20:43:42.066461,,
a2d78d89-191b-42ed-b26c-a0a0303f2758,completed,2023-03-06 20:43:42.066461,,
007be51a-fc6f-4ac2-ac13-d398bce39fc8,completed,2023-03-06 20:43:42.066461,,
9fa7fa50-d32f-4c79-ae94-c3b7256bccef,completed,2023-03-06 20:43:42.066461,,
74e28ee8-7d14-468d-b5a0-47e6b6cfd9ee,completed,2023-03-06 20:43:42.066461,,
5373b570-bfdc-45db-9e3d-2a9ecdf8c589,completed,2023-03-06 20:43:42.066461,,
5a4f0609-15eb-4f3c-85f4-ceafb2afba65,completed,2023-03-06 20:43:42.066461,,
7ee109fe-fac8-4ac9-8609-d49f95706d2b,completed,2023-03-06 20:43:42.066461,,
b4b6a044-dccf-4912-acc5-057e270bca24,completed,2023-03-06 20:43:42.066461,,
11d5a9f0-5add-45f9-87de-7ff0a1be77d6,completed,2023-03-06 20:43:42.066461,,
8c88da9d-052f-4661-8c83-fd762b341aa2,completed,2023-03-06 20:43:42.066461,,
418cd7c6-f197-4393-a7d8-7f351beaa2aa,completed,2023-03-06 20:43:42.066461,,
a19790e9-bf1b-48bc-8044-fb10ea417d16,completed,2023-03-06 20:43:42.066461,,
2c4b51a4-f846-4976-a58d-3cef0e5f072f,completed,2023-03-06 20:43:42.066461,,
927e95ff-4eb6-4788-9177-1006a645ac67,completed,2023-03-06 20:43:42.066461,,
e7e767be-c9a4-4335-b88e-bcdb73345250,completed,2023-03-06 20:43:42.066461,,
da11f258-d3cc-4fe9-8f8b-06044b303b17,completed,2023-03-06 20:43:42.066461,,
6f9d713e-8ac0-479e-b302-423976791b74,completed,2023-03-06 20:43:42.066461,,
e0c0e6ac-797f-45ca-b871-316a969ce82b,completed,2023-03-06 20:43:42.066461,,
c69a78a0-f385-4ad7-b21a-4e7ffd811253,completed,2023-03-06 20:43:42.066461,,
f194d33e-1bd0-4517-ae36-889d092de268,completed,2023-03-06 20:43:42.066461,,
1988ad9a-ef23-49bc-8c37-3c8ea05339ce,completed,2023-03-06 20:43:42.066461,,
b4c8898c-6d4b-43c1-a2bc-24ffa8fde5e6,completed,2023-03-06 20:43:42.066461,,
8acb9112-ca72-468c-a874-0194396d8e7e,completed,2023-03-06 20:43:42.066461,,
27f483d5-24b1-48a9-8d5f-8de2f0845657,completed,2023-03-06 20:43:42.066461,,
78d72c86-22f0-487e-9162-5d4dbc74d855,completed,2023-03-06 20:43:42.066461,,
a4d25bf1-d297-4c36-ac14-3ec1b84c805c,completed,2023-03-06 20:43:42.066461,,
d189fedd-79c3-4eda-b3e8-c9f9a79ad78d,completed,2023-03-06 20:43:42.066461,,
7028816a-aa69-43e4-93bc-40c39ce00524,completed,2023-03-06 20:43:42.066461,,
bd9b6bfa-24dd-4477-8ba2-806a652bb298,completed,2023-03-06 20:43:42.066461,,
f14cc152-8719-443f-bfcd-68d8d0039add,completed,2023-03-06 20:43:42.066461,,
78740a81-d97c-49d1-ba38-cc42d9851c75,completed,2023-03-06 20:43:42.066461,,
dd564ca0-d4e8-40e1-8653-5b2fd41352fd,completed,2023-03-06 20:43:42.066461,,
a462e760-02e5-4dc2-8cce-75dcfbec97e6,completed,2023-03-06 20:43:42.066461,,
d42df8e8-239f-4c26-b699-9a50e8d7e709,completed,2023-03-06 20:43:42.066461,,
750f5b91-cc62-491e-b58e-4a2125ee4cfb,completed,2023-03-06 20:43:42.066461,,
dd4cda8b-d126-4dcc-acad-94bec75dffaa,completed,2023-03-06 20:43:42.066461,,
8c1531cf-4e50-4447-8f94-8ea65f472efc,completed,2023-03-06 20:43:42.066461,,
711931d7-e218-4c6b-a041-5b9f9fe2a07c,completed,2023-03-06 20:43:42.066461,,
bc792262-1886-45e1-b7bc-0428f23c0cf9,completed,2023-03-06 20:43:42.066461,,
1a796791-c569-4212-988f-e0469ba90890,completed,2023-03-06 20:43:42.066461,,
7780afb1-47fa-4802-a8a0-411bfc1a8b56,completed,2023-03-06 20:43:42.066461,,
aac0e28c-0d61-47de-b5af-488c2b025af3,completed,2023-03-06 20:43:42.066461,,
8ff33507-67c0-41b7-b787-e559ec4f8165,completed,2023-03-06 20:43:42.066461,,
69c8cba6-0c2b-493f-8fd6-db946985a1ec,completed,2023-03-06 20:43:42.066461,,
76a59fa5-55bd-4e20-8951-65bdbf623829,completed,2023-03-06 20:43:42.066461,,
ef27d20d-231c-4ea0-a6ce-9c8acd0a84f7,completed,2023-03-06 20:43:42.066461,,
13108d05-0d24-4363-8111-828cb688012c,completed,2023-03-06 20:43:42.066461,,
863a226b-2a86-46e4-9b5a-55219761093a,completed,2023-03-06 20:43:42.066461,,
3ccec537-71ea-43bc-a060-a824efe0f232,completed,2023-03-06 20:43:42.066461,,
9d696623-b6d5-4018-bcdc-d6e76bb9e1d0,completed,2023-03-06 20:43:42.066461,,
becb0185-1e4d-4e28-9532-55e715e97445,completed,2023-03-06 20:43:42.066461,,
4ac84548-b19b-4073-9775-1b0e5785ba4f,completed,2023-03-06 20:43:42.066461,,
a11e5a85-aaa0-44ee-8a3b-d21d6cf54bcd,completed,2023-03-06 20:43:42.066461,,
756fe66b-cb61-4612-b5c9-1a87a13d8764,completed,2023-03-06 20:43:42.066461,,
3c482a54-1d78-4b2e-8a01-c3d11b06ad17,completed,2023-03-06 20:43:42.066461,,
8f078f54-b53e-437e-9d64-b306dfcb7c21,completed,2023-03-06 20:43:42.066461,,
cad5d801-7195-44c4-93f5-13ce37e89ae5,completed,2023-03-06 20:43:42.066461,,
63e9125b-0ed4-49af-bed2-c8d406c97719,completed,2023-03-06 20:43:42.066461,,
ad1136b6-f32c-4a03-85de-8c2694e1b150,completed,2023-03-06 20:43:42.066461,,
d40afd42-9b11-4d83-818b-d340dec3f64c,completed,2023-03-06 20:43:42.066461,,
e2db3264-2821-4f6b-b0d1-620bcddc0f78,completed,2023-03-06 20:43:42.066461,,
ede670b1-e498-42a7-90cd-22089369a76f,completed,2023-03-06 20:43:42.066461,,
cbbaaaf0-0ea0-4c06-a603-f69713ddeed8,completed,2023-03-06 20:43:42.066461,,
53affeaf-0832-4234-a4df-70db08e184e4,completed,2023-03-06 20:43:42.066461,,
201eb385-1c23-457e-a9d4-445625055889,completed,2023-03-06 20:43:42.066461,,
43e860af-cf75-41f6-995a-8bb15d194cdd,completed,2023-03-06 20:43:42.066461,,
a7146333-df2d-42c3-9c57-f6743e169658,completed,2023-03-06 20:43:42.066461,,
89ba0be3-bd73-4066-b0c4-672e97302ef6,completed,2023-03-06 20:43:42.066461,,
94d6a92f-777c-4d99-bfa1-ca7c5125dc38,completed,2023-03-06 20:43:42.066461,,
482584aa-8d3e-4562-95f1-9023c75aac5b,completed,2023-03-06 20:43:42.066461,,
93dc482d-4f80-4c35-9de1-152ab6afd180,completed,2023-03-06 20:43:42.066461,,
b907312d-65b7-4bde-9a85-8740f3c16635,completed,2023-03-06 20:43:42.066461,,
32794ab2-b116-4299-9e1d-80d7800c5d6a,completed,2023-03-06 20:43:42.066461,,
f81a15a7-d44a-487a-ab75-5f97a9caf811,completed,2023-03-06 20:43:42.066461,,
2ce38a37-9262-4400-82d7-dd7cca969b20,completed,2023-03-06 20:43:42.066461,,
29d617b7-92df-416d-b804-04ff4ea3ea7c,completed,2023-03-06 20:43:42.066461,,
f27f4787-839f-4b0b-827d-678bc5cb4928,completed,2023-03-06 20:43:42.066461,,
5b825df8-a220-4f5f-9a48-7576362f49a9,completed,2023-03-06 20:43:42.066461,,
e6a79659-ffac-4f84-8652-da69580993cf,completed,2023-03-06 20:43:42.066461,,
18c69c82-8a9a-4e67-a7e2-05ddf385f374,completed,2023-03-06 20:43:42.066461,,
45dff59e-386e-4c53-92e3-cc682ec0ef75,completed,2023-03-06 20:43:42.066461,,
26bfb31c-a974-4c7f-9694-3fd1eda318f4,completed,2023-03-06 20:43:42.066461,,
f6217931-ff1b-400e-b35a-6181e956ab7f,completed,2023-03-06 20:43:42.066461,,
314a1d85-7690-4670-ad95-8b478eb86db2,completed,2023-03-06 20:43:42.066461,,
ca3dd040-92f6-49df-a73d-4599fe413165,failed,2023-03-06 20:43:42.066461,,
0b5d2635-8045-4763-800c-1390847913fa,completed,2023-03-06 20:43:42.066461,,
34d4ae08-7ab8-4e88-bbc6-563fc85da3f2,completed,2023-03-06 20:43:42.066461,,
65bc846c-d778-4c2c-9d27-fe798ca69140,completed,2023-03-06 20:43:42.066461,,
26d2e7c6-16fc-4dc7-9bc2-48f661086ebb,completed,2023-03-06 20:43:42.066461,,
821a6cbe-535f-4793-85d4-14b404644f27,completed,2023-03-06 20:43:42.066461,,
cc773b8e-51f7-4537-87af-f46d8a969c7f,completed,2023-03-06 20:43:42.066461,,
324ae7dd-98cd-49b4-a94b-6f32431625e3,completed,2023-03-06 20:43:42.066461,,
61673a66-9578-474a-b453-9806d95e63de,completed,2023-03-06 20:43:42.066461,,
14127e8d-5abe-4a03-9782-9e0979c0b2a6,completed,2023-03-06 20:43:42.066461,,
f23aaf48-569c-4327-8198-0cdf74aac0b1,completed,2023-03-06 20:43:42.066461,,
cfe3f45a-5c1a-4f1f-9140-9ccedceffad4,completed,2023-03-06 20:43:42.066461,,
2fdadc09-9bad-4571-b159-ec00ddabcfcb,completed,2023-03-06 20:43:42.066461,,
f6379092-aec1-47e9-af5a-0a629288f7cc,completed,2023-03-06 20:43:42.066461,,
919533bc-9470-48eb-84d4-192608792876,completed,2023-03-06 20:43:42.066461,,
664926a7-e4f6-4acf-9700-2805b58a4e87,completed,2023-03-06 20:43:42.066461,,
177a53bb-8316-4b8a-9007-e2f7c6ffd0a9,completed,2023-03-06 20:43:42.066461,,
e1a99874-ff4a-4e57-9d8c-3d2b7d336d51,completed,2023-03-06 20:43:42.066461,,
f358e7ea-7bfe-4aa7-b910-ee12921f0e1b,completed,2023-03-06 20:43:42.066461,,
7bb6a376-b670-4481-949a-75cbdc5b5b57,completed,2023-03-06 20:43:42.066461,,
42449a2b-565a-4cd6-bcf8-d5bff25206fa,completed,2023-03-06 20:43:42.066461,,
023eb30c-6050-4b39-ac67-9ad3303e253b,completed,2023-03-06 20:43:42.066461,,
2ba15afa-8801-4a7e-ae55-108d732bc792,completed,2023-03-06 20:43:42.066461,,
f516e278-e587-4e86-9b79-b51b0aa7c4a8,completed,2023-03-06 20:43:42.066461,,
a1e3e850-ebf7-4857-90fc-5f10b7d19ce8,completed,2023-03-06 20:43:42.066461,,
cfc134db-4aa9-4de0-a9b8-0fb6cee3d46c,completed,2023-03-06 20:43:42.066461,,
3c1f720f-038c-476c-8e76-188dcb4c4fb4,completed,2023-03-06 20:43:42.066461,,
5d414311-e2f8-44bd-a1b5-713c059b2911,completed,2023-03-06 20:43:42.066461,,
32035ac7-ae47-418e-b727-9b893f9e447f,completed,2023-03-06 20:43:42.066461,,
d52f7738-0715-49f7-a0f0-9e6b15cffa25,completed,2023-03-06 20:43:42.066461,,
bfdbeda5-710d-4936-9cd9-90fff607dac8,completed,2023-03-06 20:43:42.066461,,
c414af3a-bf04-4655-9a26-a391aa189a9a,completed,2023-03-06 20:43:42.066461,,
e7116149-c6c7-4610-a467-3c772f1d9d6f,completed,2023-03-06 20:43:42.066461,,
1f625dd4-21f7-4585-afd7-80ef0ee7ab08,completed,2023-03-06 20:43:42.066461,,
6659dce5-81ba-4445-b8f6-c4940c3e1feb,completed,2023-03-06 20:43:42.066461,,
96c6add0-e12b-42d2-a897-e50c7b90a201,completed,2023-03-06 20:43:42.066461,,
5763ff4b-41aa-49cd-97a5-a912767050d8,completed,2023-03-06 20:43:42.066461,,
0696b071-5efb-4094-810c-3668bd31f8d7,completed,2023-03-06 20:43:42.066461,,
f23dec5f-c5ea-47cf-9d99-30a51f4e1933,completed,2023-03-06 20:43:42.066461,,
1bc936a2-414a-4db2-a89c-70ff43243715,completed,2023-03-06 20:43:42.066461,,
5dcc4698-e35a-421e-8b4d-5de66987bec9,completed,2023-03-06 20:43:42.066461,,
6a3be414-5617-468f-9c02-565f0aafc8e7,completed,2023-03-06 20:43:42.066461,,
224440d7-011f-41e4-9890-f97b34c7289a,completed,2023-03-06 20:43:42.066461,,
86b77b29-7ab8-47f0-a2f0-3ce59abf2269,completed,2023-03-06 20:43:42.066461,,
3a1d38cf-b1ab-4f07-ac2c-26360518fdee,completed,2023-03-06 20:43:42.066461,,
79efec56-eb02-415d-8bd2-c6cdf30aaf7a,completed,2023-03-06 20:43:42.066461,,
a4334113-20ff-4768-8fdf-d7299968db87,completed,2023-03-06 20:43:42.066461,,
94fadbb5-5651-4c68-ac5c-6f6d20bf4a43,completed,2023-03-06 20:43:42.066461,,
052145c6-1e37-45a9-9e89-7aca86e1f58e,completed,2023-03-06 20:43:42.066461,,
298fce6e-e308-4c10-ba82-da66eb9cafdc,completed,2023-03-06 20:43:42.066461,,
24e14029-9920-41dc-b9db-dbef32b3cad6,completed,2023-03-06 20:43:42.066461,,
74071387-07f2-4279-9e5b-86368f439ca2,completed,2023-03-06 20:43:42.066461,,
89e2d56e-dd69-4a19-8026-27d14f4b5259,completed,2023-03-06 20:43:42.066461,,
87ec7e5d-91d0-4c40-8b64-1cff14279dc5,completed,2023-03-06 20:43:42.066461,,
5011e767-6c9e-4118-b4d6-c1a0c2b51d0a,completed,2023-03-06 20:43:42.066461,,
bddca19a-5377-4608-9df7-ab1ec1ea9634,completed,2023-03-06 20:43:42.066461,,
b28f1c3b-a05e-4e50-ab44-4ede1f530a30,completed,2023-03-06 20:43:42.066461,,
5ea8035c-738c-4174-8ce5-608cb001deca,completed,2023-03-06 20:43:42.066461,,
e9741961-cfbd-403a-8e60-82f057bad224,completed,2023-03-06 20:43:42.066461,,
4575100a-f8ed-4fe2-a9ab-afb32df35758,completed,2023-03-06 20:43:42.066461,,
5b30b2c2-19ce-4088-8948-55307816b2e9,completed,2023-03-06 20:43:42.066461,,
c0273a52-55fb-4ff2-b3f4-2098853da4e9,completed,2023-03-06 20:43:42.066461,,
9b4ad45c-fa96-4a07-953a-7732091baac2,completed,2023-03-06 20:43:42.066461,,
3a68a2e1-5d39-48b1-9235-419485ea338c,completed,2023-03-06 20:43:42.066461,,
e7be4bdf-6b23-4a0a-86a5-9151bb1a7550,completed,2023-03-06 20:43:42.066461,,
da09c422-fd07-47d9-83c6-70f2e73593a7,completed,2023-03-06 20:43:42.066461,,
02879a12-e46e-4a33-b7a4-3f98f04b6b37,completed,2023-03-06 20:43:42.066461,,
9d3a05ea-ad59-4614-bfcf-a1f3ac538558,completed,2023-03-06 20:43:42.066461,,
4a8ec944-cd6d-4d29-8892-081e6e86002f,completed,2023-03-06 20:43:42.066461,,
8f8ffa86-084d-49c5-af0b-ca03db62adef,completed,2023-03-06 20:43:42.066461,,
1661457f-3e2a-453b-91aa-17b8ca5f84ab,completed,2023-03-06 20:43:42.066461,,
ca3fc439-b89f-4921-8561-f8e1394af198,completed,2023-03-06 20:43:42.066461,,
8eaec274-9536-4881-af09-e758754daea1,completed,2023-03-06 20:43:42.066461,,
527364bb-3bca-4752-a862-0ef41d1210f9,completed,2023-03-06 20:43:42.066461,,
81a1a42b-0eec-4522-aa30-b05918f53be6,completed,2023-03-06 20:43:42.066461,,
d7c03fbd-38f6-424c-8595-7cf3364fcbc3,completed,2023-03-06 20:43:42.066461,,
9c1ddbd5-be14-49d9-b21d-5cb1e6e598b3,completed,2023-03-06 20:43:42.066461,,
b8903115-dec3-4c8d-9972-0e864c975493,completed,2023-03-06 20:43:42.066461,,
a7f2a5b3-3f32-484c-b222-a0ec61781aaf,completed,2023-03-06 20:43:42.066461,,
afbdc83c-fdea-4656-8708-b3709138647b,completed,2023-03-06 20:43:42.066461,,
f6817544-48a7-4ccd-895e-513eb23376e9,completed,2023-03-06 20:43:42.066461,,
76b48073-6984-4097-89a3-fec531c03278,completed,2023-03-06 20:43:42.066461,,
868c41bf-8dc8-496e-bcf5-17940dc4cbeb,completed,2023-03-06 20:43:42.066461,,
aa625936-e15b-4cd6-8375-ad2a9c7b345f,completed,2023-03-06 20:43:42.066461,,
35df25b6-5b16-408b-8daf-0f279097a126,completed,2023-03-06 20:43:42.066461,,
b38f177a-3c73-4ba6-8770-905b91b4f304,completed,2023-03-06 20:43:42.066461,,
b49f77a7-9e2c-4704-942a-a4c74b330c4d,completed,2023-03-06 20:43:42.066461,,
bf50a3b2-29df-4634-abe1-62b52cbdf0d2,completed,2023-03-06 20:43:42.066461,,
58cc8e21-9105-46b0-9f68-a12e0eba11f6,completed,2023-03-06 20:43:42.066461,,
f4907103-bd54-4b6b-9b40-c8793f762506,completed,2023-03-06 20:43:42.066461,,
d06832e3-8b1d-48ba-8d8c-b23fd73a1f0e,completed,2023-03-06 20:43:42.066461,,
088bdaea-e4a6-4ea8-9142-a6648b1852b2,completed,2023-03-06 20:43:42.066461,,
a4d5e4bc-6d6b-4bd0-b397-2115058286c3,completed,2023-03-06 20:43:42.066461,,
767f199e-62e3-4cdd-8f98-551097cae331,completed,2023-03-06 20:43:42.066461,,
879ee489-726c-4e7b-a5a8-faf71f40e01f,completed,2023-03-06 20:43:42.066461,,
94d3eb7a-1a6f-4e4e-abba-8cad7eae98b0,completed,2023-03-06 20:43:42.066461,,
36ca1111-46de-4483-8bd4-9983c7e1575c,completed,2023-03-06 20:43:42.066461,,
8413ad68-2744-45f1-b9f5-ae7ece0748ff,completed,2023-03-06 20:43:42.066461,,
047d8eab-5b07-4004-a2a6-080e40b696ba,completed,2023-03-06 20:43:42.066461,,
8edeae3a-379b-4626-8b38-6f46a08bba73,completed,2023-03-06 20:43:42.066461,,
b1272197-4994-43cc-8ca0-c26970c11a4c,completed,2023-03-06 20:43:42.066461,,
5dbb7562-8883-499f-894d-fe5e46ce1559,completed,2023-03-06 20:43:42.066461,,
fa92d021-f549-497f-b6a7-4346f722f8ff,completed,2023-03-06 20:43:42.066461,,
fc2a0b7d-3a53-49bb-b789-0d5244eea55f,completed,2023-03-06 20:43:42.066461,,
e424c5c1-2283-4fac-91fe-6656f8219299,completed,2023-03-06 20:43:42.066461,,
95c90f3b-ba97-4d7e-81a6-ee062ca3347a,completed,2023-03-06 20:43:42.066461,,
a28b69d9-75bc-480f-8bdd-c22188cdfad5,completed,2023-03-06 20:43:42.066461,,
e75fe5e0-bd38-4280-b6ce-17c69008f0bd,completed,2023-03-06 20:43:42.066461,,
152b278e-072e-4bce-80f4-faf990af0a79,completed,2023-03-06 20:43:42.066461,,
addaf7fb-3f56-42e9-afd5-567bdafabdfe,completed,2023-03-06 20:43:42.066461,,
78de18c6-e83f-4ebd-a166-a77347637f64,completed,2023-03-06 20:43:42.066461,,
a5b70f42-2207-4064-95d1-27e3b09cc213,completed,2023-03-06 20:43:42.066461,,
7a5f4162-2e98-42ce-a447-9f4daacc5db5,completed,2023-03-06 20:43:42.066461,,
7863960d-4f91-4ba5-ba87-de550f8c4c57,completed,2023-03-06 20:43:42.066461,,
21a8e1cd-4ff1-4033-aa51-2eb60b1456d2,completed,2023-03-06 20:43:42.066461,,
96c87965-ca7d-4d71-beaa-9b6d1f986f2f,completed,2023-03-06 20:43:42.066461,,
af71bba6-9399-404a-ba8a-8ce8a164f28d,completed,2023-03-06 20:43:42.066461,,
8c4edaaa-0072-4d4f-8eb4-bd227b8e0203,completed,2023-03-06 20:43:42.066461,,
1b9a9679-970b-427d-98b8-e073ce57fbf3,completed,2023-03-06 20:43:42.066461,,
946b9848-1899-44db-9e2d-8bcca896ff0e,completed,2023-03-06 20:43:42.066461,,
a17be0ce-ad2f-42b7-91c6-a8056316c447,completed,2023-03-06 20:43:42.066461,,
889d5765-4f2e-4576-b648-04835d127502,completed,2023-03-06 20:43:42.066461,,
3053700c-55ad-4f82-bfd0-69a556b793a3,completed,2023-03-06 20:43:42.066461,,
81cfd14a-a474-4eb8-b09b-503ac8901f3b,completed,2023-03-06 20:43:42.066461,,
c0cb1669-cf4a-4274-be28-834a8933845c,completed,2023-03-06 20:43:42.066461,,
95eeefa2-b513-4398-af16-9bca07672462,completed,2023-03-06 20:43:42.066461,,
ef1a211e-6564-4a3d-bec3-8c1fbbec1c15,completed,2023-03-06 20:43:42.066461,,
e28b8774-e0ea-4ab8-9fbe-35136cb44329,completed,2023-03-06 20:43:42.066461,,
92382800-ec66-4e7b-9767-a077c757dbc6,completed,2023-03-06 20:43:42.066461,,
77f0de19-f71b-43bb-addf-926d1fd056fe,completed,2023-03-06 20:43:42.066461,,
1080ca96-4f2c-40b5-b6fe-d7b967e08896,completed,2023-03-06 20:43:42.066461,,
04b838cc-a604-44d6-9802-3b9970a08f24,completed,2023-03-06 20:43:42.066461,,
f2348be5-39b4-4037-8b52-1d3ab1048191,completed,2023-03-06 20:43:42.066461,,
8d83dd27-28c0-4bbb-866b-c7f1bd5a0705,completed,2023-03-06 20:43:42.066461,,
fc23c58a-3d17-4cfb-b375-ad5b8d55a328,completed,2023-03-06 20:43:42.066461,,
7bfa8138-3b17-4e5d-991c-a1d8acab3fee,completed,2023-03-06 20:43:42.066461,,
12772bd7-965c-4d4b-bbfe-d9526dcb70e8,completed,2023-03-06 20:43:42.066461,,
4c103180-d5b7-40c4-9dd7-8fc6fdffac76,completed,2023-03-06 20:43:42.066461,,
971546a5-3c0b-4f54-81f6-ebd538672169,completed,2023-03-06 20:43:42.066461,,
e4cf74bb-79fb-43fe-80af-65783a200111,completed,2023-03-06 20:43:42.066461,,
d951042c-a3a3-4847-9d9f-5520de2c056a,completed,2023-03-06 20:43:42.066461,,
dd7b4be7-890e-44e9-ac1e-68bd639844b2,completed,2023-03-06 20:43:42.066461,,
bf7cb2f4-7a2c-4bad-bf38-9be6c6d711bc,completed,2023-03-06 20:43:42.066461,,
9c05457d-dee5-451d-988d-e4ca2e3e5955,completed,2023-03-06 20:43:42.066461,,
31f84d34-0fa6-4447-ad49-d10c9ff4256d,completed,2023-03-06 20:43:42.066461,,
68563759-d2d4-4ac9-8d24-32f962fca762,completed,2023-03-06 20:43:42.066461,,
53f16dfe-7cc6-45b3-9185-dc5f2c0b5eff,completed,2023-03-06 20:43:42.066461,,
31763615-887a-421b-9717-cc797faf0c17,completed,2023-03-06 20:43:42.066461,,
0da18da9-e853-4d30-b159-cc79f26c1c4d,completed,2023-03-06 20:43:42.066461,,
8b34c388-2ea4-4938-bb40-289f9c449675,completed,2023-03-06 20:43:42.066461,,
1a6e51b3-200d-4fa5-bab4-16e096890d21,completed,2023-03-06 20:43:42.066461,,
f109d6ec-dfa8-4a45-8eff-699938e43715,completed,2023-03-06 20:43:42.066461,,
cb0f9d7a-e8e2-4165-aa2c-40636bb778fe,completed,2023-03-06 20:43:42.066461,,
4324ac30-0e21-4847-9d5d-22b256496de9,completed,2023-03-06 20:43:42.066461,,
51f2e766-d4ed-4257-9cc4-a1a17bd7c69b,completed,2023-03-06 20:43:42.066461,,
a3febf5b-ce27-4417-a6cd-66ee3701296b,completed,2023-03-06 20:43:42.066461,,
59a9f73a-7438-46a4-b71b-a76282db56cc,completed,2023-03-06 20:43:42.066461,,
f69e6d96-046b-4155-9f2b-2e51f0e45048,completed,2023-03-06 20:43:42.066461,,
50866350-0cfa-4eca-9902-e5ff668dea34,failed,2023-03-06 20:43:42.066461,,
a215b7b4-a28f-4c95-ae97-b4f2fc27c605,completed,2023-03-06 20:43:42.066461,,
69167c69-fd47-4711-ad1d-951ad4a80efb,completed,2023-03-06 20:43:42.066461,,
20b8c4a6-9d92-4bcd-8146-b6de08058289,completed,2023-03-06 20:43:42.066461,,
762b7efe-4573-44dd-8e1e-055ca25b1248,completed,2023-03-06 20:43:42.066461,,
205c76c9-683a-4e12-bd1f-b30eb31e2a55,completed,2023-03-06 20:43:42.066461,,
588f1293-dbb7-4dea-88e9-31a11d7f992a,completed,2023-03-06 20:43:42.066461,,
db1ab9f1-9059-4ef0-9cb2-ba7c25678b80,completed,2023-03-06 20:43:42.066461,,
a2ca18f1-710c-476d-ac60-347fdc89d51a,completed,2023-03-06 20:43:42.066461,,
a9d4f8c2-a53c-4134-806a-c9311631058b,completed,2023-03-06 20:43:42.066461,,
90bf31ab-d52e-415b-b288-91845b6e432e,completed,2023-03-06 20:43:42.066461,,
43e3f561-ae88-492d-8edf-4c3a5d463c87,completed,2023-03-06 20:43:42.066461,,
71989135-64c5-4ec5-8d0b-9a025532e48c,completed,2023-03-06 20:43:42.066461,,
ce5d8165-25f3-4f83-a7dc-1daf0a2590df,completed,2023-03-06 20:43:42.066461,,
b950aa77-1cb3-414e-8703-7be6b1b3cd66,completed,2023-03-06 20:43:42.066461,,
403d3851-833c-482b-b648-2568359313e1,completed,2023-03-06 20:43:42.066461,,
0539ab64-b9d3-4edd-a3cc-e169173dc803,completed,2023-03-06 20:43:42.066461,,
452e9a2a-b2b9-4ecd-aa54-d2a0e2a9af57,completed,2023-03-06 20:43:42.066461,,
c908b74d-053d-499d-b7a8-98b1d2f84d61,completed,2023-03-06 20:43:42.066461,,
5883c890-634f-4200-be37-bc9ba96e66c3,completed,2023-03-06 20:43:42.066461,,
ca88c82e-2823-4d49-86ee-fdf209a54d2d,completed,2023-03-06 20:43:42.066461,,
f4fc1e3c-4ae6-429e-a2ce-f5bce50c7806,completed,2023-03-06 20:43:42.066461,,
b036ce3c-ce49-4a5a-bdcc-3d1e930dbf92,completed,2023-03-06 20:43:42.066461,,
c9fd1b9b-65e4-4950-a8ee-11d1539916d7,completed,2023-03-06 20:43:42.066461,,
ae641902-28f0-48be-abde-ca2ab53ae044,completed,2023-03-06 20:43:42.066461,,
bf9032d8-3b2a-44a0-b1bb-fd696b7d2188,completed,2023-03-06 20:43:42.066461,,
6f47f1ff-c542-4bd0-a2bb-022c0f9da14a,completed,2023-03-06 20:43:42.066461,,
f7de6eeb-7d6a-488c-ac3b-bafdc027eb89,completed,2023-03-06 20:43:42.066461,,
a9c1d282-75a3-44ee-8676-3c59428cab6d,completed,2023-03-06 20:43:42.066461,,
aa756d19-1ab9-418d-84a8-44217276c7aa,completed,2023-03-06 20:43:42.066461,,
aae17177-9cb6-458b-a32b-b95669d07002,completed,2023-03-06 20:43:42.066461,,
a6f22fdd-8804-4ba2-b2da-c3387063def0,completed,2023-03-06 20:43:42.066461,,
ab5fa7b5-c35a-4dfa-b57b-6e528504f8f8,completed,2023-03-06 20:43:42.066461,,
8b272bd1-3cee-4525-89d7-7306c4c8bac7,completed,2023-03-06 20:43:42.066461,,
7dc57b11-d49c-40cb-937d-7124f7011049,completed,2023-03-06 20:43:42.066461,,
2cd60673-c0c2-4a31-b9be-94f0d1ebd0ca,completed,2023-03-06 20:43:42.066461,,
7881f669-8f92-41d9-8a43-9eaec320376f,completed,2023-03-06 20:43:42.066461,,
2a89df5f-2857-46bc-9ec3-12dc4243ef89,completed,2023-03-06 20:43:42.066461,,
9040cf1a-6f86-4112-932c-2a6e480f380b,completed,2023-03-06 20:43:42.066461,,
32696b7e-cfc7-4417-b270-6aa277742f38,completed,2023-03-06 20:43:42.066461,,
7a8c4c34-ca0d-43a2-a511-d21703e716b5,completed,2023-03-06 20:43:42.066461,,
2a2efc1d-2f1a-449d-92d4-602eda6706e2,completed,2023-03-06 20:43:42.066461,,
0dc7328e-f8d7-4edf-ab06-ce15ff61c1e8,completed,2023-03-06 20:43:42.066461,,
b60bb6e0-722c-44e8-aaaf-5df3f7cf4532,completed,2023-03-06 20:43:42.066461,,
ff54bcae-0bf2-42ae-96d5-54ebb0364f57,completed,2023-03-06 20:43:42.066461,,
130965a6-ef6c-4b1f-b5c7-995865c3821f,completed,2023-03-06 20:43:42.066461,,
c1827440-89c8-4254-8959-fcf730e3df2f,completed,2023-03-06 20:43:42.066461,,
f353fc2e-1b09-408c-bc88-e5bef2f1e29a,completed,2023-03-06 20:43:42.066461,,
5997b403-1e38-4cac-988b-e17b07a85080,completed,2023-03-06 20:43:42.066461,,
2dfaf7df-0994-4f05-920d-25750dbf23e0,completed,2023-03-06 20:43:42.066461,,
810cbf4c-d7c2-4f35-9101-7425008db41d,completed,2023-03-06 20:43:42.066461,,
09925d7a-cedb-4c6f-9be6-d7d7ae0b9ff1,completed,2023-03-06 20:43:42.066461,,
22154229-a5ce-4fda-a67a-e2a7ecd70284,completed,2023-03-06 20:43:42.066461,,
91332f4b-7bb9-4821-83d7-7a2c1fb40344,completed,2023-03-06 20:43:42.066461,,
a643e56e-60c4-4bc7-82ee-2b3be168964f,completed,2023-03-06 20:43:42.066461,,
633d0630-b104-44bf-b26c-c76dc68ffa40,completed,2023-03-06 20:43:42.066461,,
530eb39b-92ea-459e-867b-09f14fba24c3,completed,2023-03-06 20:43:42.066461,,
aff51ca8-a24d-4c05-b063-0648d9f58ecb,completed,2023-03-06 20:43:42.066461,,
abd0e283-d18c-4a45-a902-f51444d5e776,completed,2023-03-06 20:43:42.066461,,
75bbdc0f-7759-45ed-9d0c-b071f4489e1d,completed,2023-03-06 20:43:42.066461,,
0e4e20bf-809c-43e2-87cf-6e98b5d7d2f3,completed,2023-03-06 20:43:42.066461,,
4eb393bd-dc18-448d-a95b-9d01c38de295,completed,2023-03-06 20:43:42.066461,,
d37aa2b8-2f8e-4bd5-913b-2fd327f49565,completed,2023-03-06 20:43:42.066461,,
625e111c-da8a-47d3-968d-2201df1c2ff4,completed,2023-03-06 20:43:42.066461,,
40306a25-3998-40e2-ac0d-04aaa11d3d08,completed,2023-03-06 20:43:42.066461,,
412f33d4-6c8a-4ba2-954c-477323fd4a78,completed,2023-03-06 20:43:42.066461,,
4ce28fff-c52a-4d1f-94d8-4f01526866c1,completed,2023-03-06 20:43:42.066461,,
3de2e28e-81cb-457c-9cb4-2de7faf597e0,completed,2023-03-06 20:43:42.066461,,
3ba2aee5-4aa6-4ccf-b7f2-cd8fc97afc35,completed,2023-03-06 20:43:42.066461,,
41aa5a86-4952-4349-8dc5-654f84dd2a2d,completed,2023-03-06 20:43:42.066461,,
14173053-c411-423b-932d-a9b173f10fa4,completed,2023-03-06 20:43:42.066461,,
8c840dd1-ea99-4b29-84b6-6e53f0812ec9,completed,2023-03-06 20:43:42.066461,,
4249aba7-c050-4528-bf6c-30daed5302cd,completed,2023-03-06 20:43:42.066461,,
d1aa265e-61c7-411a-9f32-0d6324a517ac,completed,2023-03-06 20:43:42.066461,,
a16c865e-7b01-443c-8726-205b0994039a,completed,2023-03-06 20:43:42.066461,,
10437ee9-038d-43c8-9ad7-5a185a0430dc,completed,2023-03-06 20:43:42.066461,,
b761727e-41c8-4ce2-9d53-565c48994ffb,completed,2023-03-06 20:43:42.066461,,
950d1ba0-c608-41d7-93cf-ae1d58f8fc72,completed,2023-03-06 20:43:42.066461,,
b51f0f7f-cf9c-429a-b281-7dfa3ccfcd75,completed,2023-03-06 20:43:42.066461,,
74ca2618-aba8-46fd-a8dd-f25afd8898a5,completed,2023-03-06 20:43:42.066461,,
da506090-349e-4b68-8289-4c9878006ba0,completed,2023-03-06 20:43:42.066461,,
7bdb5cfa-dcca-460d-a7ed-97ef588f6017,completed,2023-03-06 20:43:42.066461,,
fa3f8b5e-7311-48c0-bf59-183062865834,completed,2023-03-06 20:43:42.066461,,
77d5170f-acc0-4b74-bfdd-2b1e81a3405e,completed,2023-03-06 20:43:42.066461,,
63d313ed-c7cd-437c-a5dc-e4b4870b6785,completed,2023-03-06 20:43:42.066461,,
288352d3-5035-4202-8e69-18fa2715c31a,completed,2023-03-06 20:43:42.066461,,
bc9be4fd-0017-4e29-bb07-408b3be0b978,completed,2023-03-06 20:43:42.066461,,
a5911cdd-b084-4943-9df0-3a5d5b34bf5f,completed,2023-03-06 20:43:42.066461,,
a034ed48-c780-4aa3-9c40-fcf19f86d75d,completed,2023-03-06 20:43:42.066461,,
4850c534-29b5-445b-9b79-0de6f07665e6,completed,2023-03-06 20:43:42.066461,,
8ed30ba1-270c-44f0-af68-53c365273284,completed,2023-03-06 20:43:42.066461,,
85c76a87-c91a-4c83-8037-7e5d29834990,completed,2023-03-06 20:43:42.066461,,
c2245f10-580d-4170-83dd-246afd9f80a2,completed,2023-03-06 20:43:42.066461,,
772fe945-790b-4e94-8a39-e413b33f8945,completed,2023-03-06 20:43:42.066461,,
28ce5b35-affb-4975-b488-1fcb8e76c9a1,completed,2023-03-06 20:43:42.066461,,
01e6c391-e2b7-49ec-88d5-d649261b1575,completed,2023-03-06 20:43:42.066461,,
6c8ae266-2d21-4b33-9255-1c0a38208f7d,completed,2023-03-06 20:43:42.066461,,
82bf37a3-3cb0-4a03-9f4c-b62f540ddba6,completed,2023-03-06 20:43:42.066461,,
b5665f75-6c5b-467f-af5c-89bf06e105a5,completed,2023-03-06 20:43:42.066461,,
74152192-857a-4fa3-8203-bb04147c708b,completed,2023-03-06 20:43:42.066461,,
f0997dc5-9aae-4807-9fd6-2e3590cd6c8a,completed,2023-03-06 20:43:42.066461,,
ec94f8f2-604a-4c3b-b70e-4f47056706fb,completed,2023-03-06 20:43:42.066461,,
c78cf2bb-a62a-4e1f-a9af-086ac01e3947,completed,2023-03-06 20:43:42.066461,,
cce0ec7b-749f-44d9-aac7-5bb3220410b4,completed,2023-03-06 20:43:42.066461,,
a47ed2a1-327d-4760-8c69-4d11ace5ae8f,failed,2023-03-06 20:43:42.066461,,
ca8bddfc-fd97-4cb0-abf1-7c4991a303a6,completed,2023-03-06 20:43:42.066461,,
66a3d1f8-0ff7-4cf0-a345-1d8e968f1d56,completed,2023-03-06 20:43:42.066461,,
02ec363c-2658-48ff-895b-8d9f56ba7f8e,completed,2023-03-06 20:43:42.066461,,
abb85817-d578-44c4-9c85-9a5a1c701227,completed,2023-03-06 20:43:42.066461,,
78979d01-c579-40c1-a28c-d64b0e4ef361,completed,2023-03-06 20:43:42.066461,,
40cbdca0-664a-440d-a7a3-55512d7de6bc,completed,2023-03-06 20:43:42.066461,,
7c2b0e44-3b4e-4f5c-bda6-26264775aa72,completed,2023-03-06 20:43:42.066461,,
a738115a-f202-4342-a79f-1c4572ce082f,completed,2023-03-06 20:43:42.066461,,
feb1a919-7cb1-4269-b4c7-ca48a63c6ced,completed,2023-03-06 20:43:42.066461,,
02be1ed3-e868-4ac7-b967-6af0cfd43f14,completed,2023-03-06 20:43:42.066461,,
8e908996-0f1d-4d45-b085-e1dc2cd16d4d,completed,2023-03-06 20:43:42.066461,,
e31e7847-c770-4121-b1f9-e17b87dd6ee0,completed,2023-03-06 20:43:42.066461,,
dc5a6f13-181c-46f6-9a73-151c4e45c1a6,completed,2023-03-06 20:43:42.066461,,
a6c32aff-fa28-4773-9d03-c6006868a73e,completed,2023-03-06 20:43:42.066461,,
27e4966e-edf0-4dfc-b144-d1eb6c484455,completed,2023-03-06 20:43:42.066461,,
33bc8d8b-91a8-490b-bff4-b718ee4c5eaf,completed,2023-03-06 20:43:42.066461,,
22cb0d57-fe7c-40e9-87c3-cb41a2e4c697,completed,2023-03-06 20:43:42.066461,,
30d8dc95-41fc-4ed8-8c8b-06674b26fe12,completed,2023-03-06 20:43:42.066461,,
ae879cd5-4d9b-44aa-8faf-c1df7fd3b323,completed,2023-03-06 20:43:42.066461,,
1ad18857-6d10-460e-8e03-f26b9732e419,completed,2023-03-06 20:43:42.066461,,
f4b8f5cf-30ad-471a-848b-5669af38ba92,completed,2023-03-06 20:43:42.066461,,
d44d88ea-7646-46bc-863d-e4c084f73a82,completed,2023-03-06 20:43:42.066461,,
8c1a5615-fde6-45f1-9309-f8df6793a6df,completed,2023-03-06 20:43:42.066461,,
511c0c94-9892-4118-9217-188911c21ed9,completed,2023-03-06 20:43:42.066461,,
252d430b-ba58-42e3-882d-9866fee663a8,completed,2023-03-06 20:43:42.066461,,
b76fa3d5-2c5d-48f4-a1ca-1d94a7a0bfaa,completed,2023-03-06 20:43:42.066461,,
1adc53d0-3606-416b-a8b0-92a5340d1b49,completed,2023-03-06 20:43:42.066461,,
24910329-a5f6-4d60-af29-d60636037685,completed,2023-03-06 20:43:42.066461,,
442357e9-48e4-4a33-90a8-6e13975f269e,completed,2023-03-06 20:43:42.066461,,
7d12e537-87b0-47f2-89bd-52685d92d11b,completed,2023-03-06 20:43:42.066461,,
8488e5d8-940c-4d30-bd30-7a14ac0a09a1,completed,2023-03-06 20:43:42.066461,,
fe7379c9-8cda-4f32-ad3e-3bc453d0b387,completed,2023-03-06 20:43:42.066461,,
694a086d-9304-4786-8e65-92810822e556,completed,2023-03-06 20:43:42.066461,,
3d934601-f03b-4842-a23b-e7450576765b,completed,2023-03-06 20:43:42.066461,,
3c7f2eaa-f28d-468e-a05c-3339534ea16f,completed,2023-03-06 20:43:42.066461,,
d074e77a-dafc-41e9-9acc-535f314fbc11,completed,2023-03-06 20:43:42.066461,,
895b824d-f545-41fa-a908-f398eea3e1df,completed,2023-03-06 20:43:42.066461,,
139e63c9-b577-49c8-a399-594a8b17f769,completed,2023-03-06 20:43:42.066461,,
bf53c8ed-f61e-4d1f-bddf-e2e67b676861,completed,2023-03-06 20:43:42.066461,,
2e2493dd-bfd8-4866-b6a4-4cdb0d165fc2,completed,2023-03-06 20:43:42.066461,,
5bca4648-a9f0-4705-b8d7-c24045b96391,completed,2023-03-06 20:43:42.066461,,
0167f51f-5730-4636-b23b-a85febed30e4,completed,2023-03-06 20:43:42.066461,,
43ee5511-891c-43b1-a8ed-2b0760af66d6,completed,2023-03-06 20:43:42.066461,,
de797a05-d8a9-496a-8f8c-a18201085264,completed,2023-03-06 20:43:42.066461,,
08481ff5-7bba-4466-bc41-8fb4ea4294a8,completed,2023-03-06 20:43:42.066461,,
42334afd-b56f-4468-964c-738830de5168,completed,2023-03-06 20:43:42.066461,,
acbffa10-e6c1-409e-9278-3d069cdff80c,completed,2023-03-06 20:43:42.066461,,
bd113877-daeb-4396-90d5-f9755ed003af,completed,2023-03-06 20:43:42.066461,,
cfa0349b-f65f-405a-a15d-f11896af4640,completed,2023-03-06 20:43:42.066461,,
a2a73604-d271-4470-8add-3e077d49151a,completed,2023-03-06 20:43:42.066461,,
b6fa035f-5386-4154-8cd8-413a40473c4f,completed,2023-03-06 20:43:42.066461,,
5bdadd1f-f9a3-46bb-bf74-df776a506df6,completed,2023-03-06 20:43:42.066461,,
8fab3c10-0ef1-4d0b-896c-db1f04cf07ac,completed,2023-03-06 20:43:42.066461,,
4b161413-eeca-4d18-8367-2746c033008a,completed,2023-03-06 20:43:42.066461,,
ef960063-c6ef-48cd-be09-c47c15ad9a6c,completed,2023-03-06 20:43:42.066461,,
6cf0f0fc-02b0-4181-950c-0fad43e802da,completed,2023-03-06 20:43:42.066461,,
21d4df74-55ec-49bb-8ff3-033dc6d359e8,completed,2023-03-06 20:43:42.066461,,
0fea7e91-c160-410d-9702-3bb9e6a7a037,completed,2023-03-06 20:43:42.066461,,
c18b44af-385c-4684-985b-d89a04c30323,completed,2023-03-06 20:43:42.066461,,
812909bc-8695-4e48-a5ea-0a7845246776,completed,2023-03-06 20:43:42.066461,,
b4c2c7f7-4708-447b-8e6c-820b8a7f497e,completed,2023-03-06 20:43:42.066461,,
0cdaf094-dccb-4d66-815c-87ba262c1c69,completed,2023-03-06 20:43:42.066461,,
b8425b31-65b3-4df1-b61f-9b27bae604e5,completed,2023-03-06 20:43:42.066461,,
ac99d1d9-d875-49ce-9015-f745c559c803,completed,2023-03-06 20:43:42.066461,,
e6a37c3a-af54-49bd-91e8-e93500e4e637,completed,2023-03-06 20:43:42.066461,,
4078f780-40f0-48d7-8a28-2a1ae8cd4b9f,completed,2023-03-06 20:43:42.066461,,
da23c475-5335-4281-a43a-bcbc6c6be703,completed,2023-03-06 20:43:42.066461,,
7fcf160a-37f2-464e-8d28-d044233d8f1a,completed,2023-03-06 20:43:42.066461,,
cb573249-74ac-4b1c-b1c5-ed9f30ca7353,completed,2023-03-06 20:43:42.066461,,
e54b418a-a9e5-446a-9b46-4aed59089922,completed,2023-03-06 20:43:42.066461,,
a5352a6a-bbea-4bf0-a7a7-93eecffdf13e,completed,2023-03-06 20:43:42.066461,,
fd2191bd-9cbf-4a8a-91df-134d6332965b,completed,2023-03-06 20:43:42.066461,,
96ff810d-e6cf-4145-bf1a-499983ad31e2,completed,2023-03-06 20:43:42.066461,,
9d6b1a8c-26ea-4329-bd35-9f8246bbf229,completed,2023-03-06 20:43:42.066461,,
50529d22-6a4f-4222-8402-37f77a20ed29,completed,2023-03-06 20:43:42.066461,,
019fa0e0-3c67-4965-b879-79f49148f390,completed,2023-03-06 20:43:42.066461,,
346045e9-3044-49fb-bd9a-3e68950af8ad,completed,2023-03-06 20:43:42.066461,,
8d8693bc-97d6-437d-88cb-33584c6ebe5b,completed,2023-03-06 20:43:42.066461,,
5fb26924-4045-42bf-8b78-172a989a1ac9,completed,2023-03-06 20:43:42.066461,,
15cc5884-4293-4029-8a63-415f2640a3db,completed,2023-03-06 20:43:42.066461,,
81973821-f8dd-4d8f-a490-e9daf7fedd74,completed,2023-03-06 20:43:42.066461,,
6146c3bc-85ee-4c57-bae1-0944ad9acad0,completed,2023-03-06 20:43:42.066461,,
b30f2d2e-3da2-4086-b1b3-8b30141cfab8,completed,2023-03-06 20:43:42.066461,,
fa9779c5-466d-43fa-9f5e-323c367b9232,completed,2023-03-06 20:43:42.066461,,
8dad8eb1-062e-4541-9c98-30f8554a1aa5,completed,2023-03-06 20:43:42.066461,,
8d4efee2-5713-4296-b9cc-c35228e2d46f,completed,2023-03-06 20:43:42.066461,,
35d5bc7c-1db0-464b-8995-224ab8b3465f,completed,2023-03-06 20:43:42.066461,,
1bfa3be4-91bd-4d6f-a795-97ff61e20e94,completed,2023-03-06 20:43:42.066461,,
735f3edb-9310-4635-b7f4-1ea1f18774b2,completed,2023-03-06 20:43:42.066461,,
e91acb65-e90b-4b74-911f-5556db0fe7c1,completed,2023-03-06 20:43:42.066461,,
72012ba4-3afa-4751-9de7-12f14e2c54f1,completed,2023-03-06 20:43:42.066461,,
2d875f32-992b-4865-9a9c-bd28de084163,completed,2023-03-06 20:43:42.066461,,
6aa865af-63d3-498c-9a34-6e9518ce1e54,completed,2023-03-06 20:43:42.066461,,
971af7bc-a03d-4a21-92bb-8eac9d3185af,completed,2023-03-06 20:43:42.066461,,
bf2f127b-c3df-4496-98fb-7a0e157429cc,completed,2023-03-06 20:43:42.066461,,
8df1d41e-bce5-4129-8274-862baa0e6a30,completed,2023-03-06 20:43:42.066461,,
6e6a2661-8ece-4911-8108-7fcdc3843095,completed,2023-03-06 20:43:42.066461,,
22cea88c-3314-4eb1-a6d9-baaa88424f85,completed,2023-03-06 20:43:42.066461,,
cf62e81c-c754-43dc-8d67-ab6411559fc1,completed,2023-03-06 20:43:42.066461,,
6938556b-0b8e-458b-bfd6-30d4d542d792,completed,2023-03-06 20:43:42.066461,,
1f86915b-7ade-4957-93bb-8fea9e6c3c91,completed,2023-03-06 20:43:42.066461,,
2eec475a-fb88-48c9-af7b-d59329e65086,completed,2023-03-06 20:43:42.066461,,
d18b9a5c-08d8-4d3d-aa50-0e1b0726e882,completed,2023-03-06 20:43:42.066461,,
5b138cdb-d093-422b-94f2-e477d1515d5c,completed,2023-03-06 20:43:42.066461,,
100cdcf8-5eec-49f0-b080-9ab55762c35f,completed,2023-03-06 20:43:42.066461,,
6710a678-c79d-4d90-bdcc-15aefc1ea1be,completed,2023-03-06 20:43:42.066461,,
295933e2-9792-4703-a69b-41f28cc089e6,completed,2023-03-06 20:43:42.066461,,
eaf60182-e7da-43a5-9a53-d45ffbece3d4,completed,2023-03-06 20:43:42.066461,,
f1f8c12f-b4af-4fca-afde-8e6b0413551a,completed,2023-03-06 20:43:42.066461,,
8c60d75d-fe45-48dd-9160-82d72420a1f3,completed,2023-03-06 20:43:42.066461,,
c70ceaa3-0be4-4d61-97de-2cd7b7c04c94,completed,2023-03-06 20:43:42.066461,,
56db6f78-0e76-422e-a8dc-bb3862ac8d34,completed,2023-03-06 20:43:42.066461,,
bc66940e-cb8a-46c7-a429-152831534399,completed,2023-03-06 20:43:42.066461,,
61a5db15-abae-45ef-84be-bd3adc8c87a5,completed,2023-03-06 20:43:42.066461,,
2a47f2f7-07a0-4442-8877-317a2e57f942,completed,2023-03-06 20:43:42.066461,,
87565215-2aaa-40d6-8c60-4647589a4981,completed,2023-03-06 20:43:42.066461,,
681e60bb-488c-41fb-96ac-dc3235933d18,completed,2023-03-06 20:43:42.066461,,
62f95050-78cb-48ee-a947-0425d20b21cd,completed,2023-03-06 20:43:42.066461,,
b10946d8-4de5-4e9c-bcb0-dbcfddc63a51,completed,2023-03-06 20:43:42.066461,,
e1d2ec74-de5f-49b9-a77c-92ce65d34529,completed,2023-03-06 20:43:42.066461,,
319e33c4-d313-49de-a925-eb90d4a49158,completed,2023-03-06 20:43:42.066461,,
f6c92c40-5e10-4a74-9848-a2be8acc3e5d,completed,2023-03-06 20:43:42.066461,,
c1a4fcb2-72d3-43df-98e6-3d78175680ac,completed,2023-03-06 20:43:42.066461,,
fbeb092a-d905-4bb7-b42b-47daf9d77266,completed,2023-03-06 20:43:42.066461,,
fc3f277e-05f5-471f-8853-fa3729bec888,completed,2023-03-06 20:43:42.066461,,
b5d19aea-c9c8-499f-972d-67876964915b,completed,2023-03-06 20:43:42.066461,,
f8f347c9-1b7a-4209-a19a-eb322e54cd97,completed,2023-03-06 20:43:42.066461,,
af4a14f0-59d2-4ec1-81f8-dd47da47b941,completed,2023-03-06 20:43:42.066461,,
4fb09118-5add-43cf-806c-0b799054ea57,completed,2023-03-06 20:43:42.066461,,
d0de6a1d-147e-48b3-a684-33eb263c0083,completed,2023-03-06 20:43:42.066461,,
d5477669-7370-4aa3-afc1-f6e4fd976e32,completed,2023-03-06 20:43:42.066461,,
d0f88b66-c589-4aec-88b8-663df7c486c5,completed,2023-03-06 20:43:42.066461,,
c8f3df0c-f7f2-4a6e-932f-032f98d1dc8e,completed,2023-03-06 20:43:42.066461,,
5ab686bd-ec79-4c0c-8289-7173338c4ab0,completed,2023-03-06 20:43:42.066461,,
692d2f4d-13b0-454a-a9d4-bc5e4435933c,completed,2023-03-06 20:43:42.066461,,
0bfd14c7-adee-4ad1-9a05-31cbe3253ff7,completed,2023-03-06 20:43:42.066461,,
2def39af-fe7f-406b-980b-2589de0b45f6,completed,2023-03-06 20:43:42.066461,,
43d0a3d0-3057-41cc-9472-fdb6a0d2d21f,completed,2023-03-06 20:43:42.066461,,
3dcf4e97-7b40-4124-9af1-f0fa843056d9,completed,2023-03-06 20:43:42.066461,,
55f59442-fbdf-4b24-9f54-a508656de5f3,completed,2023-03-06 20:43:42.066461,,
0276db7d-ab89-433f-94e5-79cbdbe1af87,completed,2023-03-06 20:43:42.066461,,
c9072a33-d1cd-4255-ba63-8ef965725352,completed,2023-03-06 20:43:42.066461,,
3e640bad-03ae-4d32-86fd-082d898fd399,completed,2023-03-06 20:43:42.066461,,
4c8bd75e-49b1-4a08-a87e-29cdf258fa02,completed,2023-03-06 20:43:42.066461,,
8ea81d4c-a696-4493-84c3-8557065a8acc,completed,2023-03-06 20:43:42.066461,,
57c49336-0e51-4ef4-bf27-54f7d9d434e4,completed,2023-03-06 20:43:42.066461,,
d03ba8a4-746e-4f89-a515-8f397bb43c7f,completed,2023-03-06 20:43:42.066461,,
eeb31a4b-5ae0-4b37-ad49-3c1af26dd845,completed,2023-03-06 20:43:42.066461,,
a40745d6-2cd5-44e9-86f6-aaca65288b89,completed,2023-03-06 20:43:42.066461,,
32c77a4c-5fe8-4384-8870-0b6a866ce83b,completed,2023-03-06 20:43:42.066461,,
254c2d1b-a7d8-4062-afaa-58d70d43485b,completed,2023-03-06 20:43:42.066461,,
0a71ebb5-d2eb-404a-b818-36acc9160bf0,completed,2023-03-06 20:43:42.066461,,
fb5b5452-20f3-4151-8b06-fda28684d811,completed,2023-03-06 20:43:42.066461,,
8366f1df-147a-403b-8319-2315ecea3f00,completed,2023-03-06 20:43:42.066461,,
6b6590bb-ab85-4992-b1fa-2b20756abd5b,completed,2023-03-06 20:43:42.066461,,
93aa4215-5d05-4200-86eb-512857baa5c9,completed,2023-03-06 20:43:42.066461,,
f92f7b74-aa83-4fe2-93cb-b19afda97ea6,completed,2023-03-06 20:43:42.066461,,
0f12ce6c-61cd-45d1-8984-12297bcdd566,completed,2023-03-06 20:43:42.066461,,
74104e55-cc3e-48d5-b914-1e6cfeb2a204,completed,2023-03-06 20:43:42.066461,,
6265c01c-6aed-484a-be29-dabdf542caa2,completed,2023-03-06 20:43:42.066461,,
6cefd917-b179-4a16-8183-671866ff4f6e,completed,2023-03-06 20:43:42.066461,,
8b419b32-4d15-4a89-88e0-4a513111cdf1,completed,2023-03-06 20:43:42.066461,,
ff307847-46a2-45a3-8852-47848421860c,completed,2023-03-06 20:43:42.066461,,
9c487d01-c468-45b5-ae77-77870f18ede0,completed,2023-03-06 20:43:42.066461,,
0ced5037-dd78-4bcc-b25e-57abf014c49e,completed,2023-03-06 20:43:42.066461,,
6d78f26e-b13d-4e40-a95a-b6b5a2dbc58c,completed,2023-03-06 20:43:42.066461,,
35c4f707-358a-4224-ac0c-7e6faa6a51b7,completed,2023-03-06 20:43:42.066461,,
d679ad64-ad06-4339-bb7e-e73055a64480,completed,2023-03-06 20:43:42.066461,,
2c5ef897-b765-4cd1-a38d-5bab54846e3a,completed,2023-03-06 20:43:42.066461,,
a9faa51f-c1f1-42c1-962c-b19d4c7c2b7d,completed,2023-03-06 20:43:42.066461,,
9b503455-152c-42ac-bdda-3af876ddadcd,completed,2023-03-06 20:43:42.066461,,
a95efaaa-31a5-43f6-a781-b0fd9401fc81,completed,2023-03-06 20:43:42.066461,,
fecf02f3-7e3a-4ec5-86a4-35c951ea978b,completed,2023-03-06 20:43:42.066461,,
bae940b6-766b-4519-b3ba-1c8c2bfa4a7b,completed,2023-03-06 20:43:42.066461,,
fdea4726-3c7f-45a4-8fc3-a2f89785d3b7,completed,2023-03-06 20:43:42.066461,,
6fd9f188-16a9-4b37-8aa0-8e835eb60908,completed,2023-03-06 20:43:42.066461,,
cf211d3c-d913-44a5-8522-ac5105e7b540,completed,2023-03-06 20:43:42.066461,,
80be1f90-35a7-4737-a6d4-72be7721bfa3,completed,2023-03-06 20:43:42.066461,,
86c7409c-ec68-4773-93ca-77138e5c2374,completed,2023-03-06 20:43:42.066461,,
a62b906e-d261-46fd-b876-821f67279ac8,completed,2023-03-06 20:43:42.066461,,
0c887f52-f4a9-4fce-9cd8-d33af34090f1,completed,2023-03-06 20:43:42.066461,,
959c77a3-6b6c-4afa-b764-33f647145208,completed,2023-03-06 20:43:42.066461,,
f73c60bd-eb6a-4148-b2ce-84c307997dcf,completed,2023-03-06 20:43:42.066461,,
d7a8d76c-c7f2-4927-9950-657eaceb5e39,completed,2023-03-06 20:43:42.066461,,
686800ef-62e0-4a80-9ec2-32fff936e376,completed,2023-03-06 20:43:42.066461,,
ce023669-5a21-4197-b1b1-e979c2809296,completed,2023-03-06 20:43:42.066461,,
fa403bb0-da62-4467-9000-4c04c19184ef,completed,2023-03-06 20:43:42.066461,,
f72ebd2b-a4d9-418d-b456-958e432924b2,completed,2023-03-06 20:43:42.066461,,
b168ccfa-4221-4b0a-bd6d-13086c45cea8,completed,2023-03-06 20:43:42.066461,,
632a9ee6-32c6-40ca-85eb-267b509f6bf6,completed,2023-03-06 20:43:42.066461,,
f2d92f7a-9547-481a-8bb1-61ab653d222c,completed,2023-03-06 20:43:42.066461,,
b2fc33c6-e664-4865-8755-764e79082e45,completed,2023-03-06 20:43:42.066461,,
2b2cb2bc-3b47-41d5-b618-7f5ec06006ca,completed,2023-03-06 20:43:42.066461,,
e400428d-3f30-49a1-aa45-9771dad13d09,completed,2023-03-06 20:43:42.066461,,
d8e3a8ad-a4ce-4872-97fe-96f86ea6a88d,completed,2023-03-06 20:43:42.066461,,
da356dcc-eaeb-4308-9af5-d6ce51e34141,completed,2023-03-06 20:43:42.066461,,
7c611f74-1151-46db-a6a9-c372f75903c3,completed,2023-03-06 20:43:42.066461,,
e2de2920-aba6-42a0-86d9-743ce8f74bc7,completed,2023-03-06 20:43:42.066461,,
315fe3b1-b0d6-4427-952e-761b814dfa55,completed,2023-03-06 20:43:42.066461,,
44371889-63f0-455f-842e-919089a44755,completed,2023-03-06 20:43:42.066461,,
501525bb-9a2e-4700-accf-8fc3764559a0,completed,2023-03-06 20:43:42.066461,,
c4fa561a-62d6-4b57-a55b-80f3b929ab98,completed,2023-03-06 20:43:42.066461,,
09f398f4-8cd2-4b67-b2be-02019f77d071,completed,2023-03-06 20:43:42.066461,,
f06a7f21-a770-4093-9188-a37940ccb9ea,completed,2023-03-06 20:43:42.066461,,
39f7f668-ef75-4807-b0ba-879c0309f1b2,completed,2023-03-06 20:43:42.066461,,
a5aac9ac-e885-44a2-b37c-748efd87bb36,completed,2023-03-06 20:43:42.066461,,
09c65fa4-67ba-4e52-b617-5bb36a7413e6,completed,2023-03-06 20:43:42.066461,,
850b5328-021e-41b4-bbd4-f3f034ffbe56,completed,2023-03-06 20:43:42.066461,,
2587438d-deb3-48f3-a0c8-b59836a24de3,completed,2023-03-06 20:43:42.066461,,
3863b1c1-1ac1-4923-ad07-95d08eb49133,completed,2023-03-06 20:43:42.066461,,
4a71de29-7a5d-42ee-9fd9-c99e256234df,completed,2023-03-06 20:43:42.066461,,
b2fb433c-a92a-4c08-8f6d-679722bb62d7,completed,2023-03-06 20:43:42.066461,,
c34646f5-db36-42bc-8fda-855863ef95e8,completed,2023-03-06 20:43:42.066461,,
6b8e8f38-e55c-46e1-b866-c9bcce0fae9e,completed,2023-03-06 20:43:42.066461,,
1b991c40-e027-497e-b9c5-b38c845163c0,completed,2023-03-06 20:43:42.066461,,
ca795905-59a0-41fc-bff3-f85bcce36bd1,completed,2023-03-06 20:43:42.066461,,
0782b1bd-68c8-46d8-9a29-546aab7cb438,completed,2023-03-06 20:43:42.066461,,
abefb178-9e18-4e62-a783-ccc05cbbece4,completed,2023-03-06 20:43:42.066461,,
8fbcb2b3-78f9-4269-843e-5956f635ce97,completed,2023-03-06 20:43:42.066461,,
b40f0013-3af5-4d5f-9012-879ab5cf7477,completed,2023-03-06 20:43:42.066461,,
95fd2baf-c72d-4a9e-9a72-64109aaec11e,completed,2023-03-06 20:43:42.066461,,
9136bd99-018c-4911-9404-e963cc4c8f21,completed,2023-03-06 20:43:42.066461,,
bffd2927-3848-4664-97b6-b61e713c201d,completed,2023-03-06 20:43:42.066461,,
8f976eb8-ed8f-4392-a207-b67a3c95a07c,completed,2023-03-06 20:43:42.066461,,
c357dda6-b31a-441f-95c1-c01d608da577,completed,2023-03-06 20:43:42.066461,,
142b2c92-b445-446f-a2bb-46213cba2ad1,completed,2023-03-06 20:43:42.066461,,
d557cc01-1841-49e7-acd3-c9401d08e0da,completed,2023-03-06 20:43:42.066461,,
f70c7e45-5891-4d82-b79d-6eba3096a6cd,completed,2023-03-06 20:43:42.066461,,
8f674e86-80e2-4751-8bca-e17ecfd3ee12,completed,2023-03-06 20:43:42.066461,,
fa9bd9bc-4f21-46ac-80c1-14e6d940fad7,completed,2023-03-06 20:43:42.066461,,
4e65ae3d-5c62-4b7e-bde5-98a7040761be,completed,2023-03-06 20:43:42.066461,,
41845a2d-269d-4c88-8b71-885747f0c88f,completed,2023-03-06 20:43:42.066461,,
9a9d0f02-ca11-421e-8ffb-9ee4d198dbca,completed,2023-03-06 20:43:42.066461,,
017dc6a7-2b8a-4849-b28d-4f386e739945,completed,2023-03-06 20:43:42.066461,,
6963bed6-2f68-4106-a7ba-b2f1b37bccb3,completed,2023-03-06 20:43:42.066461,,
237a72ff-893d-40e5-b2ad-00dd2d478774,completed,2023-03-06 20:43:42.066461,,
cd5e679e-6365-451b-8d33-04d0f80a8705,completed,2023-03-06 20:43:42.066461,,
af615878-8e8d-42dc-8a24-ae2423143698,completed,2023-03-06 20:43:42.066461,,
2193bd91-4f4d-43f5-bbed-cda60b4827dd,completed,2023-03-06 20:43:42.066461,,
00d02320-c32f-4ea6-8d0d-55d57ee7b993,completed,2023-03-06 20:43:42.066461,,
21065a63-7021-4b68-bdea-14029cb2d117,completed,2023-03-06 20:43:42.066461,,
74641cce-c603-400b-b4d3-68c5dc55a3c1,completed,2023-03-06 20:43:42.066461,,
e9c7de79-90d8-4f9f-b30f-d24c12dc7df1,completed,2023-03-06 20:43:42.066461,,
828e1e67-e37f-4c8c-8206-e8706f259907,completed,2023-03-06 20:43:42.066461,,
4e6590fb-798e-4ff1-b379-920079fcfaa4,completed,2023-03-06 20:43:42.066461,,
44b5750f-c3d3-48aa-868e-e8e72d3fb688,completed,2023-03-06 20:43:42.066461,,
1be1b447-b628-4397-a3cb-a598a772b46a,completed,2023-03-06 20:43:42.066461,,
200834aa-89b2-430d-90a6-22470e4e9c99,completed,2023-03-06 20:43:42.066461,,
af956451-58ff-4686-b39b-86344d281253,completed,2023-03-06 20:43:42.066461,,
0374627c-2076-4d2e-b61a-78f40b4225dc,completed,2023-03-06 20:43:42.066461,,
54da1117-3d6d-4b74-bf2b-503e89ac336a,completed,2023-03-06 20:43:42.066461,,
d12aa7a7-86bf-4e10-a304-f540848ab7f9,completed,2023-03-06 20:43:42.066461,,
9eae6288-7d8e-42dd-ac8a-290313f4285c,completed,2023-03-06 20:43:42.066461,,
6e8278fe-bb17-4ea1-8d12-e22fc42a249e,completed,2023-03-06 20:43:42.066461,,
ba1ef7ae-5c55-4077-8229-6f18c36ef53f,completed,2023-03-06 20:43:42.066461,,
705e5ce7-11ff-46ad-b18d-3af44e9494e7,completed,2023-03-06 20:43:42.066461,,
f7ae0fd6-c789-4648-a195-bd19a28330ab,completed,2023-03-06 20:43:42.066461,,
e9cca740-12fe-407d-b582-6ec2149b95fa,completed,2023-03-06 20:43:42.066461,,
aa2be1b4-9790-4f1a-97d0-6c7f3ebf888a,completed,2023-03-06 20:43:42.066461,,
8ec8f979-4252-4c76-9f00-202d49281d36,completed,2023-03-06 20:43:42.066461,,
32db3845-c5bb-4341-a8fe-92a109904260,completed,2023-03-06 20:43:42.066461,,
337cc4b9-63d4-4f5c-95c8-10105aeb97f7,completed,2023-03-06 20:43:42.066461,,
f6e96b56-f4a6-44b8-a996-445c8d3faf2b,completed,2023-03-06 20:43:42.066461,,
10af63db-2092-40d7-9d4b-c02fe8f629c4,completed,2023-03-06 20:43:42.066461,,
f8973a97-7b49-4999-b1c7-e6ed3471d1d4,completed,2023-03-06 20:43:42.066461,,
0800e83a-06e4-41fc-bc61-3d8ffa66677d,completed,2023-03-06 20:43:42.066461,,
388a7b0b-c605-4548-a1ad-653ac025b18f,completed,2023-03-06 20:43:42.066461,,
df63af86-80f7-4971-bbe4-41ee9f03e1cf,completed,2023-03-06 20:43:42.066461,,
ade89b19-35ee-41db-96d4-16c567b975b3,completed,2023-03-06 20:43:42.066461,,
d92c45e8-f5d8-40d7-898f-403397d2f107,completed,2023-03-06 20:43:42.066461,,
781924f7-06f2-4cf3-8b98-0ca70ccab66f,completed,2023-03-06 20:43:42.066461,,
40abb129-f481-44fc-92e3-658a088612bd,completed,2023-03-06 20:43:42.066461,,
a77a05be-27e1-431e-84ff-77dd0fcb0f14,completed,2023-03-06 20:43:42.066461,,
6129f03d-4f14-48f3-8b8c-dfa234ec5159,completed,2023-03-06 20:43:42.066461,,
fa255921-ab03-47b5-b537-3d1fdda89b3b,completed,2023-03-06 20:43:42.066461,,
c8f04b9f-060f-4295-bf14-f13a59ffaf6a,completed,2023-03-06 20:43:42.066461,,
de25433a-dafc-432d-b4e4-3b08c3192005,completed,2023-03-06 20:43:42.066461,,
68ea7869-61e8-4ee2-b056-d1c8800eca6b,completed,2023-03-06 20:43:42.066461,,
faa04115-8720-4023-b653-a95f01de7783,completed,2023-03-06 20:43:42.066461,,
08a3ad19-e535-4ef1-bf59-01b6de5d1b0b,completed,2023-03-06 20:43:42.066461,,
9c44e9b7-1dc4-4e39-a409-0a5bb883b1d7,completed,2023-03-06 20:43:42.066461,,
11724ad0-1e75-498b-a5c4-ffbf742b6a6b,completed,2023-03-06 20:43:42.066461,,
e2fe053b-ffe6-40d3-a645-4ffa01bd5a20,completed,2023-03-06 20:43:42.066461,,
792a41ba-c6ca-4b3f-b545-8746743d3190,completed,2023-03-06 20:43:42.066461,,
831df12c-29d3-489e-af65-aa389fad8d1b,completed,2023-03-06 20:43:42.066461,,
73a628cc-42f1-41f2-847c-c696bf158215,completed,2023-03-06 20:43:42.066461,,
552270b5-c004-4d97-8e98-f3945756cbbd,completed,2023-03-06 20:43:42.066461,,
3a23f8cf-8672-41b7-a396-eb3768430faa,completed,2023-03-06 20:43:42.066461,,
be6d651e-00a7-4114-8d79-0f032b726e8a,completed,2023-03-06 20:43:42.066461,,
e75a3a32-bb95-4c44-b773-0c11735837fe,completed,2023-03-06 20:43:42.066461,,
d904cdf5-bcbe-4d02-8529-25c0017d90d7,completed,2023-03-06 20:43:42.066461,,
c3271529-3617-40e3-bf80-a55fb11c22d0,completed,2023-03-06 20:43:42.066461,,
f83ba88c-6a96-496c-9257-c6e1b67160af,completed,2023-03-06 20:43:42.066461,,
518490c6-e685-4b00-aebc-05e0125c30ba,completed,2023-03-06 20:43:42.066461,,
74c8fc52-f146-4d7d-a497-50d7c920ad61,completed,2023-03-06 20:43:42.066461,,
ef0c4f57-9e32-47b4-9bdb-261d50375662,completed,2023-03-06 20:43:42.066461,,
6bb2986b-cec9-4d30-8c00-026c72b61fc2,completed,2023-03-06 20:43:42.066461,,
fa4807e7-e139-40c2-a3f5-3f8819de41e7,completed,2023-03-06 20:43:42.066461,,
46e72704-9e21-41b8-95e7-cda77dd0c7ba,completed,2023-03-06 20:43:42.066461,,
7acce889-fea9-492d-b380-d7bd2ceddd76,completed,2023-03-06 20:43:42.066461,,
e3815434-9905-4bd0-bfe2-46a2dd4477e9,completed,2023-03-06 20:43:42.066461,,
34d7d153-d8bb-4f7b-8165-4463568611c5,completed,2023-03-06 20:43:42.066461,,
68c255ac-1a8b-4518-a332-0e7b210afee4,completed,2023-03-06 20:43:42.066461,,
ae5c479b-f8ef-4f28-81fa-de32b3c3edb4,completed,2023-03-06 20:43:42.066461,,
39ecd7aa-da6c-43f7-8d28-bcc5c85055eb,completed,2023-03-06 20:43:42.066461,,
f488f6e0-268e-4435-8615-5fe933344432,completed,2023-03-06 20:43:42.066461,,
cf6fade3-47b1-47cc-ac0b-6ce9f637fa19,completed,2023-03-06 20:43:42.066461,,
d5b1207b-a723-4171-8f30-efa9447996eb,completed,2023-03-06 20:43:42.066461,,
354a6cb7-9232-47d4-8ea2-86e799f98ce4,completed,2023-03-06 20:43:42.066461,,
08b65890-3fcf-46a8-aff5-d09a001af659,completed,2023-03-06 20:43:42.066461,,
98e7230b-deb9-49c8-983f-dd96e9c3ef60,completed,2023-03-06 20:43:42.066461,,
49ac3e80-70b6-4e50-b6b7-7c09adca802a,completed,2023-03-06 20:43:42.066461,,
1e574888-31f3-4e7f-82d5-4e175a7948e8,completed,2023-03-06 20:43:42.066461,,
62cbe722-45ff-414e-b19e-76b7dcb800ee,completed,2023-03-06 20:43:42.066461,,
42603490-510c-4106-af2f-a22b6e2bd608,completed,2023-03-06 20:43:42.066461,,
4d69a090-1a3d-4829-9ae4-e8e1cd47933e,completed,2023-03-06 20:43:42.066461,,
1619b119-3c18-4613-87e9-8793b8ce91d2,completed,2023-03-06 20:43:42.066461,,
6c84ebeb-0e09-4d43-a4ff-313c42e453c2,completed,2023-03-06 20:43:42.066461,,
6ebc7626-0a04-4153-b711-b52e69ddeb8e,completed,2023-03-06 20:43:42.066461,,
3e41c1fb-ee83-4597-a5f5-21165dde0f86,completed,2023-03-06 20:43:42.066461,,
ffe00c67-b912-479e-96f7-88b12dfd4e7d,completed,2023-03-06 20:43:42.066461,,
d00bd073-698b-433b-8b30-44eceaa79e46,completed,2023-03-06 20:43:42.066461,,
e8617c2a-79af-4d98-9e89-ba9099fbfe19,completed,2023-03-06 20:43:42.066461,,
78c17a5a-45ce-4d6c-bfd1-313da1682e47,completed,2023-03-06 20:43:42.066461,,
e8ad271a-6e8a-4eb5-b0d2-d83333aa3bc8,completed,2023-03-06 20:43:42.066461,,
6aa83126-13b4-44a6-bc18-11f827d4b800,completed,2023-03-06 20:43:42.066461,,
5dd8b6a2-d4cb-4962-828d-423ce5f87f03,completed,2023-03-06 20:43:42.066461,,
2d6ab334-1cff-44ac-9cf3-eb647ec7b648,completed,2023-03-06 20:43:42.066461,,
c8126176-db25-4999-8025-a7c82443de25,completed,2023-03-06 20:43:42.066461,,
926b3bc3-adf8-4bcc-980b-8917fc056cd4,completed,2023-03-06 20:43:42.066461,,
11d9154b-0e04-4e45-b2d6-a58f898a8008,completed,2023-03-06 20:43:42.066461,,
5b763c2a-a00b-4de7-a6c1-cfe2c7c99a08,completed,2023-03-06 20:43:42.066461,,
6fdac2b9-27ca-40ac-a77e-f6838d5644f0,completed,2023-03-06 20:43:42.066461,,
fe4d9965-4a6f-480f-b383-a2b8e0bd5fa1,completed,2023-03-06 20:43:42.066461,,
d4ecfa8c-df3d-4866-8ee1-c04fa49d349c,completed,2023-03-06 20:43:42.066461,,
603183b4-ae5f-4ad6-9ab3-186ab64ac16a,completed,2023-03-06 20:43:42.066461,,
c61f0a96-8997-42c2-813c-49ca1c0971d2,completed,2023-03-06 20:43:42.066461,,
4f2c8b52-bb99-4900-b19b-e5e6f1fabd24,completed,2023-03-06 20:43:42.066461,,
b6a5a720-ef29-4ce1-8277-a02695826811,completed,2023-03-06 20:43:42.066461,,
79b1ce51-17b6-4190-9401-14a52ef94822,completed,2023-03-06 20:43:42.066461,,
42fdcdaf-7fed-4ab8-ad1d-b7d9b621be8f,completed,2023-03-06 20:43:42.066461,,
146f53f6-b10a-47d1-adda-54d78def3820,completed,2023-03-06 20:43:42.066461,,
daed8ae9-7425-4c07-b45a-626d9d9cb79a,completed,2023-03-06 20:43:42.066461,,
ef7111f6-bd45-449b-a48e-2bbd095a6501,completed,2023-03-06 20:43:42.066461,,
bd6f5b5a-67e1-47b1-af87-a3db5288868f,completed,2023-03-06 20:43:42.066461,,
1e057d2d-31a5-4db3-a6ef-89fce9c7c57e,completed,2023-03-06 20:43:42.066461,,
85b01465-20f1-4b07-9bfa-ee1a2340723b,completed,2023-03-06 20:43:42.066461,,
ae785431-78e3-4865-9f5f-478e2c4060a5,completed,2023-03-06 20:43:42.066461,,
61953dfb-b461-4d3b-bb88-d0686b95a5ed,completed,2023-03-06 20:43:42.066461,,
55148323-22a7-4d1f-8f6f-3d478b4d9b74,completed,2023-03-06 20:43:42.066461,,
16cfa01a-e0d9-4126-aedb-b4c833d613fd,completed,2023-03-06 20:43:42.066461,,
9da6cf58-aaa5-44ae-a99f-26c0c69a6c87,completed,2023-03-06 20:43:42.066461,,
7ae591b4-2567-41b9-b57e-ceb2dfc7320e,completed,2023-03-06 20:43:42.066461,,
78508f28-c034-4410-a8e1-3e2fc1a5f920,completed,2023-03-06 20:43:42.066461,,
5a64428b-3077-48fe-93bc-8820070fb2e2,completed,2023-03-06 20:43:42.066461,,
10ad76ba-3f06-487f-ac85-fd2d4df8979b,completed,2023-03-06 20:43:42.066461,,
59f44f9f-b8d1-4a5f-b42d-626d0c41006e,completed,2023-03-06 20:43:42.066461,,
5d29e0b5-de7d-40a2-99e7-2573747442ff,completed,2023-03-06 20:43:42.066461,,
1db665ca-0df4-4d51-b872-90c1221f50c4,completed,2023-03-06 20:43:42.066461,,
7df8d52e-7530-4542-b3df-c6886cc5167b,completed,2023-03-06 20:43:42.066461,,
d7a94a7c-ddcf-4628-b46f-20c586778417,completed,2023-03-06 20:43:42.066461,,
e2e72101-f0fb-45c0-848a-06ca2cb7cf5d,completed,2023-03-06 20:43:42.066461,,
0d99744f-6101-451d-8457-7f83c3fdd303,completed,2023-03-06 20:43:42.066461,,
7e6a33a5-182d-446c-96c8-1d2d53f1ad8c,completed,2023-03-06 20:43:42.066461,,
b1d368bd-dc8d-4de8-b2ac-36a13e75a8f7,completed,2023-03-06 20:43:42.066461,,
49febb36-4e29-4edc-adb5-7008cdba16e3,completed,2023-03-06 20:43:42.066461,,
7da3dd73-2caf-4830-aa03-e5be1db11d2a,completed,2023-03-06 20:43:42.066461,,
db2cc6dd-4ad4-4ba5-bfba-231ee3de5ae4,completed,2023-03-06 20:43:42.066461,,
53b68bd9-8d4d-4bcc-90aa-ed5f9316a7b1,completed,2023-03-06 20:43:42.066461,,
77208b22-7701-42fb-bf4b-27948e3dfc70,completed,2023-03-06 20:43:42.066461,,
c595694f-671b-4c28-9c90-7ca5098f13ff,failed,2023-03-06 20:43:42.066461,,
0f00f8a8-1541-4198-aa0d-11a5d73b96b7,completed,2023-03-06 20:43:42.066461,,
6358694e-8a22-4842-a18d-af004499a5b8,completed,2023-03-06 20:43:42.066461,,
da0ee0db-60ea-4a5b-8d59-5ed7c48b3705,completed,2023-03-06 20:43:42.066461,,
138bfce7-31bc-4109-b71b-26be80e98b1b,completed,2023-03-06 20:43:42.066461,,
02558245-845b-4189-9174-d28ef680f01c,completed,2023-03-06 20:43:42.066461,,
ae972829-9611-4af8-af94-e2a6c16074a7,completed,2023-03-06 20:43:42.066461,,
3dca0922-48a2-45fa-9200-cdb5bbc3311e,completed,2023-03-06 20:43:42.066461,,
a975ccab-45b1-43d6-81a0-29f5e1924b60,completed,2023-03-06 20:43:42.066461,,
38ffccef-33b3-4eee-a822-83995df58867,completed,2023-03-06 20:43:42.066461,,
16b34630-9e21-4a1d-93d2-93cca4bada1d,completed,2023-03-06 20:43:42.066461,,
3b7962e5-2c83-4a64-90a2-e51a62d3374c,completed,2023-03-06 20:43:42.066461,,
e0db41d0-2fcf-48c1-95f3-26b43feaae40,completed,2023-03-06 20:43:42.066461,,
803581d6-14da-43f1-96a7-b3ab6dee8ee3,completed,2023-03-06 20:43:42.066461,,
97756815-6587-4f8f-843c-d8e90b725eb9,completed,2023-03-06 20:43:42.066461,,
074e5d01-b4e1-4914-9585-287dc3e6002a,completed,2023-03-06 20:43:42.066461,,
2fe6cced-fde0-4721-9b15-2a19c840ce5d,completed,2023-03-06 20:43:42.066461,,
da057c8c-5a12-4f8b-bacd-82fa1e9c804a,completed,2023-03-06 20:43:42.066461,,
76d4b49b-8215-460e-81c0-c1d7c8605c9c,completed,2023-03-06 20:43:42.066461,,
48700bf7-c743-4098-afff-b0dd6b608bae,completed,2023-03-06 20:43:42.066461,,
f2878d20-a8d2-43d3-9da7-c1afaa810e6a,completed,2023-03-06 20:43:42.066461,,
a0e41a07-8465-462d-8a85-8ba8b153a8bf,completed,2023-03-06 20:43:42.066461,,
c9974bda-90f6-4297-a6e9-53403de4cd49,completed,2023-03-06 20:43:42.066461,,
8ddeae59-cdde-4e99-84a7-872c512261d0,completed,2023-03-06 20:43:42.066461,,
7a59be85-4315-46d9-b3ad-24245f7093c3,completed,2023-03-06 20:43:42.066461,,
8fc1acb0-d9ab-4e81-b447-f045ec9bba9e,completed,2023-03-06 20:43:42.066461,,
948e6842-9b35-4dff-915e-79f40584cb85,completed,2023-03-06 20:43:42.066461,,
618f080f-b3c8-43b8-a6b3-3097acd6c893,completed,2023-03-06 20:43:42.066461,,
ac8f2379-0551-4ce3-b220-b57c2ee5fb2f,completed,2023-03-06 20:43:42.066461,,
39850e1c-e4d0-4f06-bb95-6c87c687d92c,completed,2023-03-06 20:43:42.066461,,
5fde0ac8-783d-43db-be68-e7cf57e1aba7,completed,2023-03-06 20:43:42.066461,,
a3a8e76e-2b4a-4380-9c7c-ab2cd2ce0bbb,completed,2023-03-06 20:43:42.066461,,
7af8cd46-fbb1-4b0e-8c1e-b10c9e434f45,completed,2023-03-06 20:43:42.066461,,
5f60928e-32df-46ef-bc94-1042dceaa6c9,completed,2023-03-06 20:43:42.066461,,
2a0bc76b-e948-4a09-8584-4092c72d0c80,completed,2023-03-06 20:43:42.066461,,
3776fa77-569c-4ce0-a43d-fd7b86f9d659,completed,2023-03-06 20:43:42.066461,,
0836a9d1-dd75-4065-8c70-0a9df6816a36,completed,2023-03-06 20:43:42.066461,,
77501ccf-4e3d-4d7f-acde-b5ab5e2fabc8,completed,2023-03-06 20:43:42.066461,,
f800ad9a-9b7a-4704-88bb-57d5fa494c6f,completed,2023-03-06 20:43:42.066461,,
bb0e9809-8dea-420a-b62b-06c21aa2e34b,completed,2023-03-06 20:43:42.066461,,
14bf32a7-bbb0-4972-b217-06554b5f1242,completed,2023-03-06 20:43:42.066461,,
d9a6ad74-b25c-42b2-8f86-f80c42f97b43,completed,2023-03-06 20:43:42.066461,,
1bbce85c-04c7-42da-84c4-864b0fd20053,completed,2023-03-06 20:43:42.066461,,
83c10150-a899-473c-8e77-74e78083e5c9,completed,2023-03-06 20:43:42.066461,,
d288ada3-33f3-4dbf-8c42-51cbb489b02f,completed,2023-03-06 20:43:42.066461,,
bf5786df-a097-4edd-b7b4-1437e505c2a3,completed,2023-03-06 20:43:42.066461,,
da4f87ef-73cf-436b-9158-4baa46b67512,completed,2023-03-06 20:43:42.066461,,
95721f97-27c1-4ae9-ad54-79a3c8bd3e6d,completed,2023-03-06 20:43:42.066461,,
9c4a907a-38fa-4157-8a12-fcd515a72347,completed,2023-03-06 20:43:42.066461,,
262906c4-5f1b-4e59-b81f-363a0a0a6951,completed,2023-03-06 20:43:42.066461,,
45b38cea-76d0-4476-a8fa-a27caffc0da4,completed,2023-03-06 20:43:42.066461,,
42047fd1-a97d-4d7c-8178-c0e03a8454b8,failed,2023-03-06 20:43:42.066461,,
e645e74b-3ef2-4a38-a610-0a0aaf64905e,completed,2023-03-06 20:43:42.066461,,
3bb3580f-0855-41cf-a987-ea6467347e4b,completed,2023-03-06 20:43:42.066461,,
88f3cadd-1e58-4f99-83c6-6425b265df18,completed,2023-03-06 20:43:42.066461,,
d32e00ac-af77-4f88-bc34-6e9622257215,completed,2023-03-06 20:43:42.066461,,
23586317-80ec-413a-9986-68cebf05db8b,completed,2023-03-06 20:43:42.066461,,
5bed3dfb-5d8f-4ae1-b551-615b90dd5efc,completed,2023-03-06 20:43:42.066461,,
67250c43-b64c-4939-88d4-9f8acf31e2fe,completed,2023-03-06 20:43:42.066461,,
3713e163-8303-44d1-8171-1324a12b3eef,completed,2023-03-06 20:43:42.066461,,
786b56ae-5ca6-4cdf-b95f-2401bce1c8ba,completed,2023-03-06 20:43:42.066461,,
296b3dee-eec2-4297-a7e2-41821bb428df,completed,2023-03-06 20:43:42.066461,,
d8aaf8c6-3080-46b6-af2b-688e33d620e6,completed,2023-03-06 20:43:42.066461,,
d5855eab-4c95-45e2-80ea-a32da6548046,completed,2023-03-06 20:43:42.066461,,
d4c221b8-4995-4781-a9f5-a6261e2d0374,completed,2023-03-06 20:43:42.066461,,
5e74709e-9d4d-42be-8646-879d9e47dde3,completed,2023-03-06 20:43:42.066461,,
4dc72faa-8e3b-4e86-9fd2-1e1aff8788c7,completed,2023-03-06 20:43:42.066461,,
160f8ad9-c38e-40db-96df-adb06f142b77,completed,2023-03-06 20:43:42.066461,,
4a972f12-2fe9-4191-ab96-9fa0f1219d6e,completed,2023-03-06 20:43:42.066461,,
90a80ff0-b790-431c-873e-c5dadbc4eaff,completed,2023-03-06 20:43:42.066461,,
d1a4dfa7-c74e-4a9b-a241-3e1dd777722a,completed,2023-03-06 20:43:42.066461,,
a6742451-f908-4d43-bb8b-f050c6dcf0ba,completed,2023-03-06 20:43:42.066461,,
392291d7-22f5-4613-a779-ec63d6402a97,completed,2023-03-06 20:43:42.066461,,
297adda8-16c7-45fe-bb3d-208688bb7fe6,completed,2023-03-06 20:43:42.066461,,
43afa1de-afdc-4929-a3fd-5d4bf86b00d1,completed,2023-03-06 20:43:42.066461,,
2f9ed022-fcdb-4991-99e7-2c2b10fcf76f,completed,2023-03-06 20:43:42.066461,,
6cce3060-d5f3-4c35-a9c6-1d79ab032c8a,completed,2023-03-06 20:43:42.066461,,
2cb38a96-2bea-413b-8917-87693bb44f62,completed,2023-03-06 20:43:42.066461,,
93415e2a-a003-46c1-bb31-b48efe53ce39,completed,2023-03-06 20:43:42.066461,,
197f3fbd-815b-4b4a-84c8-c2f5b6028a0f,completed,2023-03-06 20:43:42.066461,,
920eba1f-8fd7-4848-b974-771e4954c667,completed,2023-03-06 20:43:42.066461,,
8c95e60b-d1eb-4c27-bdf7-fdada0cff056,completed,2023-03-06 20:43:42.066461,,
a93e3471-8901-4d96-a37c-89cf9ed75947,completed,2023-03-06 20:43:42.066461,,
65956d2d-4ba0-4b9b-836e-b653bcbc1944,completed,2023-03-06 20:43:42.066461,,
47ed17a0-27de-4d57-a0c7-531dd737eb1f,completed,2023-03-06 20:43:42.066461,,
c01e1656-b93c-4a95-bc4c-271fd3279621,completed,2023-03-06 20:43:42.066461,,
9731c066-4725-4b35-8b57-a386074ce300,completed,2023-03-06 20:43:42.066461,,
5da94a10-682d-4817-b3e7-b343cabbbc18,completed,2023-03-06 20:43:42.066461,,
f16858d4-4d25-4b79-b442-4829bd19e636,completed,2023-03-06 20:43:42.066461,,
ac12fa29-c4b6-4b6d-881a-040269186294,completed,2023-03-06 20:43:42.066461,,
cad88764-ccbc-41df-a902-89ef15b76abb,completed,2023-03-06 20:43:42.066461,,
3908fb8d-b3d8-4c8a-9444-b7fc54978a6b,completed,2023-03-06 20:43:42.066461,,
a0f40993-2b2e-4527-a652-61f6eaa2af49,completed,2023-03-06 20:43:42.066461,,
23afd364-dfd5-4cc6-96a7-8ee8fa4a992f,completed,2023-03-06 20:43:42.066461,,
0b09894f-ae0c-46c8-a032-d34960179bb6,completed,2023-03-06 20:43:42.066461,,
6dc41c68-e0cb-4eb0-bad6-a14e7de5c79d,completed,2023-03-06 20:43:42.066461,,
82f74708-3568-4111-86bb-9940fd35ba72,completed,2023-03-06 20:43:42.066461,,
872afbea-3b4c-4d4e-93d5-b8fcaefb9fce,completed,2023-03-06 20:43:42.066461,,
74329144-6da6-431b-b6ef-407908bb379d,completed,2023-03-06 20:43:42.066461,,
31f50e96-eb26-42ff-81c3-b6f4c2cacd57,completed,2023-03-06 20:43:42.066461,,
f4424352-4fdb-43b1-830a-b88646af3654,completed,2023-03-06 20:43:42.066461,,
bae1e39d-3dba-4345-81a8-651001f72473,completed,2023-03-06 20:43:42.066461,,
fe2ce75a-7ce4-48a2-b367-1a9a74c20340,completed,2023-03-06 20:43:42.066461,,
a4dfeea4-e173-46b2-ab67-94405c9826f2,completed,2023-03-06 20:43:42.066461,,
dc3622bc-dbe9-4bad-a96d-d43b54078a70,completed,2023-03-06 20:43:42.066461,,
b494a3c2-ed4d-4710-8411-486d0aebbd46,completed,2023-03-06 20:43:42.066461,,
cc32feac-d863-4fa8-b7c7-71564c264084,completed,2023-03-06 20:43:42.066461,,
54021f2c-49cd-4305-b16e-8f4170e03e02,completed,2023-03-06 20:43:42.066461,,
f1b1b446-b867-489c-a866-5542b4f7fe74,completed,2023-03-06 20:43:42.066461,,
0ecd8216-4c98-4104-a3da-fc6833e4db12,completed,2023-03-06 20:43:42.066461,,
cf1c9267-4778-46dc-87d0-809b5536a517,completed,2023-03-06 20:43:42.066461,,
ba2f51fb-e41d-4d95-8e10-5294e038aec5,completed,2023-03-06 20:43:42.066461,,
1fe42c7d-93ff-4b18-ae78-a0db27239948,completed,2023-03-06 20:43:42.066461,,
f4ccb065-2e18-45b0-982c-f465ce4e0610,completed,2023-03-06 20:43:42.066461,,
e036fdb7-16ba-4613-b219-5a01657479f6,completed,2023-03-06 20:43:42.066461,,
2d98c4d4-6b09-4239-8df6-0ae64e9e9899,completed,2023-03-06 20:43:42.066461,,
b648cba9-23c6-4029-b6e0-cae5a58d92a5,completed,2023-03-06 20:43:42.066461,,
7c92f4b1-94f8-43da-b0ee-f6953ec60170,completed,2023-03-06 20:43:42.066461,,
738f16f2-e6fd-4780-8769-4b0328eff388,completed,2023-03-06 20:43:42.066461,,
5bed9cc3-4811-492d-8647-907735ec08ce,completed,2023-03-06 20:43:42.066461,,
5f3e51b7-89a0-4d35-9d1b-81442ad68301,completed,2023-03-06 20:43:42.066461,,
2e89fe9b-af76-47f6-a9ba-a96b14310259,completed,2023-03-06 20:43:42.066461,,
baf7383e-0305-438d-9215-5e823c5e7aa3,completed,2023-03-06 20:43:42.066461,,
ae5af716-a42c-4c10-975d-cc2cf78e1590,completed,2023-03-06 20:43:42.066461,,
1c06c02e-f336-443e-8694-8c5ff0eee5b2,completed,2023-03-06 20:43:42.066461,,
7f134054-0fae-43b8-9801-85d9fc308a62,completed,2023-03-06 20:43:42.066461,,
0c0a4fcb-f38b-4b83-b55b-a0bcb04aa52b,completed,2023-03-06 20:43:42.066461,,
bcbdcdb6-cba7-42c6-8447-2c4cab3aae65,completed,2023-03-06 20:43:42.066461,,
42bb8b8f-001e-4272-94ed-489033ee9dc2,completed,2023-03-06 20:43:42.066461,,
e4fc4c80-2464-4d1e-a32a-0d4d932b903b,completed,2023-03-06 20:43:42.066461,,
e033c820-bf96-4bb4-8908-18cfacefea81,completed,2023-03-06 20:43:42.066461,,
8bdc4de6-4d79-43b6-a8f0-8957eeb25403,completed,2023-03-06 20:43:42.066461,,
dba7900f-400f-4ea9-b64e-72bb2a27f081,completed,2023-03-06 20:43:42.066461,,
bf38ae7c-0902-4d02-900e-8aecf91edb70,completed,2023-03-06 20:43:42.066461,,
3cac591c-d89e-4a66-8a25-c2d8b023e41e,completed,2023-03-06 20:43:42.066461,,
828d8168-0918-4167-9631-3a2fcdc79854,completed,2023-03-06 20:43:42.066461,,
82d684fd-d68f-4bb5-9f64-29241466f9af,completed,2023-03-06 20:43:42.066461,,
ea7e1e07-5bb5-4a1e-abc4-eec218b5803e,completed,2023-03-06 20:43:42.066461,,
6070b289-dea3-4300-9cbb-4a5946f4fffa,completed,2023-03-06 20:43:42.066461,,
770103e5-61f9-4c39-a323-e57117480c7e,completed,2023-03-06 20:43:42.066461,,
c248b0ab-0943-4155-a15e-f077959f1215,completed,2023-03-06 20:43:42.066461,,
5d897136-7cc1-4968-b054-44dfa3303d8d,completed,2023-03-06 20:43:42.066461,,
5650f236-32dc-4690-a8dc-787cd4de8288,completed,2023-03-06 20:43:42.066461,,
c627db2b-6260-40ef-ab39-f69ac91598d7,failed,2023-03-06 20:43:42.066461,,
27c21a6f-c1cc-45a0-b88b-0d90ebfbc5f4,completed,2023-03-06 20:43:42.066461,,
d53903f0-427a-4062-9c03-3c0c8512f544,completed,2023-03-06 20:43:42.066461,,
68a9a7bd-c9a1-453a-9c61-30619695ce68,completed,2023-03-06 20:43:42.066461,,
a3ca1d6c-a1c7-43f6-8cb9-f7bb16223594,completed,2023-03-06 20:43:42.066461,,
856b41cf-d873-4f82-96c6-f176507ff9ce,completed,2023-03-06 20:43:42.066461,,
c1f59a2a-19ab-4a59-9e70-e25c345e75b2,completed,2023-03-06 20:43:42.066461,,
5b1cdfd6-0f25-432f-a141-526d4760f877,completed,2023-03-06 20:43:42.066461,,
2e9bd7d2-22a4-4f18-a9a8-22772335f160,completed,2023-03-06 20:43:42.066461,,
920bc192-260e-4417-bac2-67318b182aba,completed,2023-03-06 20:43:42.066461,,
a90f41c9-0746-4fc9-8ae6-a655717416fb,completed,2023-03-06 20:43:42.066461,,
01fae41d-cb05-4bd9-af34-c5dac8815b14,completed,2023-03-06 20:43:42.066461,,
83d92935-4801-41ad-a88a-b9aa9978850d,completed,2023-03-06 20:43:42.066461,,
d199698c-bd1c-429d-885c-33a185f8d069,completed,2023-03-06 20:43:42.066461,,
a368f263-9481-4962-ba5c-185f0bf637e3,completed,2023-03-06 20:43:42.066461,,
c8a28b73-17ef-46ee-8358-57aa339f8e4f,completed,2023-03-06 20:43:42.066461,,
c1aecf4a-c98d-43c3-81c1-9dbb3e0dd68c,completed,2023-03-06 20:43:42.066461,,
74565694-c8d1-4f99-8738-ae7a6246b9a2,completed,2023-03-06 20:43:42.066461,,
f3173a1f-4c5f-4fbe-9f04-cff8ae7331bb,completed,2023-03-06 20:43:42.066461,,
e8256396-1b7c-4c88-9ae8-d0db3de4d716,completed,2023-03-06 20:43:42.066461,,
f203356b-57a9-4f6b-b010-4cab415b9711,completed,2023-03-06 20:43:42.066461,,
80bd8be5-8df3-47ce-bea0-c602edd393ec,completed,2023-03-06 20:43:42.066461,,
c64092fc-7153-4c01-92bc-5513e5c7263f,completed,2023-03-06 20:43:42.066461,,
119d5680-0ea8-49b1-b979-ca31a1de5596,completed,2023-03-06 20:43:42.066461,,
e5a503a0-855a-4457-b09e-3d8bd4db4c78,completed,2023-03-06 20:43:42.066461,,
8d8d21e6-9fd3-4525-a003-0751f28db77b,completed,2023-03-06 20:43:42.066461,,
adbcbc05-4a81-4772-a883-6bebf8d8ad11,completed,2023-03-06 20:43:42.066461,,
05f607fa-aefa-441d-a00c-c7d055156e82,completed,2023-03-06 20:43:42.066461,,
31cf3a1c-07be-4d20-9c2a-c62cb43699bc,completed,2023-03-06 20:43:42.066461,,
8307997f-3cbb-47f1-80d7-08f504a98ccb,completed,2023-03-06 20:43:42.066461,,
d309334a-ffc7-4a64-9dd6-90e73494fee9,completed,2023-03-06 20:43:42.066461,,
bdcd5bd3-e668-411a-97a8-d56fa1f3c89c,completed,2023-03-06 20:43:42.066461,,
06399d9b-9110-4823-8f4f-82d1ed57e60a,completed,2023-03-06 20:43:42.066461,,
1f952b6f-0301-4d70-9ab0-7ba34c4ecaae,completed,2023-03-06 20:43:42.066461,,
c84c9987-f617-4505-8337-e7987acf4f90,completed,2023-03-06 20:43:42.066461,,
f2d25db2-e70f-4c45-9aad-461b36b456ba,completed,2023-03-06 20:43:42.066461,,
2150f51d-5ab0-4554-80cb-69708fca6fe2,completed,2023-03-06 20:43:42.066461,,
be3cf653-d631-4f85-8e37-4d44f722a10f,completed,2023-03-06 20:43:42.066461,,
a16e9879-5738-43e2-ad89-c0d5994f10fa,completed,2023-03-06 20:43:42.066461,,
45650ae0-ad1e-4138-b8ff-9e1bd5dc54ca,completed,2023-03-06 20:43:42.066461,,
806d0a79-93e8-4b60-ace2-4168f7ff9e5d,completed,2023-03-06 20:43:42.066461,,
7549cb23-1a9c-49c9-9cf8-deff35fb623b,completed,2023-03-06 20:43:42.066461,,
4025f23b-6c94-4ea5-9e04-658c2dd4860b,completed,2023-03-06 20:43:42.066461,,
525d9d07-fb4b-456b-8b4a-e7ab76aa51dd,completed,2023-03-06 20:43:42.066461,,
bea459d0-643d-4bb3-aab9-0cc5d1de631b,completed,2023-03-06 20:43:42.066461,,
814537ed-466a-4939-9acf-e9fd06af98c7,completed,2023-03-06 20:43:42.066461,,
72941a45-bce7-4eaa-ad0e-795e9de628fc,completed,2023-03-06 20:43:42.066461,,
ba1743d2-471c-4aac-aaca-e0cc3b02061a,completed,2023-03-06 20:43:42.066461,,
26b6d5d9-d53a-43f4-bdd4-71ffd5a00222,completed,2023-03-06 20:43:42.066461,,
db065f01-a4a4-4ad2-833e-5dd25643d1ee,completed,2023-03-06 20:43:42.066461,,
ba7deda4-c521-44ce-9959-c5ae577ff68a,completed,2023-03-06 20:43:42.066461,,
d9a2d8e6-a8ba-4dcb-ada8-9852bbd125bc,completed,2023-03-06 20:43:42.066461,,
a6d8c001-a7a5-477d-b5b9-bb86b324696f,completed,2023-03-06 20:43:42.066461,,
70ccf413-73dc-455a-86a4-ebd61636d5d8,completed,2023-03-06 20:43:42.066461,,
efb01760-6832-45f1-a8a4-4cbf4d240c97,completed,2023-03-06 20:43:42.066461,,
83e2e3d3-2272-44fc-af2b-15cdffadd757,completed,2023-03-06 20:43:42.066461,,
03b69c44-7537-49dc-87a2-732329675c34,completed,2023-03-06 20:43:42.066461,,
9db9d447-fdc2-4c7b-82fc-5b9e90b0eea4,completed,2023-03-06 20:43:42.066461,,
94549c98-6cb0-48d1-b86f-8c2647f64c07,completed,2023-03-06 20:43:42.066461,,
43bbfba7-b6fa-4d9a-a701-02d3dc6db90e,completed,2023-03-06 20:43:42.066461,,
1636d6a9-0f82-44ce-ba1b-b0b2c2098ce7,completed,2023-03-06 20:43:42.066461,,
4c790fc6-b8e5-4304-803c-9d1431e54ce8,completed,2023-03-06 20:43:42.066461,,
c233ec78-865b-4095-8bd8-814b29192a16,failed,2023-03-06 20:43:42.066461,,
861bdec8-7f62-4366-ae38-1b950f7400e2,completed,2023-03-06 20:43:42.066461,,
2df7e8cc-7f57-4cae-bb3a-6db7bf74c3cb,completed,2023-03-06 20:43:42.066461,,
2d62ae28-55fe-4fe8-9257-fd2e362e0a3b,completed,2023-03-06 20:43:42.066461,,
c5b52dfe-2bfe-45a2-bd7e-dffa8754aa71,completed,2023-03-06 20:43:42.066461,,
47cee4e5-d4f2-409c-b84a-d0aece2ac156,completed,2023-03-06 20:43:42.066461,,
40505ed0-0ef6-42f9-9314-74593911e753,completed,2023-03-06 20:43:42.066461,,
d2bf946c-688f-45cc-9b21-50aa82d508bb,completed,2023-03-06 20:43:42.066461,,
86c43e57-a096-4dd4-9637-15202ceb400c,completed,2023-03-06 20:43:42.066461,,
b8e459b5-3ec6-437f-ad57-5b482a9ca6b5,completed,2023-03-06 20:43:42.066461,,
7f139d58-34b3-4e24-b2e4-6a0c560e911c,completed,2023-03-06 20:43:42.066461,,
85de65f9-ba76-4ec3-89de-8f49dab36812,completed,2023-03-06 20:43:42.066461,,
fa7b59dd-405d-45b5-bf3e-d622e5e903e2,completed,2023-03-06 20:43:42.066461,,
e53970a1-60bf-4c89-9643-321d2c7e5765,completed,2023-03-06 20:43:42.066461,,
e0a53bd1-92ff-418f-95a6-cd91ecbdaff3,completed,2023-03-06 20:43:42.066461,,
25e8d802-6c90-4beb-be4d-8ea823b846ec,completed,2023-03-06 20:43:42.066461,,
59c0bb95-f3ec-4387-90ea-85d21059737e,completed,2023-03-06 20:43:42.066461,,
587fbee7-3914-477a-bd7b-20bbd5d7c4bf,completed,2023-03-06 20:43:42.066461,,
ab9d12a8-2624-40bc-b8a5-842fa0c97b8f,completed,2023-03-06 20:43:42.066461,,
f56b0f71-4197-4fab-945b-dce125797b21,completed,2023-03-06 20:43:42.066461,,
22f5a1a7-37fb-4712-9d99-15224ab20526,completed,2023-03-06 20:43:42.066461,,
74d244bf-293d-4ede-b96e-6aca5849c9f9,completed,2023-03-06 20:43:42.066461,,
7ffd3101-c91a-4f3d-b910-80c74be8dd3d,completed,2023-03-06 20:43:42.066461,,
5177970b-cc16-4de3-ae82-e60482735e45,completed,2023-03-06 20:43:42.066461,,
9286aef7-c94f-4259-85a6-cc861b7aa1a0,completed,2023-03-06 20:43:42.066461,,
d92f9f06-ed8f-4ae9-94f8-e784838e8d62,completed,2023-03-06 20:43:42.066461,,
e7a5d199-366a-4e6d-b64f-901efabe77db,completed,2023-03-06 20:43:42.066461,,
e70a6684-e929-4106-ba5d-31bd9ede66ed,completed,2023-03-06 20:43:42.066461,,
453c7083-af37-4b8f-8c84-70fec7a293a5,completed,2023-03-06 20:43:42.066461,,
ae9edff8-df15-4056-b3c7-fba8774eb91a,completed,2023-03-06 20:43:42.066461,,
5d093b12-6560-43b2-a4ac-fbe3f14243a1,completed,2023-03-06 20:43:42.066461,,
a95232cb-87d3-4b89-8e94-6178821b0c9a,completed,2023-03-06 20:43:42.066461,,
d3d3eb56-cbdb-4117-ae18-47999619f2d7,completed,2023-03-06 20:43:42.066461,,
ddbb42a3-8333-49a8-8c1e-18ef65478f07,completed,2023-03-06 20:43:42.066461,,
e1199302-b4e6-442e-b66c-8c595835ff25,completed,2023-03-06 20:43:42.066461,,
e78f6172-eabc-4a8d-974f-5f99f23d1f94,completed,2023-03-06 20:43:42.066461,,
4746a93b-b7ac-4092-87d1-b2bbeadf3cbd,completed,2023-03-06 20:43:42.066461,,
ed28f04e-37f2-4264-87a3-ac40cd66dcaa,completed,2023-03-06 20:43:42.066461,,
4cf20c39-734a-4e37-82d6-eb4ef92f68db,completed,2023-03-06 20:43:42.066461,,
bbd8b717-29f9-464a-b12e-27b4301751f3,completed,2023-03-06 20:43:42.066461,,
4c544089-58b2-4b3c-a07a-fd6680a7d794,completed,2023-03-06 20:43:42.066461,,
05199d3b-6d6c-4e9b-b2bb-d38fdd9067ed,completed,2023-03-06 20:43:42.066461,,
68779dae-fd2e-49e0-ba0b-04fc84220fda,completed,2023-03-06 20:43:42.066461,,
6baff507-4677-4e5f-832d-580a0e008d71,completed,2023-03-06 20:43:42.066461,,
409aab66-c738-4164-9b22-7899f343d30d,completed,2023-03-06 20:43:42.066461,,
d1d3ec36-6e67-43de-b863-ba6cb1332251,completed,2023-03-06 20:43:42.066461,,
295b28b5-707b-4d0e-9fc3-e21a89652d76,completed,2023-03-06 20:43:42.066461,,
324b1204-0d72-4c8d-9adb-1f28fce50c02,completed,2023-03-06 20:43:42.066461,,
abc9df5c-5d20-4378-ac66-adc7dfaac57f,completed,2023-03-06 20:43:42.066461,,
80ac2426-0eb0-4695-9698-6020d90759b7,completed,2023-03-06 20:43:42.066461,,
1c6863b3-d0d7-4016-b85e-9f5b2bd180a2,completed,2023-03-06 20:43:42.066461,,
38e85030-4b8c-40e9-964c-989b9616661d,completed,2023-03-06 20:43:42.066461,,
2133fa33-35ca-4bc4-864b-a364144a3638,completed,2023-03-06 20:43:42.066461,,
9e65227d-b88e-4ea2-bbd5-8b7537d031c0,completed,2023-03-06 20:43:42.066461,,
f0aab5fb-4651-40a4-a279-54a218e57338,completed,2023-03-06 20:43:42.066461,,
5e160f57-99c6-4c3a-93f8-327ef610007c,completed,2023-03-06 20:43:42.066461,,
dc51e0d7-1785-4380-9300-f3651a39c696,completed,2023-03-06 20:43:42.066461,,
c51cb4be-411b-4b54-9ad9-45b06c8100f5,completed,2023-03-06 20:43:42.066461,,
0e1ec238-9698-4d05-bec9-69c6ff5bc47d,completed,2023-03-06 20:43:42.066461,,
829de662-5f7c-42b7-9a21-17567f33a08e,completed,2023-03-06 20:43:42.066461,,
d97a9356-5863-47d6-b0eb-969bdc2ed610,completed,2023-03-06 20:43:42.066461,,
3f3b701b-54bd-494d-aa34-2d525fcdd18e,completed,2023-03-06 20:43:42.066461,,
b5f48ec7-a502-4a15-bcb1-187b7578c123,completed,2023-03-06 20:43:42.066461,,
1094f8e8-ec95-4f54-9d85-17f2a92b9429,completed,2023-03-06 20:43:42.066461,,
640fa442-5251-485b-a29d-d23f7cf50acd,completed,2023-03-06 20:43:42.066461,,
b64f81b3-2687-4c15-bc78-00ed38feec92,completed,2023-03-06 20:43:42.066461,,
87f9f84d-7fe3-4bab-9ebe-633f00f6550a,completed,2023-03-06 20:43:42.066461,,
9d1ba7d7-5f23-48b9-9bb3-d3a69cf882ad,completed,2023-03-06 20:43:42.066461,,
333e4c3f-9a5a-4039-81b6-287fc5201f12,completed,2023-03-06 20:43:42.066461,,
86f796ad-f6dc-405f-8cae-e86ad2a4ebd0,completed,2023-03-06 20:43:42.066461,,
5a7f429f-34fb-406c-9d4c-adaa1011b3cd,completed,2023-03-06 20:43:42.066461,,
79e9734c-e473-45e7-8a17-a2dba6f4f7fc,completed,2023-03-06 20:43:42.066461,,
6fec3fab-b223-428d-afda-235051245589,completed,2023-03-06 20:43:42.066461,,
e7a680d5-f1d6-4fa0-aaac-885302e4e8a3,completed,2023-03-06 20:43:42.066461,,
dc60f0dd-1b6b-4671-9b36-366dc7c82a54,completed,2023-03-06 20:43:42.066461,,
50f240a4-0fca-404a-a649-036f21ff95a3,completed,2023-03-06 20:43:42.066461,,
a15039f9-93e7-4f13-8ad7-090ff2722d7f,completed,2023-03-06 20:43:42.066461,,
92f6111c-d489-4b77-b87c-868274fe84b6,completed,2023-03-06 20:43:42.066461,,
c87e317b-a997-447e-95b9-3d29598b5e0a,completed,2023-03-06 20:43:42.066461,,
91445b18-2b19-433b-82a4-70402b685c65,completed,2023-03-06 20:43:42.066461,,
3b49d6e9-85ac-4d5e-8c22-9c15b92852dd,completed,2023-03-06 20:43:42.066461,,
e6af5284-6b36-4c13-8d30-c1f6b69e9b78,completed,2023-03-06 20:43:42.066461,,
2608ab39-9360-49d1-9516-8d361bac51f9,completed,2023-03-06 20:43:42.066461,,
696b61d0-fd36-42bd-8807-1c69af21b652,completed,2023-03-06 20:43:42.066461,,
065b2faf-325e-4f0f-ab2f-2a8ab3672317,completed,2023-03-06 20:43:42.066461,,
22d040a0-f3e9-4d23-89ec-7519b2f9f637,completed,2023-03-06 20:43:42.066461,,
35b160f8-06c4-4095-abc3-21c18f2d6a63,completed,2023-03-06 20:43:42.066461,,
13748673-1f26-4b53-9556-e2429691d56f,completed,2023-03-06 20:43:42.066461,,
537e0b56-1454-4efd-8b74-cb89ccb8d772,completed,2023-03-06 20:43:42.066461,,
52cd4cdd-3c06-43e6-a76d-f741678c8b72,completed,2023-03-06 20:43:42.066461,,
2d7cb117-12e6-4b95-ac79-27c9c979013e,completed,2023-03-06 20:43:42.066461,,
9493d7a5-65d2-4296-a4ce-32694b30fb25,completed,2023-03-06 20:43:42.066461,,
767b4074-238d-4c4d-a1dc-fc4c9336b944,completed,2023-03-06 20:43:42.066461,,
b5ea05f4-88dc-4c9f-a7a1-823ba01b3e50,completed,2023-03-06 20:43:42.066461,,
53f251e7-1bee-49ed-a84e-53c4cc9e4120,completed,2023-03-06 20:43:42.066461,,
bb0b11ed-9950-4a94-9d78-80898721f265,completed,2023-03-06 20:43:42.066461,,
d2c9ef84-33ed-416c-87cd-129739e7f3e8,completed,2023-03-06 20:43:42.066461,,
17fe9376-4a74-488e-bed6-22d1c841c75f,completed,2023-03-06 20:43:42.066461,,
450eeb43-f13b-406a-9d03-73a2600bc85c,completed,2023-03-06 20:43:42.066461,,
14534216-a464-4708-adcd-56cb32e00ade,failed,2023-03-06 20:43:42.066461,,
aa9cbabc-72b5-4733-9bc6-5e4d402c4c7d,completed,2023-03-06 20:43:42.066461,,
a031f6c7-fabf-4d05-8e0f-6faf70802c85,completed,2023-03-06 20:43:42.066461,,
377f38e0-2fcc-40a9-9b21-f4c63a9491f7,completed,2023-03-06 20:43:42.066461,,
e9a00fea-32ce-440c-ab08-faa55182ff6f,completed,2023-03-06 20:43:42.066461,,
54f33b9d-039b-4bfa-9931-a37df87d4d72,completed,2023-03-06 20:43:42.066461,,
121aa7ea-804c-40ca-8267-7dba008f8381,completed,2023-03-06 20:43:42.066461,,
e9bc45f2-d82f-4318-a4cb-298b7053dac8,completed,2023-03-06 20:43:42.066461,,
d9fac1ef-306a-433c-9804-05ac24955f40,completed,2023-03-06 20:43:42.066461,,
fec86ac3-70ac-4846-b757-aeb27396937f,completed,2023-03-06 20:43:42.066461,,
119644c3-a0f2-406b-b9c5-af26238b0af1,completed,2023-03-06 20:43:42.066461,,
402b7624-1f4d-483a-97ce-4ebdf413f5fa,completed,2023-03-06 20:43:42.066461,,
75afddc4-4351-416a-b8bf-191d74260258,completed,2023-03-06 20:43:42.066461,,
203d05a0-b3db-4f16-aff4-c5fa888e829d,completed,2023-03-06 20:43:42.066461,,
8bce7839-39e4-4a0a-a506-9714a18759ee,completed,2023-03-06 20:43:42.066461,,
3427ff6b-d228-4bf7-81a3-b23ad8bbc370,completed,2023-03-06 20:43:42.066461,,
9d176225-97ac-44ac-9542-b9b8951498dc,completed,2023-03-06 20:43:42.066461,,
8de86cde-62ba-4945-8ec9-e48496fac0e8,completed,2023-03-06 20:43:42.066461,,
efc9d148-f705-4605-a886-b6d6d5cb31de,completed,2023-03-06 20:43:42.066461,,
dbc3ef87-848f-46b8-9ef7-2c3a0b3d42e6,completed,2023-03-06 20:43:42.066461,,
d558bc0d-e1c7-4574-bc4e-3f1396d57e57,completed,2023-03-06 20:43:42.066461,,
620ab929-e037-47b4-aa55-65a2accc2407,completed,2023-03-06 20:43:42.066461,,
0756e95f-5829-4d71-87c3-621ff8f15623,completed,2023-03-06 20:43:42.066461,,
d1ffdcdd-b6cd-4c73-9748-ab1ebc5332e4,completed,2023-03-06 20:43:42.066461,,
9e41b040-de4b-46e9-b5fe-8269928f6281,completed,2023-03-06 20:43:42.066461,,
c05aa049-de80-4e89-a0c6-0fb100a62b91,completed,2023-03-06 20:43:42.066461,,
b5744e46-e1f5-4072-907c-bb8dd71b71a1,completed,2023-03-06 20:43:42.066461,,
690ec5d4-9b8b-477c-88ab-abc516768e9a,completed,2023-03-06 20:43:42.066461,,
d1dc3f40-6cf8-453b-a181-94fa18253c27,completed,2023-03-06 20:43:42.066461,,
ae08e44e-c117-4c94-9f98-d09ca474cc30,completed,2023-03-06 20:43:42.066461,,
c6259245-8eba-4a3e-b28f-415400e07a9c,completed,2023-03-06 20:43:42.066461,,
5cf639f0-3854-4d43-9551-5b542dcad88a,completed,2023-03-06 20:43:42.066461,,
40586cbf-0d06-4358-8f22-f7261e4b3a9c,completed,2023-03-06 20:43:42.066461,,
d100a88b-1e5e-4ae7-b267-15f061d7d1ce,completed,2023-03-06 20:43:42.066461,,
36126422-22de-453e-bb3c-a8fe3db83ae9,completed,2023-03-06 20:43:42.066461,,
365954f5-cf96-4470-87cd-a75cccfaaf65,completed,2023-03-06 20:43:42.066461,,
ed79488c-a588-4933-8320-ea03c193fd13,completed,2023-03-06 20:43:42.066461,,
4be0fca7-0250-462f-9df9-c94807fa38e4,completed,2023-03-06 20:43:42.066461,,
5162add9-e4b5-4ee9-ae06-e7d5831b9a1e,completed,2023-03-06 20:43:42.066461,,
698623ea-0cf7-44be-9e65-8ac76d2b65f1,completed,2023-03-06 20:43:42.066461,,
11bfb5aa-62aa-428e-ab33-ce0b0e6b778e,completed,2023-03-06 20:43:42.066461,,
e3aad8b7-e76c-4187-85b8-1b3c09854d9b,completed,2023-03-06 20:43:42.066461,,
3e0c0148-d8eb-4221-adeb-4b8320d8c4e0,completed,2023-03-06 20:43:42.066461,,
a11707ad-bc4e-4c8c-930b-9ff0f3b486db,completed,2023-03-06 20:43:42.066461,,
3fdc2275-256f-4d74-8974-fd076daad4e2,completed,2023-03-06 20:43:42.066461,,
372e90c1-eadf-4a38-a3f2-aea18129620e,completed,2023-03-06 20:43:42.066461,,
d5ab7859-2fb1-4e67-b85d-40d54bad77c3,completed,2023-03-06 20:43:42.066461,,
be5503cf-ec37-49f9-a6e0-954b5e29fe6b,completed,2023-03-06 20:43:42.066461,,
b6eee0f9-430c-4aab-a3cc-e24f92abd07c,completed,2023-03-06 20:43:42.066461,,
6f6257a6-91ee-45e4-ac81-2bd954eabd6d,completed,2023-03-06 20:43:42.066461,,
a1954f04-f16b-40ea-8f61-1b1f54f08463,completed,2023-03-06 20:43:42.066461,,
a152b8bd-bbfe-40ad-b017-7e49bed9ec20,completed,2023-03-06 20:43:42.066461,,
75aa27a0-64de-42fe-9266-b00ac5685cc8,completed,2023-03-06 20:43:42.066461,,
c0570fab-b0db-4273-8f4a-108eaf516163,completed,2023-03-06 20:43:42.066461,,
b2d5fd2c-c97a-4ec4-9e08-c341872e812c,completed,2023-03-06 20:43:42.066461,,
512d72b3-60a9-4c9e-8bc3-1e654572e205,completed,2023-03-06 20:43:42.066461,,
8972806b-fcc7-4cf1-bf6d-c1e649497d27,completed,2023-03-06 20:43:42.066461,,
85354ca8-5837-46e6-9efb-4da9c8b8aabc,completed,2023-03-06 20:43:42.066461,,
377d783d-01c8-496d-8418-9b4734218de4,completed,2023-03-06 20:43:42.066461,,
1fc08875-336a-4874-af46-bc8fcc7eb95f,completed,2023-03-06 20:43:42.066461,,
7167c6ad-2416-4a5c-b811-7cbbf67032b1,completed,2023-03-06 20:43:42.066461,,
537c7838-87bc-4d96-9bcc-6bb96ec4bb9f,completed,2023-03-06 20:43:42.066461,,
7208bd3a-24d9-471f-97f1-88590e756217,completed,2023-03-06 20:43:42.066461,,
2fe9fdcb-fa14-4294-ad9a-7b040de06f55,completed,2023-03-06 20:43:42.066461,,
e0ae5eaa-0f07-45b3-9acc-aa70d6974e91,completed,2023-03-06 20:43:42.066461,,
614e8c1b-90b8-45cb-ac17-50f07c6f5348,completed,2023-03-06 20:43:42.066461,,
7ba7da71-4adb-40c8-bfb0-820be32195f6,completed,2023-03-06 20:43:42.066461,,
cf3151f8-cde1-40ed-8cd0-b5457261cebf,completed,2023-03-06 20:43:42.066461,,
982ad923-9b91-4a34-95b0-27949dc1a252,completed,2023-03-06 20:43:42.066461,,
5b3c05db-509c-4df9-ad13-9bab251b4811,completed,2023-03-06 20:43:42.066461,,
a137c8cc-80d4-4d5f-ab62-81775626247a,completed,2023-03-06 20:43:42.066461,,
7db57001-11dd-471a-9b2e-83b40444de56,completed,2023-03-06 20:43:42.066461,,
caed3b7e-edea-43a5-b479-9c98849993b1,completed,2023-03-06 20:43:42.066461,,
2fddc9d6-e819-4104-9c5f-46039577397c,completed,2023-03-06 20:43:42.066461,,
b5cd8242-b5f3-4c1b-bb52-6d5c54354e89,completed,2023-03-06 20:43:42.066461,,
e0009a00-982a-459f-90ca-061e7b7895d0,completed,2023-03-06 20:43:42.066461,,
0a08c46e-14b1-4dbc-97eb-4ec869cc612a,completed,2023-03-06 20:43:42.066461,,
51e7f0d8-d808-4c29-91ad-dd0b161f8a65,completed,2023-03-06 20:43:42.066461,,
290bfe4f-e952-498c-93a3-b62908e8e797,completed,2023-03-06 20:43:42.066461,,
c91c52a2-3925-4b12-ad63-eec7627ab985,completed,2023-03-06 20:43:42.066461,,
71e42e21-2b58-4116-bf02-26dc64c8bdfb,completed,2023-03-06 20:43:42.066461,,
60261e60-c42d-4ac3-860a-6f7d9efe2d9b,completed,2023-03-06 20:43:42.066461,,
fdab38bd-91e4-4a7d-9df3-112e7918bbe0,completed,2023-03-06 20:43:42.066461,,
44d2536c-042a-468f-9b9b-e610d713ad97,completed,2023-03-06 20:43:42.066461,,
96d923c1-b0d0-4697-949d-fc5601a8dcc9,completed,2023-03-06 20:43:42.066461,,
1f77c0f1-d14b-4859-bb1c-bdcb807641ca,completed,2023-03-06 20:43:42.066461,,
0ecba6f4-7ee4-4db0-9749-216122c4b4fe,completed,2023-03-06 20:43:42.066461,,
802eb01f-15d9-46d5-b775-05492a68ef87,completed,2023-03-06 20:43:42.066461,,
cd85d664-30fa-4122-a3fc-3dbacc68b1f9,completed,2023-03-06 20:43:42.066461,,
12827c5c-79cf-445c-a9ee-3e1395a7111e,completed,2023-03-06 20:43:42.066461,,
bf0dab26-c640-417f-89dd-266e609cb0cf,completed,2023-03-06 20:43:42.066461,,
76da340f-ca36-4aca-b1f2-185ce15f9b91,completed,2023-03-06 20:43:42.066461,,
c82ca894-4cb6-4e4c-b313-d4d347b26f5a,completed,2023-03-06 20:43:42.066461,,
34061d93-e393-4d31-bc32-10a2a12decb8,completed,2023-03-06 20:43:42.066461,,
5a614775-ddf5-4fc9-9bd5-0eea81270230,completed,2023-03-06 20:43:42.066461,,
4d7d9cd9-7700-4d70-a12a-650453b7ec95,completed,2023-03-06 20:43:42.066461,,
dd92b62f-2465-49a3-9044-a31d313e7bce,completed,2023-03-06 20:43:42.066461,,
bd562d18-158d-448e-8ab8-f11387114a11,completed,2023-03-06 20:43:42.066461,,
16888ccd-d251-461f-86f3-967c592e0da9,completed,2023-03-06 20:43:42.066461,,
1d36f35c-2105-41e4-9489-0b264ccc42c0,completed,2023-03-06 20:43:42.066461,,
83daf970-a4b8-4e07-934e-243eb91f954d,completed,2023-03-06 20:43:42.066461,,
7fc5652c-73c3-4547-b1bb-223e9483764f,completed,2023-03-06 20:43:42.066461,,
8607d8fe-1aa1-40fd-bee6-d4b9a8baa399,completed,2023-03-06 20:43:42.066461,,
04488eab-fd3e-4331-bab6-434b78cb5a7c,completed,2023-03-06 20:43:42.066461,,
bce94374-02fe-482a-920b-278066dda4ce,completed,2023-03-06 20:43:42.066461,,
2e0ef9cc-370f-4136-a553-eec79de973b0,completed,2023-03-06 20:43:42.066461,,
0c1ce6c1-5674-4405-86e0-25cb6b75f674,completed,2023-03-06 20:43:42.066461,,
bc133209-690e-45b2-a7da-f64da500adc0,completed,2023-03-06 20:43:42.066461,,
5c2ec715-3836-4e68-b94e-0c10e64bf842,completed,2023-03-06 20:43:42.066461,,
f0c620d0-c8df-44a6-830c-02f07a2434b9,completed,2023-03-06 20:43:42.066461,,
72662c35-68d1-4f02-9bbe-1e94c610d33e,completed,2023-03-06 20:43:42.066461,,
1f514743-5c51-4111-8d06-341b2d01a857,completed,2023-03-06 20:43:42.066461,,
ea2f2692-14d2-47de-a23e-00dbbb9c28d3,completed,2023-03-06 20:43:42.066461,,
6bd5c812-7622-4ba6-8657-78dc556b1dbd,completed,2023-03-06 20:43:42.066461,,
2b2ce867-babb-4c79-bda2-683d6fd07518,completed,2023-03-06 20:43:42.066461,,
8d744b3f-8cbe-419e-9b3c-d6dc4f61303f,completed,2023-03-06 20:43:42.066461,,
80ed15f2-456e-4282-a302-44242ea9d2aa,completed,2023-03-06 20:43:42.066461,,
c4b9266d-fbd9-4fbc-b5dd-905906390cc0,completed,2023-03-06 20:43:42.066461,,
74f2f623-ec10-4df0-bc52-ce901738745d,completed,2023-03-06 20:43:42.066461,,
1ec31663-f67e-481a-9517-36d9a53c767c,completed,2023-03-06 20:43:42.066461,,
b052d73f-0017-4f21-a8ef-48917fae673b,completed,2023-03-06 20:43:42.066461,,
d388983f-3678-4861-ad86-145139572c06,completed,2023-03-06 20:43:42.066461,,
892672a6-bdde-4917-9199-bace9faac7f5,completed,2023-03-06 20:43:42.066461,,
401ded60-bb52-4645-8768-067f75a232b7,completed,2023-03-06 20:43:42.066461,,
4235e6af-7cc7-4bb9-9892-b2b6224d8cbc,completed,2023-03-06 20:43:42.066461,,
a6976f38-c5f2-439e-a703-3afcc6c4c478,completed,2023-03-06 20:43:42.066461,,
c7588c17-4a80-4c8b-9967-275c3e4a763e,completed,2023-03-06 20:43:42.066461,,
25595f0e-c46c-4432-b78d-7427d02bb75d,completed,2023-03-06 20:43:42.066461,,
988b9fad-02e6-4dea-8654-204f67fca885,completed,2023-03-06 20:43:42.066461,,
e976b367-4daa-4547-b692-f7c81702a155,completed,2023-03-06 20:43:42.066461,,
afe92860-1a13-4ce5-b028-fc170edb1c70,completed,2023-03-06 20:43:42.066461,,
e29a0aa6-17b6-4306-89ce-f9b379f363f5,completed,2023-03-06 20:43:42.066461,,
5727df67-fd7f-47ae-b4dd-8eeff45d2bbf,completed,2023-03-06 20:43:42.066461,,
3972cfc0-3905-4b5f-95e1-786fe10642f7,completed,2023-03-06 20:43:42.066461,,
4303e637-fd85-4c3f-9123-efbed5186a7a,completed,2023-03-06 20:43:42.066461,,
6c3bf85d-f76f-4fd9-bf79-9d919ea4f007,completed,2023-03-06 20:43:42.066461,,
f8cf1d07-566f-4231-9da5-27925e34c458,completed,2023-03-06 20:43:42.066461,,
072a00af-2f55-45a9-b6bc-08ec5fcb2c9c,completed,2023-03-06 20:43:42.066461,,
14349f84-0244-4d43-b9bf-d3ecfc766ca2,completed,2023-03-06 20:43:42.066461,,
7ea5b5f1-7736-4358-814c-5b38f87bfd04,completed,2023-03-06 20:43:42.066461,,
2e978a15-3ede-4836-9c1d-11560b488fc8,completed,2023-03-06 20:43:42.066461,,
d0807ef6-14ea-4453-b51c-8a3c33a86aaf,completed,2023-03-06 20:43:42.066461,,
7203dd43-a3ca-44bd-9086-fa98d078af3b,completed,2023-03-06 20:43:42.066461,,
f12462f8-8522-482b-b71f-6945f686f609,completed,2023-03-06 20:43:42.066461,,
1aa145c3-bd0e-4f6b-9c7d-e35d891af01a,completed,2023-03-06 20:43:42.066461,,
e6cfcec8-1bcc-4bf1-af1f-3ce8f5748ec7,completed,2023-03-06 20:43:42.066461,,
f0b0d685-ddf3-4a18-8cb7-ab8598317808,completed,2023-03-06 20:43:42.066461,,
d2582d0a-2c29-4286-8007-286a1c080d7d,completed,2023-03-06 20:43:42.066461,,
39f644b8-5bcb-45a9-a904-4bcd9fcb41dc,completed,2023-03-06 20:43:42.066461,,
7ef83ba8-a8f6-43e5-88ae-abbc906adff5,completed,2023-03-06 20:43:42.066461,,
88279b4e-ae81-4d75-94bc-b0a71487e656,completed,2023-03-06 20:43:42.066461,,
ae605c90-82ba-4ad6-b4ab-592748f9dd18,completed,2023-03-06 20:43:42.066461,,
53c9093d-5606-47ae-ae28-fada21cf1c39,completed,2023-03-06 20:43:42.066461,,
420fd9e9-2148-4569-b97b-a270c4fea59a,completed,2023-03-06 20:43:42.066461,,
ed75a40e-27f7-4763-8f59-a03cb2b7f95d,completed,2023-03-06 20:43:42.066461,,
3a2da0cb-858e-431a-a906-baa61d255033,completed,2023-03-06 20:43:42.066461,,
418e5f5a-d556-4b75-9067-cedff4414997,completed,2023-03-06 20:43:42.066461,,
09e88ffa-40e7-4626-91a9-3267d04136b6,completed,2023-03-06 20:43:42.066461,,
47bf6027-25d5-408b-b92a-2dddeefd810f,completed,2023-03-06 20:43:42.066461,,
3446ed23-b0a2-4705-b740-939e3052086b,completed,2023-03-06 20:43:42.066461,,
77d59469-fce9-4b60-8195-d6241fa811cc,completed,2023-03-06 20:43:42.066461,,
bb5c5813-595d-494d-b118-08e884043934,completed,2023-03-06 20:43:42.066461,,
4fe9e79b-4045-40de-a13c-6c7801d2cd49,completed,2023-03-06 20:43:42.066461,,
a5aa9481-f68f-4c78-a28d-2028b6043c3a,completed,2023-03-06 20:43:42.066461,,
537af3cc-a425-4ec8-8cc5-df671b8f87cb,completed,2023-03-06 20:43:42.066461,,
43b7dc8d-55a3-4544-89c4-36d0eeed1d87,completed,2023-03-06 20:43:42.066461,,
0b210bfe-366e-4a3f-ad32-25aead050fb5,completed,2023-03-06 20:43:42.066461,,
2a51c900-e6c2-463b-a5b1-abd2437035df,completed,2023-03-06 20:43:42.066461,,
54e7a563-a80c-446d-b5d6-914afd114ccb,completed,2023-03-06 20:43:42.066461,,
e866ca72-bc9b-4b13-9b41-d86f5e9895d5,completed,2023-03-06 20:43:42.066461,,
abba87f6-9b13-4b4b-8e65-013c92920bf0,completed,2023-03-06 20:43:42.066461,,
73b6de12-fe22-4b61-b518-6d73c6e5bacf,completed,2023-03-06 20:43:42.066461,,
057cd0c9-f9a2-4785-a0a9-fbf461c3525d,completed,2023-03-06 20:43:42.066461,,
de3cfa1e-2a32-480f-9380-d41946620e58,completed,2023-03-06 20:43:42.066461,,
2e81eb15-def7-43c3-a712-8b39ab2c4f5e,completed,2023-03-06 20:43:42.066461,,
7766850b-2c6f-4bb2-822b-76da838c768a,completed,2023-03-06 20:43:42.066461,,
cb1e0ea5-a6b7-4b34-a4c2-118e14ba05fd,completed,2023-03-06 20:43:42.066461,,
d9e84749-2aac-432a-ba0c-341ef219ebb5,completed,2023-03-06 20:43:42.066461,,
8dd76aca-330e-4169-961e-ca6d9d9f03f2,completed,2023-03-06 20:43:42.066461,,
51d3b417-7c08-446a-b826-58a24c8c44dc,completed,2023-03-06 20:43:42.066461,,
a215a10c-afc2-4f37-b61c-4fda5458e8e0,completed,2023-03-06 20:43:42.066461,,
27a96cd5-2218-44c9-8d41-9e28a251a728,completed,2023-03-06 20:43:42.066461,,
df3112cb-12a8-45c1-bf34-c9d5c01262a2,completed,2023-03-06 20:43:42.066461,,
cdfe2b76-55fb-4689-9709-7387d8371d23,completed,2023-03-06 20:43:42.066461,,
97ca2daf-be48-4002-9f05-3e05a0bfc9ea,completed,2023-03-06 20:43:42.066461,,
cdff4f8e-a274-478f-a748-11857912b4cf,completed,2023-03-06 20:43:42.066461,,
41b17fdb-1045-40e8-9d6e-e341bba8452d,completed,2023-03-06 20:43:42.066461,,
f28e13d2-4a12-4fd9-a743-972fe4ce671f,completed,2023-03-06 20:43:42.066461,,
1411f210-c1cd-4bad-9d50-32baaa237a05,completed,2023-03-06 20:43:42.066461,,
5974098b-0bf4-44e2-bd1d-8156d58babcc,completed,2023-03-06 20:43:42.066461,,
258df418-a99f-4fdc-8d50-97aab273304d,completed,2023-03-06 20:43:42.066461,,
0ac2cd2d-163d-4bd2-ada4-bd08e04b7825,completed,2023-03-06 20:43:42.066461,,
adc838f8-7241-42ee-89e2-50e96fc1f929,completed,2023-03-06 20:43:42.066461,,
0746d4fa-e8c7-4ef5-bf3a-5f19f3d951c9,completed,2023-03-06 20:43:42.066461,,
da462ac2-33ba-433a-9852-d59c800d29ad,completed,2023-03-06 20:43:42.066461,,
76fc52b9-c8b3-4526-a2fb-8b38a0cdc52e,completed,2023-03-06 20:43:42.066461,,
48377710-1272-4595-8a3b-a95bf5eddc3c,completed,2023-03-06 20:43:42.066461,,
ddac5840-6349-415b-b291-6acbacfd8396,completed,2023-03-06 20:43:42.066461,,
e1a30a75-5bcc-4f44-9270-74400aa915a3,completed,2023-03-06 20:43:42.066461,,
59416127-27c0-4755-9038-e14d501e2c5b,completed,2023-03-06 20:43:42.066461,,
a52c9ac0-a512-49d2-add4-306ef2aeb9a4,completed,2023-03-06 20:43:42.066461,,
cea98857-18a5-440a-a6c5-b4cfd71f99cf,completed,2023-03-06 20:43:42.066461,,
c3f1f03b-959c-40b6-ad6a-93ae0c9e7c26,completed,2023-03-06 20:43:42.066461,,
6deae5d6-4f4f-4d2e-ab9b-4e1e92ff6087,completed,2023-03-06 20:43:42.066461,,
25f5ab94-c9b7-4528-9c2c-45797eef54e1,completed,2023-03-06 20:43:42.066461,,
964c5b34-1db9-4124-871c-8205744b4c85,completed,2023-03-06 20:43:42.066461,,
f4a0a4a3-b50a-48c4-80fd-bcee60c22d00,completed,2023-03-06 20:43:42.066461,,
0db55a98-1609-494c-885a-e3a6e8168e4c,completed,2023-03-06 20:43:42.066461,,
bb9ee32d-8f2f-4a09-9c37-fbd50ab5f123,completed,2023-03-06 20:43:42.066461,,
b0a13730-5655-4238-bd57-e5144bfbf70d,completed,2023-03-06 20:43:42.066461,,
6dbf86fc-4b0a-4600-af6d-c83ac015db2a,completed,2023-03-06 20:43:42.066461,,
d8322861-b345-45b8-b362-506528fe3cd0,completed,2023-03-06 20:43:42.066461,,
1b81fef7-4ea7-49e1-99d3-7a729c3a8721,completed,2023-03-06 20:43:42.066461,,
353fdadf-90b6-4fd5-8a5c-d611f1cbb2c7,completed,2023-03-06 20:43:42.066461,,
c3dc35ee-eed3-471f-aa8b-98573f8ec911,completed,2023-03-06 20:43:42.066461,,
c203582a-3081-495d-aed9-7c0079d0969d,completed,2023-03-06 20:43:42.066461,,
87c5a780-4f88-4a64-aee5-e0a0d1825f8c,completed,2023-03-06 20:43:42.066461,,
4ddd9edf-2c7d-4534-a658-611c2bb76ad6,completed,2023-03-06 20:43:42.066461,,
256c6d63-ae66-4ba2-ba7d-21eea92c963c,completed,2023-03-06 20:43:42.066461,,
415c40f0-b3ad-458c-9d72-0dbd547bfc20,completed,2023-03-06 20:43:42.066461,,
27c8ea35-fa44-4c0b-930c-f82b0f3c5d38,completed,2023-03-06 20:43:42.066461,,
a3a4dc75-dc9d-4683-bd3c-ae476354fdc1,completed,2023-03-06 20:43:42.066461,,
a255d8ca-5884-4746-8c49-d47e82c373f0,completed,2023-03-06 20:43:42.066461,,
4ee66d9e-b84e-404d-b6b7-2427090243da,completed,2023-03-06 20:43:42.066461,,
7d1581db-f43c-4c12-bf74-80051ea8b9d5,completed,2023-03-06 20:43:42.066461,,
f875860b-628f-4cb1-8931-fddad6148371,completed,2023-03-06 20:43:42.066461,,
3c9a4461-1c78-46a7-865c-9fe427ef8a4c,completed,2023-03-06 20:43:42.066461,,
436ee3a0-d896-4c9f-a60c-6cdbac0008f0,completed,2023-03-06 20:43:42.066461,,
5ecf1eec-5a21-4667-802c-f518b705516f,completed,2023-03-06 20:43:42.066461,,
e28f2a1c-d836-41d1-a877-6b66ddf22fd6,completed,2023-03-06 20:43:42.066461,,
31d2a5d7-2e94-4209-a91d-b5f801265ec0,completed,2023-03-06 20:43:42.066461,,
ce793b06-c99c-428f-9206-1258df7be72d,completed,2023-03-06 20:43:42.066461,,
cdf60986-f05c-4189-8128-4d97a0378bb0,completed,2023-03-06 20:43:42.066461,,
feb51a87-d0e1-4f40-bfe5-f6bca859c142,completed,2023-03-06 20:43:42.066461,,
fcde14a5-f95d-4694-b3ea-ef63c8e71a9e,completed,2023-03-06 20:43:42.066461,,
5fac01f5-edfb-4655-b5c7-ee2cb2470a56,completed,2023-03-06 20:43:42.066461,,
a153dc96-1f5f-4e43-9283-7a8d66d33bba,completed,2023-03-06 20:43:42.066461,,
c5001c49-d3fd-46fd-9460-a4e4d07077aa,completed,2023-03-06 20:43:42.066461,,
eee8b949-26c9-44bc-8893-144324dc70a7,completed,2023-03-06 20:43:42.066461,,
cc25e792-3c40-4585-9203-1a6af326b7f3,completed,2023-03-06 20:43:42.066461,,
cfc54c24-cbac-4c3f-a87f-7c2faf856373,completed,2023-03-06 20:43:42.066461,,
4acef30a-80f3-4793-8c95-efef5ba7edc5,completed,2023-03-06 20:43:42.066461,,
96a6ab4f-1d5a-40e9-acc9-aceb396dad4e,completed,2023-03-06 20:43:42.066461,,
2ae68e30-6cb5-4077-87a9-ef37fe3e0c71,completed,2023-03-06 20:43:42.066461,,
a623c27b-f331-4ec8-b440-d1a5868639ca,completed,2023-03-06 20:43:42.066461,,
8c7e74c1-959b-4019-8d2b-8cbf77f26784,completed,2023-03-06 20:43:42.066461,,
cafce121-80cd-4f2d-88a7-902c7398ea62,completed,2023-03-06 20:43:42.066461,,
40809e9f-f6c7-41c2-b9cb-9d28a90b5577,completed,2023-03-06 20:43:42.066461,,
6b2222a1-85bf-46cc-8200-f27368919f57,completed,2023-03-06 20:43:42.066461,,
c6e31e20-4568-48fb-8704-6d002ed609c1,completed,2023-03-06 20:43:42.066461,,
5cbfc653-e6b1-43bb-a986-8cb6df99a152,completed,2023-03-06 20:43:42.066461,,
52a15d7c-88a5-48cd-b1e8-819e1099bb52,completed,2023-03-06 20:43:42.066461,,
0fd49370-539a-4e6b-9c8d-16500d46504e,completed,2023-03-06 20:43:42.066461,,
2c878707-4033-4812-a2bc-ffdfe9170f89,completed,2023-03-06 20:43:42.066461,,
50d6e3f2-1c24-45de-a6f0-357c501c470d,completed,2023-03-06 20:43:42.066461,,
7dc843b7-9157-4e45-8490-cb53127bfaa9,completed,2023-03-06 20:43:42.066461,,
c0ff25a2-e73f-4dcf-9244-b82bbcae8f20,completed,2023-03-06 20:43:42.066461,,
d4fa9df6-037d-4efc-9814-eb8e8ae58c79,completed,2023-03-06 20:43:42.066461,,
6d081f33-d848-48d2-95d5-9b29d77eb3d2,completed,2023-03-06 20:43:42.066461,,
a9807dc3-f2fd-4ee4-8659-42cd2605d6fa,completed,2023-03-06 20:43:42.066461,,
1aab9617-58a8-45e1-9677-01c444dd3d39,completed,2023-03-06 20:43:42.066461,,
ec14de1b-aca1-4b27-b83d-8cee10d9bf7b,completed,2023-03-06 20:43:42.066461,,
f9c969f5-59d1-490e-a84d-2e280125fc3a,completed,2023-03-06 20:43:42.066461,,
22a64ae9-8b2d-4ea7-862f-9daa1eb45799,completed,2023-03-06 20:43:42.066461,,
7438987d-82b2-44c1-8391-2289b1c96745,completed,2023-03-06 20:43:42.066461,,
df8e03a3-4e96-4746-90a5-b119b446457e,completed,2023-03-06 20:43:42.066461,,
b1b53af4-d98a-4b03-a4ff-e38df83bde51,completed,2023-03-06 20:43:42.066461,,
49e39fa7-5248-4652-868c-82a6fd15f485,completed,2023-03-06 20:43:42.066461,,
37b0b7e6-c812-4987-9c49-733449630139,completed,2023-03-06 20:43:42.066461,,
9b3585ca-54c6-4a2a-96e1-0d8f675231fc,completed,2023-03-06 20:43:42.066461,,
23489e42-aaad-4e51-936a-0b0b1f9a7a80,completed,2023-03-06 20:43:42.066461,,
1964f971-c624-4832-a80a-21df5eba3ed6,completed,2023-03-06 20:43:42.066461,,
d53eff73-a198-4bbb-99e2-d34c217b0dd8,completed,2023-03-06 20:43:42.066461,,
fb0159be-621e-4ac5-9b8d-b011a3359737,completed,2023-03-06 20:43:42.066461,,
d567ba91-b4a9-43a3-9c22-b61bc8380111,completed,2023-03-06 20:43:42.066461,,
18a763c0-4b41-4cff-b0d2-5a7813b5dd98,completed,2023-03-06 20:43:42.066461,,
fa26ac63-a3c3-465b-87f8-75723e1491aa,completed,2023-03-06 20:43:42.066461,,
f80c1db6-bd74-46e8-a0b9-919dddcbc1a0,completed,2023-03-06 20:43:42.066461,,
6715f6fc-f8bb-4bcf-b8c3-db08d77e4175,completed,2023-03-06 20:43:42.066461,,
9356e5dc-ac7e-4ce3-a73a-afdf6ed6d069,completed,2023-03-06 20:43:42.066461,,
572a7586-914b-4119-b602-04fa32495e33,completed,2023-03-06 20:43:42.066461,,
aad675bd-6130-4957-b76a-798a52f132d6,completed,2023-03-06 20:43:42.066461,,
c00459a1-652a-4bbc-b707-f6d1575913f3,completed,2023-03-06 20:43:42.066461,,
3cdf78aa-562b-421d-a6e2-e68bd3d4d3dd,completed,2023-03-06 20:43:42.066461,,
b798d55b-242f-45b7-94a4-2f967fbbea6f,completed,2023-03-06 20:43:42.066461,,
95e27f8b-7747-45fd-b888-ecd3d6dcece3,completed,2023-03-06 20:43:42.066461,,
d008689f-9dc5-4459-92f6-0956afc93a2f,completed,2023-03-06 20:43:42.066461,,
d073ceb2-7184-4735-adb3-5586d98983e8,completed,2023-03-06 20:43:42.066461,,
7065d8ec-73bf-4cc2-8a00-1a6a5297fae2,completed,2023-03-06 20:43:42.066461,,
144bde47-5eeb-4ad0-8d67-1ee80c27782c,completed,2023-03-06 20:43:42.066461,,
dc967fc7-6707-47bc-bcc3-d7313418499a,completed,2023-03-06 20:43:42.066461,,
ca3005e2-72a0-41f4-9282-b64bc6c3aaeb,completed,2023-03-06 20:43:42.066461,,
b3125bbe-ae9f-47d4-9759-ca6561ef7e22,completed,2023-03-06 20:43:42.066461,,
73752aa4-7fdc-4527-92d6-5cd93c228325,completed,2023-03-06 20:43:42.066461,,
0e102115-c3c6-4c88-ac5c-0ff0e81fd88d,completed,2023-03-06 20:43:42.066461,,
9e87bc5b-7027-4f24-9a58-9ed34d80d754,completed,2023-03-06 20:43:42.066461,,
a78dfa7a-0120-4768-b34f-77ccf1b7d305,completed,2023-03-06 20:43:42.066461,,
764a2f26-073a-4d34-bbcb-4673254ed825,completed,2023-03-06 20:43:42.066461,,
894d6d19-4fa4-4ae5-8e01-fa71a11ed07c,completed,2023-03-06 20:43:42.066461,,
3bd3c7af-2541-4d2a-8ccd-ac61ac360865,completed,2023-03-06 20:43:42.066461,,
44861a8b-bb74-4b60-9a7c-baba4f899a04,completed,2023-03-06 20:43:42.066461,,
7372a3f7-4efe-4dbd-aada-ee1a6fabc121,completed,2023-03-06 20:43:42.066461,,
7b8a34f4-dc14-45de-b3cc-f5b0ee99c4bf,completed,2023-03-06 20:43:42.066461,,
e91cb379-365a-4c59-bbb2-349ecc9a5026,completed,2023-03-06 20:43:42.066461,,
8c4e8ed5-66f9-45ea-b2e3-4c531f2211c0,completed,2023-03-06 20:43:42.066461,,
b8b2ee23-363c-46bc-9b8f-dca8e84f7138,completed,2023-03-06 20:43:42.066461,,
6ec684f1-92cf-4666-a0c6-96d18a3bb16a,completed,2023-03-06 20:43:42.066461,,
ed5e647a-e714-4b0e-aeba-874b243b2339,completed,2023-03-06 20:43:42.066461,,
fc49ed2c-f0b4-4b5d-a0c7-9449260349eb,completed,2023-03-06 20:43:42.066461,,
c5f33a07-bca0-4684-9763-3b2ee19b7421,completed,2023-03-06 20:43:42.066461,,
508880b4-33e3-4fc5-92e5-5bc4eabc462a,completed,2023-03-06 20:43:42.066461,,
4954c7d7-8d7a-4ce4-a3af-3f1bbbf87495,completed,2023-03-06 20:43:42.066461,,
d5d7faae-0130-498e-99a6-5956daaa0e12,completed,2023-03-06 20:43:42.066461,,
231702ae-3be3-4f7d-9be3-1f17c77dc2db,completed,2023-03-06 20:43:42.066461,,
045647c5-0455-488b-8b75-e19662eb2c92,completed,2023-03-06 20:43:42.066461,,
727d105e-3a4e-4859-8d42-c55a779f449c,completed,2023-03-06 20:43:42.066461,,
592405b5-b1cf-4435-91ad-7c7301e80670,completed,2023-03-06 20:43:42.066461,,
e3585df3-e401-4baf-82b4-a9e04d64e19f,completed,2023-03-06 20:43:42.066461,,
b2e185a8-32f7-4a55-99e7-b2fefa9c08fb,completed,2023-03-06 20:43:42.066461,,
686eb53a-2286-4ec1-88f4-46df57876dd5,completed,2023-03-06 20:43:42.066461,,
41cb9e62-b6de-4218-bf7e-914a87ee7fda,completed,2023-03-06 20:43:42.066461,,
9c9456b4-497b-4337-9f9f-bcbadf1f6f3a,completed,2023-03-06 20:43:42.066461,,
9b204b01-09b0-46e2-9872-c1a18e7b9bec,completed,2023-03-06 20:43:42.066461,,
daf707fb-f34b-436b-a514-e44b8927b486,completed,2023-03-06 20:43:42.066461,,
b70f676e-ed16-4503-9399-5b9c9fac51f3,completed,2023-03-06 20:43:42.066461,,
4cd22b29-5a77-41f2-a1fb-ad7c0bcf96db,completed,2023-03-06 20:43:42.066461,,
30028b6d-3449-4929-8538-e79f8f1c3f1e,completed,2023-03-06 20:43:42.066461,,
f182dc9d-f130-4487-8f6f-c0435d169f60,completed,2023-03-06 20:43:42.066461,,
7bece79e-c1d4-4182-ad08-79dc38da392d,completed,2023-03-06 20:43:42.066461,,
462626e3-1bc2-4ef2-a413-1485f6f66da4,completed,2023-03-06 20:43:42.066461,,
8c0f44c0-a058-461d-817d-cf94453d9ece,completed,2023-03-06 20:43:42.066461,,
2de10250-7041-4f49-8271-b9eae77b5062,completed,2023-03-06 20:43:42.066461,,
47df339d-ff7a-4eba-9220-7353d3104035,completed,2023-03-06 20:43:42.066461,,
03f4777a-add9-4d0b-adaa-24a009b93548,completed,2023-03-06 20:43:42.066461,,
e6368df9-e7fb-4b35-965f-558f15e0c90e,completed,2023-03-06 20:43:42.066461,,
0668a80c-4311-497a-923b-7efb59e4df89,completed,2023-03-06 20:43:42.066461,,
1cd7b906-6451-4c92-86b0-6cc4569d7583,completed,2023-03-06 20:43:42.066461,,
1d75f259-a1cf-4c1d-b8fc-d7527562a626,completed,2023-03-06 20:43:42.066461,,
34b683e8-dc11-47ae-a0bf-744ef608de14,completed,2023-03-06 20:43:42.066461,,
d5a59307-2cb7-4526-b65e-558f7926841a,completed,2023-03-06 20:43:42.066461,,
4815c77e-2214-4504-8fa7-a71ecd2c643d,completed,2023-03-06 20:43:42.066461,,
51d2b211-c6a8-4bfe-9ded-cc25637d48e7,completed,2023-03-06 20:43:42.066461,,
0527b866-4e68-43c1-a61c-dbb5796668c3,completed,2023-03-06 20:43:42.066461,,
65ca99b4-38c9-47ee-b441-598d59a2cdbc,completed,2023-03-06 20:43:42.066461,,
05dc20dd-1a74-4c51-b693-a8777c57f16c,completed,2023-03-06 20:43:42.066461,,
5577f737-a42f-4e22-a3c7-6a0f957c062f,completed,2023-03-06 20:43:42.066461,,
b6ab97c1-8b7c-470c-9287-00162e9a9fa0,completed,2023-03-06 20:43:42.066461,,
d22536c8-d87c-4fe8-b888-13c32889eaa5,completed,2023-03-06 20:43:42.066461,,
f38ce643-1cc4-4809-a4ff-8f2ed1c36b8a,completed,2023-03-06 20:43:42.066461,,
d38e93a6-3a7b-4a0c-bd16-47a0d10bdc41,completed,2023-03-06 20:43:42.066461,,
364f7ec8-e815-4eae-9e1e-7bac767a028e,completed,2023-03-06 20:43:42.066461,,
a3c562a6-0d78-477e-b4eb-2e92ef3fa035,completed,2023-03-06 20:43:42.066461,,
72828003-df20-462b-8f27-7192e0596b5f,completed,2023-03-06 20:43:42.066461,,
593d5607-531f-43da-807d-8e92d4482c48,completed,2023-03-06 20:43:42.066461,,
38712993-5261-444e-bdc2-b7f7fc2c24db,completed,2023-03-06 20:43:42.066461,,
ba5729b0-249f-4118-ae35-3afcc9c04af0,completed,2023-03-06 20:43:42.066461,,
892a43ab-1b1f-4a2f-9774-f10720f93dd1,completed,2023-03-06 20:43:42.066461,,
28ea61b8-1da8-419c-877b-698241e0dfae,completed,2023-03-06 20:43:42.066461,,
89546289-b92a-4c44-a72c-9bdabd645e27,completed,2023-03-06 20:43:42.066461,,
1559960a-2590-4b95-bd85-1eaa9be39ce3,completed,2023-03-06 20:43:42.066461,,
9c427fac-011e-4924-a133-9dac151c2a12,completed,2023-03-06 20:43:42.066461,,
1a5bbc8f-7b73-4719-b557-1a226b109338,completed,2023-03-06 20:43:42.066461,,
a39d4308-2dbb-43ae-8727-4892b4eb0f9c,completed,2023-03-06 20:43:42.066461,,
305f56df-b291-431d-b19e-469354f30a52,completed,2023-03-06 20:43:42.066461,,
b2160abb-408c-4575-a3d5-5b7d422c6ccc,completed,2023-03-06 20:43:42.066461,,
6f7877ac-c231-4760-a2e0-8c3c1939f7b8,completed,2023-03-06 20:43:42.066461,,
e24bb4e5-579a-43fa-b406-1e19aeff37be,completed,2023-03-06 20:43:42.066461,,
7da1f9d6-74bc-419b-a0e0-a74059c3db81,completed,2023-03-06 20:43:42.066461,,
c0f35621-9593-4e1e-9d3b-fb95b0ac230b,completed,2023-03-06 20:43:42.066461,,
ea1bc704-7ae2-4af5-b51e-10134deff66e,completed,2023-03-06 20:43:42.066461,,
86ca04ea-0139-47df-ad53-1366df82fa0b,completed,2023-03-06 20:43:42.066461,,
203e7869-7f21-4616-8455-9f38af2d778c,completed,2023-03-06 20:43:42.066461,,
3b67bba0-fdcb-4030-b562-607447834730,completed,2023-03-06 20:43:42.066461,,
3ceb51d0-e290-487e-984e-5741802d0b13,completed,2023-03-06 20:43:42.066461,,
5834a11d-cba9-4b38-b19e-35843002d1b8,completed,2023-03-06 20:43:42.066461,,
1322eb13-2479-4663-ab04-6ebc942bcb35,completed,2023-03-06 20:43:42.066461,,
f56f24cd-e278-4ac2-86ba-b779de4288a4,completed,2023-03-06 20:43:42.066461,,
55a194f4-c641-4d89-af22-e82c78abdecf,completed,2023-03-06 20:43:42.066461,,
4590b66a-cc80-4fb3-b582-526305dd65f7,completed,2023-03-06 20:43:42.066461,,
05bf7380-eb19-4f12-8c10-942186d639e4,completed,2023-03-06 20:43:42.066461,,
8c8b2e3c-344a-469c-83e0-c75e055d48f2,completed,2023-03-06 20:43:42.066461,,
b870333a-281a-410b-b38b-d1820aaf9954,completed,2023-03-06 20:43:42.066461,,
07d4d565-4ca6-4c63-aad8-f4f5535a572a,completed,2023-03-06 20:43:42.066461,,
0e66fc91-e3bf-48a4-9d67-f907354ac318,completed,2023-03-06 20:43:42.066461,,
7fdb6362-6ab8-4a75-9456-1c046e29ac5e,completed,2023-03-06 20:43:42.066461,,
05d60ae5-f358-46de-858d-ecd2ebb279fd,completed,2023-03-06 20:43:42.066461,,
4256c709-7407-49da-b8f6-55ea1b244e5a,completed,2023-03-06 20:43:42.066461,,
c42732c4-be67-465f-a187-1d072b52e5b8,completed,2023-03-06 20:43:42.066461,,
c927cbab-7116-4f88-a467-61bd3a6d281d,completed,2023-03-06 20:43:42.066461,,
0323306c-29d5-45fc-870c-536277c6fc52,completed,2023-03-06 20:43:42.066461,,
46ed2bba-e0eb-4207-8602-2050ceeaf721,completed,2023-03-06 20:43:42.066461,,
f6e59292-9be7-45d2-81fa-c0913a9b5929,completed,2023-03-06 20:43:42.066461,,
a16870bc-36b3-4b5d-af7a-c58564d82c47,completed,2023-03-06 20:43:42.066461,,
612379d7-7ebb-47b9-85ce-55bd649a5051,completed,2023-03-06 20:43:42.066461,,
ade77017-db64-4c37-8b0e-44b466cb4a14,completed,2023-03-06 20:43:42.066461,,
caea7619-bb3c-492a-a75b-1878fbbcbfe5,completed,2023-03-06 20:43:42.066461,,
f9bf9334-51e5-4cee-aa30-5a2743dd991a,completed,2023-03-06 20:43:42.066461,,
d640509f-95bd-43e2-afcd-0eeb742c6c8b,completed,2023-03-06 20:43:42.066461,,
f3fac2a3-aa65-46c1-945e-2efdbe2c8a70,completed,2023-03-06 20:43:42.066461,,
80628ffa-8db0-4018-85d9-eeafba1254de,completed,2023-03-06 20:43:42.066461,,
ddde2521-3e20-496d-8b6a-d64b2cf23146,completed,2023-03-06 20:43:42.066461,,
c89b7951-3ef6-4c46-ad37-9e5aa39e472b,completed,2023-03-06 20:43:42.066461,,
57bc47a1-6c78-41b8-82c0-965aa2f0a018,completed,2023-03-06 20:43:42.066461,,
b906374f-8a1a-48ac-913a-2b32ceb33d0f,completed,2023-03-06 20:43:42.066461,,
2b21b0d5-56ce-46fe-835c-c416c4776212,completed,2023-03-06 20:43:42.066461,,
c23a3deb-88d0-485e-9f3e-b21fad3b2533,completed,2023-03-06 20:43:42.066461,,
0790200f-e371-4048-86da-e417f19bb7e2,completed,2023-03-06 20:43:42.066461,,
ed3dd408-1d73-408f-93dd-bb6eb0ee7474,completed,2023-03-06 20:43:42.066461,,
bca2635c-0b08-4a1e-ba7f-247d018be230,completed,2023-03-06 20:43:42.066461,,
71dbd999-6d5d-410b-a1ce-bca63068f50a,completed,2023-03-06 20:43:42.066461,,
f5df663f-cacb-4db1-9bee-3362d313d893,completed,2023-03-06 20:43:42.066461,,
c4a65506-e249-41e9-a8f4-33e9d4fded27,completed,2023-03-06 20:43:42.066461,,
55c71d9b-2366-4963-9599-eb1e03fda147,completed,2023-03-06 20:43:42.066461,,
f6a61f26-4de5-4608-a02d-38839486db79,completed,2023-03-06 20:43:42.066461,,
46663d01-470a-4381-b133-326b410041aa,completed,2023-03-06 20:43:42.066461,,
17ac01af-b59c-4288-9101-3727ebc12a46,completed,2023-03-06 20:43:42.066461,,
8d17fdf2-7972-42ef-aa8b-73a253e4d305,completed,2023-03-06 20:43:42.066461,,
0f04b752-38ca-47a2-8fa8-79e63b55a3cf,completed,2023-03-06 20:43:42.066461,,
20d394d9-39dc-46a5-90fa-9d5616f04837,completed,2023-03-06 20:43:42.066461,,
ec8494ef-f01f-45e3-9d6b-3333ba6544cd,completed,2023-03-06 20:43:42.066461,,
44969640-5d17-483c-b06d-d29abd9bd25a,completed,2023-03-06 20:43:42.066461,,
8081c97d-9874-4653-9672-bc7549b1c239,completed,2023-03-06 20:43:42.066461,,
d0f4c2d5-d3a9-4f4b-9ad3-9fd93a89e33a,completed,2023-03-06 20:43:42.066461,,
69335515-627e-4157-8fa5-8c63b47bf369,completed,2023-03-06 20:43:42.066461,,
b6360fb9-d759-4aa2-a6ab-4ff7f7e85d22,completed,2023-03-06 20:43:42.066461,,
90a9e18a-caaa-4387-bb14-828df21bb056,completed,2023-03-06 20:43:42.066461,,
f5bbf463-e6f6-43ad-bacf-5299795d74bc,completed,2023-03-06 20:43:42.066461,,
7b902bd0-9b5c-4a2f-96eb-084882259696,completed,2023-03-06 20:43:42.066461,,
87fe2bc2-3928-407c-b10b-7b5a8255699d,completed,2023-03-06 20:43:42.066461,,
d6ba14b1-e757-4a74-ad94-68b072c8715e,completed,2023-03-06 20:43:42.066461,,
9830367e-a351-4af0-85b2-074b2469ce7f,completed,2023-03-06 20:43:42.066461,,
8e1ea06c-7b19-4a8e-b316-1abd34fcd97e,completed,2023-03-06 20:43:42.066461,,
631b8a6b-9f75-4552-b3fd-496a512de170,completed,2023-03-06 20:43:42.066461,,
6f73436d-5c85-4db4-a980-d47f14950958,completed,2023-03-06 20:43:42.066461,,
fc0385b7-fbac-4cc5-93d3-ae7bbd8d64e1,completed,2023-03-06 20:43:42.066461,,
25854ea9-d097-46b9-a744-b6117a8e3192,completed,2023-03-06 20:43:42.066461,,
c6b93586-ad9f-4346-8193-67982efe564b,completed,2023-03-06 20:43:42.066461,,
0abb4044-546d-41f5-a2d2-bb3f62428278,completed,2023-03-06 20:43:42.066461,,
108d4ed7-25e5-46a2-9e44-2bc45aad8f01,completed,2023-03-06 20:43:42.066461,,
b0269083-0321-4fa5-b4a5-8b4b32c7026c,completed,2023-03-06 20:43:42.066461,,
02518ba9-fdf3-4502-a36f-bc2a488ccf4c,completed,2023-03-06 20:43:42.066461,,
cf97deb5-27ad-43e5-9bf6-5f3128ff60a3,completed,2023-03-06 20:43:42.066461,,
74f27e7f-aead-43c5-ae01-80e9518d2877,completed,2023-03-06 20:43:42.066461,,
45d1d60f-9013-4a1f-bf6c-ab421cd2b79f,completed,2023-03-06 20:43:42.066461,,
05b48dec-81b8-43e9-8c68-6d4ed7f14a4f,completed,2023-03-06 20:43:42.066461,,
86878285-c6c7-4734-8110-12040f559085,completed,2023-03-06 20:43:42.066461,,
9e4d81c5-5f94-468e-b25c-a10465a95a8e,completed,2023-03-06 20:43:42.066461,,
d42d5f66-ff00-4dec-9d92-e9ce49905566,completed,2023-03-06 20:43:42.066461,,
f65397b7-1cef-4000-97db-f5673603a091,completed,2023-03-06 20:43:42.066461,,
0d30864d-3063-4343-922d-45037b4f6cd6,completed,2023-03-06 20:43:42.066461,,
d540fe0a-7a54-43fc-94e1-7bf1259911ab,completed,2023-03-06 20:43:42.066461,,
541866d6-4eb7-46f3-8772-2c529afe842b,completed,2023-03-06 20:43:42.066461,,
0d45dd19-4a85-46a9-9240-7feb365c3582,completed,2023-03-06 20:43:42.066461,,
f914d5ab-3a76-48c9-915d-4693c3dba7a0,completed,2023-03-06 20:43:42.066461,,
9327fdda-0cc7-49f8-9f45-2f939ff70137,completed,2023-03-06 20:43:42.066461,,
563cdd0c-918b-4be7-bc35-ba06d75d6aa4,completed,2023-03-06 20:43:42.066461,,
ef25cc4d-39d3-43f0-920d-7de51ac0b613,completed,2023-03-06 20:43:42.066461,,
c1388e34-a754-461f-9889-07aca8eeae18,completed,2023-03-06 20:43:42.066461,,
f3eceeac-beb3-4d04-b2b5-8b45ba9b0e94,completed,2023-03-06 20:43:42.066461,,
0b5bbcfa-4d4a-4d41-b92c-b6507dedc47c,completed,2023-03-06 20:43:42.066461,,
5397888a-d0b5-4b4c-9a70-da9e2b817a79,completed,2023-03-06 20:43:42.066461,,
792eba33-b6a8-4835-a975-8adff4dfdcca,completed,2023-03-06 20:43:42.066461,,
c776f7bb-8565-4e17-b102-2fa896259214,completed,2023-03-06 20:43:42.066461,,
e089cfe4-6788-45e6-bb28-e797ca175107,completed,2023-03-06 20:43:42.066461,,
7f93a091-221d-457f-9833-f7c7ecfa98ad,failed,2023-03-06 20:43:42.066461,,
ff39cca4-ab4b-4cb2-90d6-e635ea363258,completed,2023-03-06 20:43:42.066461,,
92463285-2bdb-402a-88e0-d68675831e4d,completed,2023-03-06 20:43:42.066461,,
ad1898a7-4de8-491a-acdb-5d3ff9539314,completed,2023-03-06 20:43:42.066461,,
63d85921-ec7b-4184-ab7f-6bace87afa62,completed,2023-03-06 20:43:42.066461,,
c4843be3-f5c2-4908-ab24-2043eef6ee98,completed,2023-03-06 20:43:42.066461,,
4c6dfe55-21d8-4749-9497-5101c31a9713,completed,2023-03-06 20:43:42.066461,,
4e1f2840-5ee8-4e3e-8ed6-f669c349a5b2,completed,2023-03-06 20:43:42.066461,,
515b602c-b81f-4d98-ba95-50b5c0f5fb14,completed,2023-03-06 20:43:42.066461,,
89efdd3b-0aaf-4043-a601-f7c058124742,completed,2023-03-06 20:43:42.066461,,
3574f944-b0f4-4482-95ad-94743aa08a3c,completed,2023-03-06 20:43:42.066461,,
c232e693-f728-4a53-87ba-9da16651af90,completed,2023-03-06 20:43:42.066461,,
2cde6dd0-09ef-445c-b4a5-d643e0416b90,completed,2023-03-06 20:43:42.066461,,
7a1a09fb-5ac2-45b1-9b25-a01157da09dc,completed,2023-03-06 20:43:42.066461,,
8953da0b-38dd-400e-9f87-9ccbbdc2cc40,completed,2023-03-06 20:43:42.066461,,
7b46081d-c25d-4372-a90a-513459c92093,completed,2023-03-06 20:43:42.066461,,
ed45a83b-3678-442d-84f7-29914655a109,completed,2023-03-06 20:43:42.066461,,
e7682029-e51a-4582-b703-37631e3b5bbb,completed,2023-03-06 20:43:42.066461,,
9ee226fd-46e1-4d6f-a0e6-5b14fa01cc7f,completed,2023-03-06 20:43:42.066461,,
84b003ef-4b0d-413f-9a36-56ee15f7a489,completed,2023-03-06 20:43:42.066461,,
46ac7145-2ae5-4f6d-a9d0-440842e40c82,completed,2023-03-06 20:43:42.066461,,
90cf9f9a-7a10-481b-8d0d-0d085125b395,completed,2023-03-06 20:43:42.066461,,
feea5071-d23d-4916-9671-562a1812219f,completed,2023-03-06 20:43:42.066461,,
e3d775bb-160b-4cf8-b58f-69573199ca2b,completed,2023-03-06 20:43:42.066461,,
8850f2d4-8979-45f2-8512-818ad0ab4b90,completed,2023-03-06 20:43:42.066461,,
b8ec1cc5-08f4-4acb-8831-21a68c49a154,completed,2023-03-06 20:43:42.066461,,
2c03f38a-4482-4023-878b-eb4c9c1c08bb,completed,2023-03-06 20:43:42.066461,,
2504661a-92f0-4bfe-972b-273918f9a758,completed,2023-03-06 20:43:42.066461,,
8d6f9862-9518-4565-920e-b7acb01c111b,completed,2023-03-06 20:43:42.066461,,
c255056e-4d39-494b-924c-2e8914f1e174,completed,2023-03-06 20:43:42.066461,,
b4232e08-2097-48cc-9d3c-a87cdfc4c6f6,completed,2023-03-06 20:43:42.066461,,
d9bf62be-8514-4503-8948-a6d531993777,completed,2023-03-06 20:43:42.066461,,
fa1ce447-2df2-4e5e-917f-a1091075837f,completed,2023-03-06 20:43:42.066461,,
f395fb99-7eee-4b7e-b011-58d2e7ba448b,completed,2023-03-06 20:43:42.066461,,
3438e5be-04d9-43d9-a49d-3dd66c4dff7a,completed,2023-03-06 20:43:42.066461,,
45281e1a-d33c-45c6-a2c5-9370d5b31de2,completed,2023-03-06 20:43:42.066461,,
b97a2436-1326-4047-a2df-f1b4aa1131e3,completed,2023-03-06 20:43:42.066461,,
645bde16-726b-4de4-aa79-2984bbf42fd5,completed,2023-03-06 20:43:42.066461,,
4a7d634e-c9e4-4e4d-bf1a-752363cd6d0e,completed,2023-03-06 20:43:42.066461,,
597b7fb3-8daa-4ba3-98c9-128468c59722,completed,2023-03-06 20:43:42.066461,,
8279f647-ab05-4ff5-9917-57d5adf1508a,completed,2023-03-06 20:43:42.066461,,
8bd0c5c9-657f-4baa-ad70-ff0a1f49865f,completed,2023-03-06 20:43:42.066461,,
f21c85cc-a8f1-45e8-b1ca-84b27742257a,completed,2023-03-06 20:43:42.066461,,
eb2ed138-4ae7-4d69-a8e3-8a05b5554b28,completed,2023-03-06 20:43:42.066461,,
6f3e9f46-7c9d-4473-8245-64a73ea947f8,completed,2023-03-06 20:43:42.066461,,
fafd5bc0-822c-457c-b87a-f9b6600f3c47,completed,2023-03-06 20:43:42.066461,,
22e2a6d3-0505-4581-bf2c-9f58f02df12a,completed,2023-03-06 20:43:42.066461,,
e7467879-7a55-41e1-b8c1-b5720e9445e1,completed,2023-03-06 20:43:42.066461,,
bb419606-5100-4445-868a-0e0fb2f541b9,completed,2023-03-06 20:43:42.066461,,
fd93fb64-9965-40c5-a96b-20c59fde5864,completed,2023-03-06 20:43:42.066461,,
a5dda6a5-f090-41e5-bf0c-ea47532824b4,completed,2023-03-06 20:43:42.066461,,
37af8bf5-b0a9-4e0d-8a9b-862889657382,completed,2023-03-06 20:43:42.066461,,
de1df296-5571-4b69-9253-c71a5a98d28a,completed,2023-03-06 20:43:42.066461,,
cedd0848-b621-448c-9d85-f545670b317d,completed,2023-03-06 20:43:42.066461,,
a21eb310-301e-4b9b-aff8-3dbcad503ca9,completed,2023-03-06 20:43:42.066461,,
b49a32b3-ac3a-43a2-9842-8f15950018b6,completed,2023-03-06 20:43:42.066461,,
f276953c-539a-4a73-ba62-4e8d6d06b9ba,completed,2023-03-06 20:43:42.066461,,
87902d23-4bc6-4e2f-a7e6-b2f952f529da,completed,2023-03-06 20:43:42.066461,,
bab76090-f446-4329-bfda-2ef61fa5de89,completed,2023-03-06 20:43:42.066461,,
c91bee6e-4a77-44b3-bba1-ea7849dfc14d,completed,2023-03-06 20:43:42.066461,,
96d58e83-7066-4cb4-bb1c-92075006b004,completed,2023-03-06 20:43:42.066461,,
c1b1e903-0496-47c6-add9-d447cf59c091,completed,2023-03-06 20:43:42.066461,,
5f681130-8d83-4b5c-a309-58f5d9670892,completed,2023-03-06 20:43:42.066461,,
c8d870c4-7d11-426b-8459-1bf89a903fac,completed,2023-03-06 20:43:42.066461,,
e877f7cd-9892-4f2e-aff5-169867242d53,completed,2023-03-06 20:43:42.066461,,
6bc4a1aa-60f4-4035-b0e4-10b83e8dac70,completed,2023-03-06 20:43:42.066461,,
9fef8db2-a3a1-4798-a990-e392e7378d73,completed,2023-03-06 20:43:42.066461,,
64eff286-ee42-47fe-9b63-b9b54b7afe6d,completed,2023-03-06 20:43:42.066461,,
912c949e-41f5-4bae-9cfc-18b838bc01dc,completed,2023-03-06 20:43:42.066461,,
c7d21295-4407-4aff-a2c7-36b15d66b49b,completed,2023-03-06 20:43:42.066461,,
abad05cc-f773-46ab-8b3f-571c016d14d7,completed,2023-03-06 20:43:42.066461,,
2177466c-7dfa-49c5-9d14-b1770dbb16b6,completed,2023-03-06 20:43:42.066461,,
9ba50e1d-5fef-4fd6-9b95-b0fe8d1eca51,completed,2023-03-06 20:43:42.066461,,
adffc651-0b79-4a5e-933c-9d44b2e48422,completed,2023-03-06 20:43:42.066461,,
a09d5f8b-d061-4c0b-a6cb-43aefa1ee2bf,completed,2023-03-06 20:43:42.066461,,
f3a374c5-81e8-4a02-b2ee-31dae1407c2c,completed,2023-03-06 20:43:42.066461,,
d68b0124-5c72-4f1d-8253-36c30fa8f767,completed,2023-03-06 20:43:42.066461,,
624e5415-90ce-471c-8cad-b4ef2289d5c9,completed,2023-03-06 20:43:42.066461,,
c65c8031-8f5d-42bf-9a06-008f3ada335f,completed,2023-03-06 20:43:42.066461,,
942ef90c-a709-4ccc-ae4d-5861bba3eabc,completed,2023-03-06 20:43:42.066461,,
0c75843e-a9e1-46b3-a13f-9983724ddf82,completed,2023-03-06 20:43:42.066461,,
c05e21b0-3b5f-48fa-9e86-0045dd2400dc,completed,2023-03-06 20:43:42.066461,,
df85ff16-1a47-4454-a85d-bd6493c41cad,completed,2023-03-06 20:43:42.066461,,
1410d50a-065b-4117-80b8-4d88d3533c45,completed,2023-03-06 20:43:42.066461,,
b7a26ece-797d-4dca-82ef-59391dcf081a,completed,2023-03-06 20:43:42.066461,,
d226cedd-f6aa-4204-92ad-7a8c8e698804,completed,2023-03-06 20:43:42.066461,,
f0284024-f1df-43d1-bf15-7219ff9d0597,completed,2023-03-06 20:43:42.066461,,
1f6da371-e1c0-4c04-b084-35ce818de562,completed,2023-03-06 20:43:42.066461,,
6958b025-f1d1-4e06-a82b-1b0feb2b1488,completed,2023-03-06 20:43:42.066461,,
3629776f-f1b8-4492-892f-3b91e34c9939,completed,2023-03-06 20:43:42.066461,,
1bfb38f4-94e5-4a69-8d7e-b7aa0c633d28,completed,2023-03-06 20:43:42.066461,,
6de97322-d643-4484-83fd-33e1fd3c2281,completed,2023-03-06 20:43:42.066461,,
0101ae76-db13-49b7-a2f4-10662ed08828,completed,2023-03-06 20:43:42.066461,,
8bfa9682-7f5b-47ca-9431-1cbdc2d27638,completed,2023-03-06 20:43:42.066461,,
3a89a0f1-b869-42dd-a52a-bbdc49dcf294,completed,2023-03-06 20:43:42.066461,,
49091b22-4d8b-4737-acad-567710c81117,completed,2023-03-06 20:43:42.066461,,
56f5bf2c-5db0-48b0-bb11-96c403fc3ec7,completed,2023-03-06 20:43:42.066461,,
0787cf9b-4835-422c-9d69-d2a0cc775c5e,completed,2023-03-06 20:43:42.066461,,
8fc819ec-04d3-46c3-9743-77b0c694a851,completed,2023-03-06 20:43:42.066461,,
7806fab5-1889-4235-b3b5-3a77b08537dd,completed,2023-03-06 20:43:42.066461,,
ff6d698b-6f5c-437a-adef-2bcb8031a1eb,completed,2023-03-06 20:43:42.066461,,
1d72aa8b-6c76-4799-890d-74aa6d061232,completed,2023-03-06 20:43:42.066461,,
c0dd2b0c-abf7-4643-814a-4a21a8e748e1,completed,2023-03-06 20:43:42.066461,,
08808a1c-8284-4669-b9a4-101ccba63321,completed,2023-03-06 20:43:42.066461,,
fcc8fb8b-7c6e-44df-b65f-315aed4cd6ed,completed,2023-03-06 20:43:42.066461,,
0aff1f4e-2228-4ca4-bd91-390871be521b,completed,2023-03-06 20:43:42.066461,,
5291e202-06d5-4420-a8e5-511a63d6031a,completed,2023-03-06 20:43:42.066461,,
e8e3362b-d3af-4820-a709-8545ca7a5984,completed,2023-03-06 20:43:42.066461,,
b5d51e2c-e496-4e75-beac-6af1c4800179,completed,2023-03-06 20:43:42.066461,,
eb0ceda3-7581-4198-a34a-ce5c06d59808,completed,2023-03-06 20:43:42.066461,,
50e52864-1b92-48fe-a18f-4a23437c5b8e,completed,2023-03-06 20:43:42.066461,,
b066e538-264f-482b-83c5-d38ae1292e55,completed,2023-03-06 20:43:42.066461,,
65748024-3b6f-4939-a503-7dcdfca6c1fc,completed,2023-03-06 20:43:42.066461,,
0af8a62b-6138-4714-9b1b-c7468e90236b,completed,2023-03-06 20:43:42.066461,,
1863e90a-3387-496f-96cf-d327ae1447fe,completed,2023-03-06 20:43:42.066461,,
c7908711-2dfe-4a4e-a3af-2328f58aa993,completed,2023-03-06 20:43:42.066461,,
8812f28e-b04b-4c3e-b029-ee16d5d4f1af,completed,2023-03-06 20:43:42.066461,,
d23054d6-9ade-4cb9-bacb-82182e6f0251,completed,2023-03-06 20:43:42.066461,,
ce163d0a-593e-4d71-9a1c-7803a437a221,completed,2023-03-06 20:43:42.066461,,
bbcd7d47-11e3-4d27-86a2-f146075d0dbe,completed,2023-03-06 20:43:42.066461,,
01a58a4a-8ed9-482a-b910-daeba2257fc8,completed,2023-03-06 20:43:42.066461,,
a8f87e43-28ca-41c4-bf4e-7aa6d65530b5,completed,2023-03-06 20:43:42.066461,,
25bb9b2d-ef14-4647-93a4-ef33276f8436,completed,2023-03-06 20:43:42.066461,,
3ede21d5-95de-4974-8c40-7f435f2d0ef8,completed,2023-03-06 20:43:42.066461,,
e0313e5f-dd5a-4f35-a6bf-846d0e2e1a17,completed,2023-03-06 20:43:42.066461,,
789fc208-f7aa-44b2-ad9b-62b6507bf541,completed,2023-03-06 20:43:42.066461,,
a6844510-f4a1-40f8-8c84-6be488a66a58,completed,2023-03-06 20:43:42.066461,,
d972c950-ddd3-421f-a8a8-c4701e54feb8,completed,2023-03-06 20:43:42.066461,,
b69960ad-164f-43df-be2e-23c36ed80cf1,completed,2023-03-06 20:43:42.066461,,
4414ceb2-a95c-4e43-abe8-ff7d805b22c4,completed,2023-03-06 20:43:42.066461,,
033edced-b1ba-4266-a4a0-4ba501f7efe8,completed,2023-03-06 20:43:42.066461,,
a8f07e6d-fbeb-476e-9256-88f6781e052f,completed,2023-03-06 20:43:42.066461,,
56945d07-8685-49af-85d8-160247f393d9,completed,2023-03-06 20:43:42.066461,,
ca9c04ad-f7ab-409c-8ed8-f5136a0e908e,completed,2023-03-06 20:43:42.066461,,
63b819f4-99b8-4993-b66c-2be1e1fe88ac,completed,2023-03-06 20:43:42.066461,,
b82de955-984c-468d-add3-1b272784ea5e,completed,2023-03-06 20:43:42.066461,,
7052f921-ffe5-44ab-bbdf-76ce3e37a40f,completed,2023-03-06 20:43:42.066461,,
2371b593-6b5c-4cc4-9aef-b222da5ef37b,completed,2023-03-06 20:43:42.066461,,
9eacd751-7b9a-4b39-8027-bf4cc2355205,completed,2023-03-06 20:43:42.066461,,
cf46da9f-b1f6-45db-a1d7-99bbd2b4036a,completed,2023-03-06 20:43:42.066461,,
62d8348f-7795-4bd2-83db-cd80973a6ba0,completed,2023-03-06 20:43:42.066461,,
6fd97748-e462-4f1c-b850-e0c4191494d7,completed,2023-03-06 20:43:42.066461,,
90a8ac2a-b427-4387-a409-97c5e59d14e9,completed,2023-03-06 20:43:42.066461,,
275355b9-e1f5-45a6-a078-b851e85d56c7,completed,2023-03-06 20:43:42.066461,,
05c633bd-4f8f-44a6-88c5-bc2c7013ff95,completed,2023-03-06 20:43:42.066461,,
bf0f039f-4975-4d83-90bd-f3b3fe517029,completed,2023-03-06 20:43:42.066461,,
a1547645-db76-4925-b9a5-ea91dcc2f2d3,completed,2023-03-06 20:43:42.066461,,
743eac6c-04a3-47c6-bb2e-fc3b5f2e1c8a,completed,2023-03-06 20:43:42.066461,,
40445f62-bbe6-45aa-b9a5-4f9e097faed3,completed,2023-03-06 20:43:42.066461,,
311df3d4-6cdd-454d-9762-6e084171ec80,completed,2023-03-06 20:43:42.066461,,
df0dc5d7-e78f-4c59-9436-a50b0303e943,completed,2023-03-06 20:43:42.066461,,
114f4721-e4c7-4715-b59b-6df707bf8d1b,completed,2023-03-06 20:43:42.066461,,
e9220c6b-0267-42fd-9b8e-18a101b7798f,completed,2023-03-06 20:43:42.066461,,
622923ac-d104-438f-bd57-e5559dfec3c3,completed,2023-03-06 20:43:42.066461,,
4c7b671e-5a4a-4c9d-948f-272b7aabc8ce,completed,2023-03-06 20:43:42.066461,,
6e8fe330-df43-46a0-99a3-262528ecdd8d,completed,2023-03-06 20:43:42.066461,,
4080f1bb-341f-4ac2-b1bd-b9c70a96c028,completed,2023-03-06 20:43:42.066461,,
11eb3072-9bf7-4cc1-820f-0edfc5c76f06,completed,2023-03-06 20:43:42.066461,,
539673a0-94d7-452b-913e-18ef13a08935,completed,2023-03-06 20:43:42.066461,,
957dd243-60cd-4847-b742-0a40e5d868c9,completed,2023-03-06 20:43:42.066461,,
7f0ada46-7f54-4dce-b87b-a90ef97a41a0,completed,2023-03-06 20:43:42.066461,,
d80c8f1b-f15b-4cac-b356-3cbb3032e34f,completed,2023-03-06 20:43:42.066461,,
5264b206-680d-456f-b3ab-ae3423414f61,completed,2023-03-06 20:43:42.066461,,
b050d7a2-97da-4562-b2c8-68a7103f8509,completed,2023-03-06 20:43:42.066461,,
ebfdb39f-abd9-4cc3-bfee-d2b496cc9e71,completed,2023-03-06 20:43:42.066461,,
ef7107cc-80d7-408c-a978-644c84714610,completed,2023-03-06 20:43:42.066461,,
794d8f3d-7986-47e0-bf0a-6a68ed0e5fec,completed,2023-03-06 20:43:42.066461,,
892ff547-8287-4c9c-9aa9-b7e0665c17ce,completed,2023-03-06 20:43:42.066461,,
733e477e-64ff-4c6b-aaa3-a9f791192869,completed,2023-03-06 20:43:42.066461,,
f76ea12b-d355-45c1-bc99-8a14e849c618,completed,2023-03-06 20:43:42.066461,,
fe6b48b6-a609-4dc3-9af4-61c8be27f13a,completed,2023-03-06 20:43:42.066461,,
6d41e5b7-6947-46ad-97b3-13baf6e05f86,completed,2023-03-06 20:43:42.066461,,
df0c581c-ca08-44e3-a685-8ddc05ee9055,completed,2023-03-06 20:43:42.066461,,
56efe7b0-28df-4299-bb1f-2784dbd42cfa,completed,2023-03-06 20:43:42.066461,,
9bc27117-c5b2-4eee-b8c9-0a9d7f0e3e2a,completed,2023-03-06 20:43:42.066461,,
f60ca1ef-b7f7-486e-b075-6e857c361255,completed,2023-03-06 20:43:42.066461,,
af038874-c848-47fc-9feb-cb1b0f1a9cfd,completed,2023-03-06 20:43:42.066461,,
cbcca631-47e5-4c78-92e3-c565278db011,completed,2023-03-06 20:43:42.066461,,
81933b40-b9fb-4302-8e2b-c2d7cee71c15,completed,2023-03-06 20:43:42.066461,,
41b30b82-8648-4f82-8f2a-3bbd2fa68a3d,completed,2023-03-06 20:43:42.066461,,
fab4aac1-05f3-41d6-8a00-be2110c179ec,completed,2023-03-06 20:43:42.066461,,
33981e26-4ad7-400e-8809-5c51a9cb1be7,completed,2023-03-06 20:43:42.066461,,
bae83d3f-346e-4fa5-a535-41a39cae4dfa,completed,2023-03-06 20:43:42.066461,,
990733bd-e686-46be-925f-4e6fa9a8c77d,completed,2023-03-06 20:43:42.066461,,
9fffe02d-082e-4935-b436-6c566a500605,completed,2023-03-06 20:43:42.066461,,
bfba981f-25fb-4393-b9a8-c7cc979efc1e,completed,2023-03-06 20:43:42.066461,,
26a5ecd4-4a78-4c00-826a-4186b2bc7ba4,completed,2023-03-06 20:43:42.066461,,
288311c7-7b40-47f2-a536-974a74ca9c0b,completed,2023-03-06 20:43:42.066461,,
1f9027f3-22ca-48c4-bcee-2c8c700b7745,completed,2023-03-06 20:43:42.066461,,
3c9b5570-27fe-4cdf-bce9-1d010f0d9795,completed,2023-03-06 20:43:42.066461,,
7da19657-7ab2-40f3-a50d-69fd8a7108d8,completed,2023-03-06 20:43:42.066461,,
20a430f7-4c43-4652-96f5-f23cfefa539c,completed,2023-03-06 20:43:42.066461,,
0abe53cf-9aff-4179-979d-c245855d784c,completed,2023-03-06 20:43:42.066461,,
9a05ae6e-0ff7-4321-ae3f-30ab8ed548a4,completed,2023-03-06 20:43:42.066461,,
455cc54e-4b73-4720-ac8c-f5e978bd8665,completed,2023-03-06 20:43:42.066461,,
5a17ddcc-ad16-403d-9df4-f1c92fa7c7e0,completed,2023-03-06 20:43:42.066461,,
7cd86147-3cbd-46b7-9cad-14a0d6801be9,completed,2023-03-06 20:43:42.066461,,
8a94e9c2-b3eb-4bc5-b351-13cbf188add1,completed,2023-03-06 20:43:42.066461,,
a9544b94-78a6-4a30-9432-384133b7c4e5,completed,2023-03-06 20:43:42.066461,,
1a2254b2-60f5-4cf7-ba0b-1fb97aae4ca1,completed,2023-03-06 20:43:42.066461,,
d2d9b8a9-a154-42aa-91bd-94f21cd46771,completed,2023-03-06 20:43:42.066461,,
e6969427-d410-40e0-bd59-ee429f714ca2,completed,2023-03-06 20:43:42.066461,,
ab1e5cb3-9bd6-47b6-9fa2-50e684b88f2b,completed,2023-03-06 20:43:42.066461,,
a3e1658a-3758-4e5c-9012-d8d6cf54740a,completed,2023-03-06 20:43:42.066461,,
54a91780-341e-471a-b5d6-f44265832127,completed,2023-03-06 20:43:42.066461,,
9a7d6884-afcc-4191-ba2a-4c99a02a628e,completed,2023-03-06 20:43:42.066461,,
9fc52f23-ee28-4ebb-8133-ff67d0baceda,completed,2023-03-06 20:43:42.066461,,
e4b93479-6015-40dd-9660-ae8cf0fdd545,completed,2023-03-06 20:43:42.066461,,
f16c1ebb-ccf9-4ca4-81dc-459d703824e8,failed,2023-03-06 20:43:42.066461,,
0e1ef70d-17a2-4e1e-99cc-428c72e568b0,completed,2023-03-06 20:43:42.066461,,
eb0a1d88-afbd-4801-9292-e88000f3969e,completed,2023-03-06 20:43:42.066461,,
c21617a1-d80d-4825-8184-f5d64f4e9dea,completed,2023-03-06 20:43:42.066461,,
4e6aeebf-976c-4bfb-ac77-a815f2a43381,completed,2023-03-06 20:43:42.066461,,
f9286165-58f4-4080-96b7-a194597dac75,completed,2023-03-06 20:43:42.066461,,
408921a3-3834-4537-a391-58ad81d45898,completed,2023-03-06 20:43:42.066461,,
ae56e9ed-4c56-412c-a325-733319873f5d,completed,2023-03-06 20:43:42.066461,,
db7e8588-e10f-446e-b892-eafc9832a875,completed,2023-03-06 20:43:42.066461,,
9a5a70a5-5c23-45d0-aa42-472a10ea1130,completed,2023-03-06 20:43:42.066461,,
b66ff314-085d-479d-b9df-3bb550f8f42e,completed,2023-03-06 20:43:42.066461,,
882b25fc-3ce1-4c69-a39d-f69dfa0487b3,completed,2023-03-06 20:43:42.066461,,
b76bd35e-7e2e-47ee-bc6a-17d1a4d51ea8,completed,2023-03-06 20:43:42.066461,,
13bda481-d545-492b-8ed4-a875f050e8d0,completed,2023-03-06 20:43:42.066461,,
4201227d-0ab1-4cd7-a97e-839cc8885b93,completed,2023-03-06 20:43:42.066461,,
37a3c551-557a-4fc8-bbbc-43f967681647,completed,2023-03-06 20:43:42.066461,,
d8f37830-21a8-415e-9893-e81826956f5b,completed,2023-03-06 20:43:42.066461,,
cee3efc1-1e36-4197-bfea-43c68226167e,completed,2023-03-06 20:43:42.066461,,
0b639a99-47f7-45ba-a484-9c27170c1f43,completed,2023-03-06 20:43:42.066461,,
fc1dcaf8-a2af-4485-a084-62cfa30f2f67,completed,2023-03-06 20:43:42.066461,,
96f36ca3-3ff6-417a-a39c-5915d92e1eb7,completed,2023-03-06 20:43:42.066461,,
a1386c86-9ed2-4d88-a6cc-7b6ea8d6b9fb,completed,2023-03-06 20:43:42.066461,,
79417c1c-c5dc-45fc-a804-4eb0433ec948,completed,2023-03-06 20:43:42.066461,,
df54c793-5b06-4e94-9dea-1da12c5d1414,completed,2023-03-06 20:43:42.066461,,
21d6b4c4-e998-4136-8abc-6eefca76bc80,completed,2023-03-06 20:43:42.066461,,
b5c9b9f1-f19f-4cd2-8c01-67216ac3cff7,completed,2023-03-06 20:43:42.066461,,
45743f6f-8cce-48e2-a10f-f1c52ea18b38,completed,2023-03-06 20:43:42.066461,,
c5cb6318-8313-4c55-8754-4b9af06dc892,completed,2023-03-06 20:43:42.066461,,
9cbd2b4b-778a-4bb7-b460-b4aefb385203,completed,2023-03-06 20:43:42.066461,,
1598e4df-73a2-41c7-87e4-7aa26ec34d2e,completed,2023-03-06 20:43:42.066461,,
7bc74b0a-1fc8-46f9-9d23-d13abaaa3f53,completed,2023-03-06 20:43:42.066461,,
e00f74d6-2ca3-4a56-8145-660357112d7a,completed,2023-03-06 20:43:42.066461,,
b80f5515-2148-4057-b0fc-89800e22cd75,completed,2023-03-06 20:43:42.066461,,
53f0ad7a-93bc-479d-9071-d16bb6cfdba8,completed,2023-03-06 20:43:42.066461,,
ec2f418a-f185-4ce8-b5a0-5b70dc4f8c62,completed,2023-03-06 20:43:42.066461,,
969bd6c2-1f02-4ab3-b594-c943e4e16b02,completed,2023-03-06 20:43:42.066461,,
fb2bb225-5b55-4f87-b2a0-c64345b21747,completed,2023-03-06 20:43:42.066461,,
c7130c01-7391-4330-84dd-ac4eb5cd7214,completed,2023-03-06 20:43:42.066461,,
9673f960-7e48-4137-a770-16a093d5daed,completed,2023-03-06 20:43:42.066461,,
b2bde7cd-7acc-43a1-aa7e-e109c2d92dfb,completed,2023-03-06 20:43:42.066461,,
521a5a96-8590-4f01-863b-7c6efef2e0c5,completed,2023-03-06 20:43:42.066461,,
15cdc086-3ecc-4f6b-a50e-c22b214ef535,completed,2023-03-06 20:43:42.066461,,
6d2170ca-1e36-4051-9c27-a8de51c480df,completed,2023-03-06 20:43:42.066461,,
fabedd4f-6d9b-4d8f-a9c8-df34bdc93627,completed,2023-03-06 20:43:42.066461,,
b2bc43de-1bb7-4724-a6ab-83b047257507,completed,2023-03-06 20:43:42.066461,,
be7d0e22-458a-4feb-8910-cf3ac1cafbd5,completed,2023-03-06 20:43:42.066461,,
6a1632e3-7a23-4329-9aa2-cb3757420717,failed,2023-03-06 20:43:42.066461,,
ec391352-da2c-4731-af92-40071da0f870,completed,2023-03-06 20:43:42.066461,,
45df28c8-9b4d-4dbf-97a0-8e8895f35fdc,completed,2023-03-06 20:43:42.066461,,
387956a8-452b-4ba3-b603-77a31583c461,completed,2023-03-06 20:43:42.066461,,
254eb17f-b0ad-4a70-b372-8cea5c20261d,completed,2023-03-06 20:43:42.066461,,
c67e67bb-91ed-421f-9035-f89fb3037302,completed,2023-03-06 20:43:42.066461,,
c2476874-c211-4159-b74b-f3b6134f7d16,completed,2023-03-06 20:43:42.066461,,
47744fd1-3b3c-4702-abad-30b4855f132e,completed,2023-03-06 20:43:42.066461,,
05c78ffb-2f1a-4ff0-aeef-ce4a06c3c248,completed,2023-03-06 20:43:42.066461,,
6a1c5303-3c75-499f-981a-73bb22a3617d,completed,2023-03-06 20:43:42.066461,,
e6790ba0-0494-4172-bdc9-62e8db0b1f2d,completed,2023-03-06 20:43:42.066461,,
574b5c68-e18b-4ec9-a67b-2863cf00a2aa,completed,2023-03-06 20:43:42.066461,,
07f4f353-b6fc-4482-8fb2-e431b48b018a,completed,2023-03-06 20:43:42.066461,,
73dfac3c-3f90-4e5c-8dfd-1f8f35b7dcba,completed,2023-03-06 20:43:42.066461,,
fc953d3c-19a8-4dc7-bd31-14edc1cca692,completed,2023-03-06 20:43:42.066461,,
8b86f876-d53a-44a1-b756-8707acf99744,completed,2023-03-06 20:43:42.066461,,
d72672b1-783f-4a57-b48f-fe3e10747628,completed,2023-03-06 20:43:42.066461,,
8a904d81-8095-4ea9-9191-8427a568e01a,completed,2023-03-06 20:43:42.066461,,
c8e18d21-8c81-4341-aad5-31f1c230df89,completed,2023-03-06 20:43:42.066461,,
81e61b52-7290-4b99-8351-2e2ecfa60729,completed,2023-03-06 20:43:42.066461,,
9dd7bb22-4099-43ef-a41e-0a1a603df738,completed,2023-03-06 20:43:42.066461,,
7cb552ef-fef5-43f1-94ed-95ef4cacc4a8,completed,2023-03-06 20:43:42.066461,,
a0d70cd9-24fb-4b5e-b722-e8a6c7370975,completed,2023-03-06 20:43:42.066461,,
20e0c227-0b26-4479-a65e-18a4437d0d75,completed,2023-03-06 20:43:42.066461,,
9a069716-f3f7-434c-bdc4-8f402aecf873,completed,2023-03-06 20:43:42.066461,,
5e31438c-e4fc-4071-a419-2fa0d1896ada,completed,2023-03-06 20:43:42.066461,,
35950763-8258-4fcd-8b02-9ad98b83a013,completed,2023-03-06 20:43:42.066461,,
5973d22b-8d33-423f-acb6-b45537fd9bc4,completed,2023-03-06 20:43:42.066461,,
0fe00862-8281-4c4c-ba9f-1eb4517d3eaa,completed,2023-03-06 20:43:42.066461,,
0b3b7e0b-c7f3-4839-9c6b-7c570c601177,completed,2023-03-06 20:43:42.066461,,
ec99599a-ecb7-4338-b056-2bf2a70bf7ff,completed,2023-03-06 20:43:42.066461,,
56778ff2-712e-4226-bd2d-3180b2c553df,completed,2023-03-06 20:43:42.066461,,
7a230856-3145-42f0-9952-23ed9f339056,completed,2023-03-06 20:43:42.066461,,
6f25a823-18cf-451a-921d-48bc5e2239f5,completed,2023-03-06 20:43:42.066461,,
7ffee573-6ec6-40fc-af5f-69fe0c7bfe92,completed,2023-03-06 20:43:42.066461,,
3ef858e1-33f8-447b-b257-846cf7999c7c,completed,2023-03-06 20:43:42.066461,,
8cdfe83f-bb3b-4ed6-be39-fc9c86002333,completed,2023-03-06 20:43:42.066461,,
cb7c2b90-eea3-46f9-a3c4-1776fdd0b5cd,completed,2023-03-06 20:43:42.066461,,
879fb20d-98ee-4e0a-8b26-3399a23a6ad4,completed,2023-03-06 20:43:42.066461,,
a5b31d80-0af5-4ca1-8db5-81459f347476,completed,2023-03-06 20:43:42.066461,,
2c3a4bb7-1199-4839-8696-232c049ccdb5,completed,2023-03-06 20:43:42.066461,,
96643c89-15a4-483d-9895-df5a35683861,completed,2023-03-06 20:43:42.066461,,
16486efd-ef37-43e9-b473-b26d426268a9,completed,2023-03-06 20:43:42.066461,,
aa9bcda6-a69e-47f2-b783-6e19846d053e,completed,2023-03-06 20:43:42.066461,,
a4c04dc6-80ea-4205-a0d7-7180a403dbed,completed,2023-03-06 20:43:42.066461,,
958ad586-322d-4330-a1ff-bc0e9cfa73b9,completed,2023-03-06 20:43:42.066461,,
10fd3428-d9c2-4125-92be-bde9da645c54,completed,2023-03-06 20:43:42.066461,,
2ca4b092-91c0-4f9c-8698-0f4b38ea425f,completed,2023-03-06 20:43:42.066461,,
29f36287-a7d3-46b3-82df-8f7fee1978c1,completed,2023-03-06 20:43:42.066461,,
b30acef8-e336-487b-a372-74d033c7fa91,completed,2023-03-06 20:43:42.066461,,
e64f8238-6901-4f2f-8259-bee61ce9d9b5,completed,2023-03-06 20:43:42.066461,,
d4d68cad-59a9-4d4e-8da0-4d5239e646b9,completed,2023-03-06 20:43:42.066461,,
a56b75ae-2be9-441e-a8ac-7308094f484e,completed,2023-03-06 20:43:42.066461,,
d6183a2c-91f3-4497-9c6c-c5481a9afed0,completed,2023-03-06 20:43:42.066461,,
82fcef9f-d657-45d4-8427-2b35aac12c37,completed,2023-03-06 20:43:42.066461,,
c6acce6e-b54c-4562-90f9-48ee716297ec,completed,2023-03-06 20:43:42.066461,,
b643f2ab-b8f0-41e1-b25e-74229988bc36,completed,2023-03-06 20:43:42.066461,,
956faea2-0c1e-491f-8b22-ebbbcf5e374f,completed,2023-03-06 20:43:42.066461,,
74d8e894-2b00-46fa-a690-76581f9f501a,completed,2023-03-06 20:43:42.066461,,
526d5099-beab-4653-8297-2361902edcb9,completed,2023-03-06 20:43:42.066461,,
15f41d17-1cc9-41a3-9fad-37c0b205388f,completed,2023-03-06 20:43:42.066461,,
ed5f8026-2dd9-4ce1-8908-96d39383b50e,completed,2023-03-06 20:43:42.066461,,
ac3eb4d7-832a-4bda-80c5-d9c6464e7788,completed,2023-03-06 20:43:42.066461,,
ffa16214-fe0a-48e7-bee9-61d8946d5085,completed,2023-03-06 20:43:42.066461,,
367a64d4-a11f-4b0f-a7ab-6fd80e240d02,completed,2023-03-06 20:43:42.066461,,
bc0cc1c7-645c-4138-9e7a-11b78f71af01,completed,2023-03-06 20:43:42.066461,,
e2e58c79-b8fd-4629-acef-0680593f379f,completed,2023-03-06 20:43:42.066461,,
fe910295-d022-4d61-88c8-f4fc29bda860,completed,2023-03-06 20:43:42.066461,,
ba1bbc4d-7d3f-481b-a0b0-f05b7da072bd,completed,2023-03-06 20:43:42.066461,,
b93f9e6b-c8e6-4bf2-987b-4bbe0d7983db,completed,2023-03-06 20:43:42.066461,,
b6d8da51-0408-4cd0-bc11-735eed5f1a93,completed,2023-03-06 20:43:42.066461,,
88c631c2-b9d3-4139-8229-ed9feebe4fd7,completed,2023-03-06 20:43:42.066461,,
8cc5da54-21fe-455a-9fb0-e3b2d724f0e4,completed,2023-03-06 20:43:42.066461,,
7aa70d25-0626-4a56-a269-09fc03f10a10,completed,2023-03-06 20:43:42.066461,,
333691b7-5eb2-4d77-990d-0915d175f462,completed,2023-03-06 20:43:42.066461,,
349f3efe-3ae1-49c6-8c1d-9ae94072457e,completed,2023-03-06 20:43:42.066461,,
5231d965-9e4a-4e9f-9b1b-ff09be952e13,completed,2023-03-06 20:43:42.066461,,
0040b594-5098-47c4-92f8-2bdcd01319d4,completed,2023-03-06 20:43:42.066461,,
645145fd-5276-4fc4-9898-c283560e263e,completed,2023-03-06 20:43:42.066461,,
2178ce61-9d60-4317-a8ee-00a45b9ac338,completed,2023-03-06 20:43:42.066461,,
d9ef4a74-aa47-42af-a835-b65b9bb87261,completed,2023-03-06 20:43:42.066461,,
f780dfcc-a27e-4af8-ada1-2b1220e032f4,completed,2023-03-06 20:43:42.066461,,
be62a6ad-a22a-4b7b-812b-7cb79c73092e,completed,2023-03-06 20:43:42.066461,,
086c09aa-86e3-480f-9fc5-f2b82d76f9e1,completed,2023-03-06 20:43:42.066461,,
e415a7e6-9c52-44b7-bd5c-c8b50346f656,completed,2023-03-06 20:43:42.066461,,
509b275c-4b9e-498b-8aa2-6976bba3fb9e,completed,2023-03-06 20:43:42.066461,,
78dae9f6-8fe4-4b01-a4f0-6eadf89753e6,completed,2023-03-06 20:43:42.066461,,
959ad0d5-32c9-4542-bdb8-1325643bf1c1,completed,2023-03-06 20:43:42.066461,,
b5de3ba9-be73-422b-9bc6-ed06ec61707f,completed,2023-03-06 20:43:42.066461,,
c6d897bc-2f02-44ea-9a15-f974d68b58c3,completed,2023-03-06 20:43:42.066461,,
a3ea6b14-42cb-4a40-b392-a2416d461f56,completed,2023-03-06 20:43:42.066461,,
6a4c0a0d-c98a-4f6b-8a18-5b2540d3b9a3,completed,2023-03-06 20:43:42.066461,,
744873ad-aab4-40aa-8710-e2912fcd13ae,completed,2023-03-06 20:43:42.066461,,
a4d633cc-3f9f-4499-8928-fc897d6bd2cb,completed,2023-03-06 20:43:42.066461,,
98db8e52-106f-4f7b-b693-d962d7167af6,completed,2023-03-06 20:43:42.066461,,
1a542144-8ad8-46e3-aedb-213116f799fc,completed,2023-03-06 20:43:42.066461,,
b68be652-b579-40bb-b758-8dded56e69a1,completed,2023-03-06 20:43:42.066461,,
75a114d6-5af1-420a-8efd-17e98d1177b8,completed,2023-03-06 20:43:42.066461,,
8a037db3-b3f9-46f5-8495-bb160d9657a5,completed,2023-03-06 20:43:42.066461,,
e866cbc8-e6dd-4ce0-a10b-4e6321a1de70,completed,2023-03-06 20:43:42.066461,,
a2c5c334-771b-40d1-aeb1-d38899c3473d,completed,2023-03-06 20:43:42.066461,,
bf280926-f949-4e01-90e9-10d911339d55,completed,2023-03-06 20:43:42.066461,,
ea22f1e6-cfb8-40f6-a881-3f84f98f88b4,completed,2023-03-06 20:43:42.066461,,
29421874-95cc-4a70-a8e4-c6d76dd4d31c,completed,2023-03-06 20:43:42.066461,,
8faeda4f-6bdf-49b7-9095-f75e33f92167,completed,2023-03-06 20:43:42.066461,,
664257fd-4468-495b-a077-73861ec30059,completed,2023-03-06 20:43:42.066461,,
2bd6a6f5-6175-4508-9691-3595417c977d,completed,2023-03-06 20:43:42.066461,,
51a004f1-1bc2-4918-902e-b970aac25341,completed,2023-03-06 20:43:42.066461,,
ec8bf2ab-cd2e-449d-89cc-aeed6467d2c0,completed,2023-03-06 20:43:42.066461,,
d580c826-e448-405c-bab1-356c362e252b,completed,2023-03-06 20:43:42.066461,,
cd63b6bb-a2c0-40d4-8695-0734d2f40dd0,completed,2023-03-06 20:43:42.066461,,
7b482816-8102-43b4-b83e-d99191b56e00,completed,2023-03-06 20:43:42.066461,,
cc5b55b3-1f73-439d-810c-ab20f536c723,completed,2023-03-06 20:43:42.066461,,
1a0ad3ea-16ac-4e23-b919-f3c0c54a0d7d,completed,2023-03-06 20:43:42.066461,,
83a3fad2-ab4e-41ad-92ae-e57b3c37ec2f,completed,2023-03-06 20:43:42.066461,,
f71b5e71-4c99-412c-9709-64e9ad2a12bc,completed,2023-03-06 20:43:42.066461,,
25dba5c3-dfcf-433c-ac9f-669dabe45b67,completed,2023-03-06 20:43:42.066461,,
e724f1ce-e5a5-40cd-8c43-cb727403b433,completed,2023-03-06 20:43:42.066461,,
e9386a68-5a75-48f5-87e6-e6662aec9f7a,completed,2023-03-06 20:43:42.066461,,
b4913b4d-ad5a-4053-89dd-c6fad20f9f93,completed,2023-03-06 20:43:42.066461,,
b032e856-9579-4a87-88d6-ccb63c227261,completed,2023-03-06 20:43:42.066461,,
c61da5bb-c8ee-466e-a0f2-8d4da062533b,completed,2023-03-06 20:43:42.066461,,
7db83eb6-442c-428e-8743-e26467dbed06,completed,2023-03-06 20:43:42.066461,,
cc405cd1-90cd-4e54-8411-bbf0583d2594,completed,2023-03-06 20:43:42.066461,,
233864ee-04cf-465f-999f-c052e8fbb2ce,completed,2023-03-06 20:43:42.066461,,
a3458eea-f877-499e-bcc5-f93ec716c87c,completed,2023-03-06 20:43:42.066461,,
58f11d75-d422-4d3a-a45d-ab5892d0eec1,completed,2023-03-06 20:43:42.066461,,
75006ab9-a78c-4a85-b181-4514e4a95f25,completed,2023-03-06 20:43:42.066461,,
01524423-029f-4f95-8a2b-e192965299c9,completed,2023-03-06 20:43:42.066461,,
369f67a0-7630-4c9b-906d-e6f56b275d0e,completed,2023-03-06 20:43:42.066461,,
05fc2b32-3347-4700-bf6b-ed429600bc47,completed,2023-03-06 20:43:42.066461,,
6fc9ea4e-436a-4c4b-81c1-c04b5f438f57,completed,2023-03-06 20:43:42.066461,,
32ba7ee7-1653-4c91-bb69-b14e7401c2f0,completed,2023-03-06 20:43:42.066461,,
dcbaf89b-0504-422a-8410-66a5b247d45d,completed,2023-03-06 20:43:42.066461,,
783e9525-84fd-497d-aa5b-648db86204ef,completed,2023-03-06 20:43:42.066461,,
dd23c319-fd42-47ea-9dc0-81078ea8d56c,completed,2023-03-06 20:43:42.066461,,
4d51a415-6748-404b-96ce-f459d4638f38,completed,2023-03-06 20:43:42.066461,,
0940e068-8e00-4c5c-b384-46dc297a45f4,completed,2023-03-06 20:43:42.066461,,
f998cbec-d23f-4e9b-9da1-f12bab8171fa,completed,2023-03-06 20:43:42.066461,,
950a48be-f58d-4f6d-a2f9-2e02adf93daf,completed,2023-03-06 20:43:42.066461,,
b9b5b4d4-f4b8-4589-b479-c5ae8615941e,completed,2023-03-06 20:43:42.066461,,
938862f1-8ce0-4e7e-90f2-15add144e895,completed,2023-03-06 20:43:42.066461,,
44ac0fc3-b912-4aaf-89e6-f4dce27a0f80,completed,2023-03-06 20:43:42.066461,,
ea1ef147-9ae2-462d-9b14-8c280be5d062,completed,2023-03-06 20:43:42.066461,,
c8b21a63-2b18-4e86-bbe9-ccbee5b41ffc,completed,2023-03-06 20:43:42.066461,,
f573ab95-53c6-4f0b-a487-303516ae9a79,completed,2023-03-06 20:43:42.066461,,
d7a79396-d9a7-41ec-8980-00cacc178f09,completed,2023-03-06 20:43:42.066461,,
b56c6597-1839-4796-9741-7c46ae11432a,completed,2023-03-06 20:43:42.066461,,
e4ccc8e5-c572-4d79-bde7-74c239927b57,completed,2023-03-06 20:43:42.066461,,
85216db6-6b58-4c07-b25c-b1e2e7c878fb,completed,2023-03-06 20:43:42.066461,,
0bb043d6-0f49-4817-b9a5-614a907528cd,completed,2023-03-06 20:43:42.066461,,
ab5a80da-087d-4be6-be26-fa055b67606f,completed,2023-03-06 20:43:42.066461,,
13937cf0-247f-4ec5-87c3-e0b349e20178,completed,2023-03-06 20:43:42.066461,,
4fc05fba-0b1c-4f28-8c6d-3ffc7e1d9b8c,completed,2023-03-06 20:43:42.066461,,
182a9aa9-12c8-43cc-a607-391f666219b1,completed,2023-03-06 20:43:42.066461,,
04f5385a-a7bb-46ba-a1d2-02589dcb708f,completed,2023-03-06 20:43:42.066461,,
38a8a557-db51-4113-befb-799172c6a56c,completed,2023-03-06 20:43:42.066461,,
4d7e7cb1-9d8e-48a9-9eb7-94e8be9a23e8,completed,2023-03-06 20:43:42.066461,,
3ad332aa-553f-4b9e-b72e-25545f0156fd,completed,2023-03-06 20:43:42.066461,,
c1224968-8f46-46e1-b76a-620d9ea88c5a,completed,2023-03-06 20:43:42.066461,,
5171cfb3-79a1-4dcb-b164-f1970ed54625,completed,2023-03-06 20:43:42.066461,,
8b784886-5c0e-4711-a9c9-9a4e5a8f8378,completed,2023-03-06 20:43:42.066461,,
b393eb1f-316e-44f8-97df-e4b1c7ebddfa,completed,2023-03-06 20:43:42.066461,,
f7202d60-be5e-479c-8ad7-5bcf600c302d,completed,2023-03-06 20:43:42.066461,,
c465310a-5266-43de-98d1-d75c25640ee0,completed,2023-03-06 20:43:42.066461,,
8502c579-989a-4ce1-ad1e-d042bdaaf8c5,completed,2023-03-06 20:43:42.066461,,
b85c4ee2-9e34-410c-a52e-bbe21e6cfa1e,completed,2023-03-06 20:43:42.066461,,
a8b20543-5416-4aaf-a480-7b0ef257aea8,completed,2023-03-06 20:43:42.066461,,
5b471e28-3a9f-4dc6-90a9-a20f55a2abaf,completed,2023-03-06 20:43:42.066461,,
d7f4f919-8ae4-4c3b-8b01-76d522dd9593,completed,2023-03-06 20:43:42.066461,,
4336f437-315b-4a2a-bb6e-d300ec02af46,completed,2023-03-06 20:43:42.066461,,
dfd6cfca-c4c8-4802-aebf-7884d4381653,completed,2023-03-06 20:43:42.066461,,
0a7e550d-497d-4696-badb-5bcdae5f724d,completed,2023-03-06 20:43:42.066461,,
5a62959a-ae0e-4180-89e5-0c438413298e,completed,2023-03-06 20:43:42.066461,,
3631cbc3-b9c7-4933-97fd-af12096889fc,completed,2023-03-06 20:43:42.066461,,
ed4814bb-4281-4a8b-be11-5dec6c3e0a45,completed,2023-03-06 20:43:42.066461,,
e152fd4c-ea12-4cec-94eb-9fa6b9f51776,completed,2023-03-06 20:43:42.066461,,
da5d0018-8a75-4515-985f-65b425e18f54,completed,2023-03-06 20:43:42.066461,,
69233e99-8ce0-4795-a31a-adbfa2433213,completed,2023-03-06 20:43:42.066461,,
bda16dcb-5c2d-4719-a9f4-f1d10fa35d8f,completed,2023-03-06 20:43:42.066461,,
08f52724-7998-4436-bc9d-a3a38485772a,completed,2023-03-06 20:43:42.066461,,
d635bb36-c53c-4b8d-9fc4-49ab303406ef,completed,2023-03-06 20:43:42.066461,,
74b70044-c0f2-4f8d-b43c-fb731cdf5e98,completed,2023-03-06 20:43:42.066461,,
1ef13460-0535-4d24-946e-ef22fc379038,completed,2023-03-06 20:43:42.066461,,
ca047666-2830-4982-b739-43d597897ff7,completed,2023-03-06 20:43:42.066461,,
9c0a2ec1-20de-4c88-81e6-4e0b2f0e120c,completed,2023-03-06 20:43:42.066461,,
255fadbf-e9c7-43a5-bca2-cb73fac1b14f,completed,2023-03-06 20:43:42.066461,,
3000d398-9474-4890-875b-eafe8b1753df,completed,2023-03-06 20:43:42.066461,,
28faa216-e5ec-4cce-a5b1-2187b3832c63,completed,2023-03-06 20:43:42.066461,,
a112e5d9-350e-42ca-98a6-79cc5d6fdec8,completed,2023-03-06 20:43:42.066461,,
d58a77ff-5e28-4c51-bd73-6d3d742ccfc0,completed,2023-03-06 20:43:42.066461,,
7cfe94f9-721b-4990-acf1-3ecc2553c7f8,completed,2023-03-06 20:43:42.066461,,
640ee9d7-c45c-44c9-aa61-7849d111f0fe,completed,2023-03-06 20:43:42.066461,,
8e657e3d-b7aa-4ed6-8005-ac0b0e587da2,completed,2023-03-06 20:43:42.066461,,
b89b7963-7908-4df0-8fa6-b9ca9ef19848,completed,2023-03-06 20:43:42.066461,,
8ff6d8f8-616e-402a-b98b-35d2c1476fd4,completed,2023-03-06 20:43:42.066461,,
3d4bbb18-a8ac-473b-8b6d-17a8cfa5827a,completed,2023-03-06 20:43:42.066461,,
36e62471-e533-4421-a91a-13564826bcb7,completed,2023-03-06 20:43:42.066461,,
bff3b43f-417e-42e5-8285-26675b0eb4f4,completed,2023-03-06 20:43:42.066461,,
a9dceadb-0358-49c1-9530-e83422f33563,completed,2023-03-06 20:43:42.066461,,
8270d865-553f-43f7-91f7-26283f483a85,completed,2023-03-06 20:43:42.066461,,
1837d4d7-67cd-4164-886d-0ad029315f67,completed,2023-03-06 20:43:42.066461,,
088f8699-34b8-4e32-8c51-fd7e9d2a1930,completed,2023-03-06 20:43:42.066461,,
383a335c-c31d-4c73-87f4-ccf48d297f04,completed,2023-03-06 20:43:42.066461,,
9d93785c-ff33-435b-be8e-13567b79bcf6,completed,2023-03-06 20:43:42.066461,,
bdf8c0d0-8f56-456a-94f5-e0aa564f8fbe,completed,2023-03-06 20:43:42.066461,,
24a5ef7e-803f-4264-932a-88a3bc6c1997,completed,2023-03-06 20:43:42.066461,,
1f505098-b915-4e12-8cd1-8f99b53762c0,completed,2023-03-06 20:43:42.066461,,
390cc415-7a11-4c62-a05a-20fee4ff0ca0,completed,2023-03-06 20:43:42.066461,,
9020bdfc-4c46-4f0a-a3f6-704568041358,completed,2023-03-06 20:43:42.066461,,
1d6f3245-5884-4ff5-83d7-7c10eaa7ef1c,completed,2023-03-06 20:43:42.066461,,
6ac6ff75-1362-4160-8ee8-bccc09764fb5,completed,2023-03-06 20:43:42.066461,,
5b97c910-0ae2-4722-bf25-e03d0c2b1dda,completed,2023-03-06 20:43:42.066461,,
ba757281-1f2f-4f1a-b63b-eac3a39aad7e,completed,2023-03-06 20:43:42.066461,,
a144b64f-3eb5-4c45-916f-6e5353e2d947,completed,2023-03-06 20:43:42.066461,,
744d79b0-cf34-4420-a449-0278c85d70b7,completed,2023-03-06 20:43:42.066461,,
4bb88c20-88e6-4bd4-b7f6-5112a5bc7d9e,completed,2023-03-06 20:43:42.066461,,
69dbf6b2-03e6-4983-808f-c25ac4944ffd,completed,2023-03-06 20:43:42.066461,,
2a0aac32-5c5b-4ef4-a4bc-5184a7979f48,completed,2023-03-06 20:43:42.066461,,
56e06663-8a87-47c6-b6f6-e544f482af4b,completed,2023-03-06 20:43:42.066461,,
33fd53de-de9c-4139-ab9b-c708c65b7feb,completed,2023-03-06 20:43:42.066461,,
c0555714-4d49-4825-8355-2a6330990f2b,completed,2023-03-06 20:43:42.066461,,
58ec84ff-928c-4ae8-b85b-39c8528949f4,completed,2023-03-06 20:43:42.066461,,
eda0ef71-2a38-4623-b8f3-cb2c429a48cd,completed,2023-03-06 20:43:42.066461,,
957637e7-8f88-43cc-8a2b-2bc9f24992c3,completed,2023-03-06 20:43:42.066461,,
32e1a0f7-79c1-47fa-89ba-97fe96f636ab,completed,2023-03-06 20:43:42.066461,,
cb016372-06c0-4350-b6f7-c3ab2f327df6,completed,2023-03-06 20:43:42.066461,,
a7387408-c145-4278-bc38-b19af1c1844a,completed,2023-03-06 20:43:42.066461,,
00e79814-f477-472e-ac85-dd509394fdad,completed,2023-03-06 20:43:42.066461,,
35251f8a-50cb-4b88-a2e4-41249a4064ba,completed,2023-03-06 20:43:42.066461,,
41d73d28-c7ce-4b3d-bf59-9edbc5311160,completed,2023-03-06 20:43:42.066461,,
c046dd38-2512-4ef6-a765-05e47bb41964,completed,2023-03-06 20:43:42.066461,,
e77d425e-20d2-4c4e-9c17-321dee90d75c,completed,2023-03-06 20:43:42.066461,,
04c98291-53ee-4bc8-9e98-0ec8b5fee2ce,completed,2023-03-06 20:43:42.066461,,
9ea50cfa-b2d9-4963-9994-8d3894be065a,completed,2023-03-06 20:43:42.066461,,
db6e6f97-1647-41db-b063-2639776c6d0f,completed,2023-03-06 20:43:42.066461,,
30c64a38-8727-446a-bc00-dd1e79aa3962,completed,2023-03-06 20:43:42.066461,,
5e4faa48-fbeb-483b-8e55-77cc48e1466a,completed,2023-03-06 20:43:42.066461,,
a6bb699c-dbeb-44b6-a7b6-083efb7a4e8a,completed,2023-03-06 20:43:42.066461,,
6e3fb8a4-97c1-4d36-8b2c-2a1cb6b58da8,completed,2023-03-06 20:43:42.066461,,
791ade6b-b87a-4bea-a27e-5baede51ad43,completed,2023-03-06 20:43:42.066461,,
22499e32-8c75-4428-a603-d0bf69cdba7c,completed,2023-03-06 20:43:42.066461,,
f5c8875d-cf1b-4925-8447-734820a9b921,completed,2023-03-06 20:43:42.066461,,
c2e7b325-af88-4065-b36d-0b327d907d0e,completed,2023-03-06 20:43:42.066461,,
71eb1b19-fc5b-41c6-b469-dba9003b8d06,completed,2023-03-06 20:43:42.066461,,
81cf3361-cdd0-4ea5-a385-273a26c2fb35,completed,2023-03-06 20:43:42.066461,,
75aa89d7-4b80-4dab-b1dc-cb41281c2833,completed,2023-03-06 20:43:42.066461,,
0ea2d054-a6ec-435e-97e2-7e41d4719de8,completed,2023-03-06 20:43:42.066461,,
e625b8b7-e25a-4646-a19b-330785b3907b,completed,2023-03-06 20:43:42.066461,,
5f838810-87bf-47bf-8091-547534f1b5a5,completed,2023-03-06 20:43:42.066461,,
748324ba-21eb-48b1-98e7-e67483cae8ae,completed,2023-03-06 20:43:42.066461,,
af36d93a-1f09-4c68-8a5a-59e84cf7c62e,completed,2023-03-06 20:43:42.066461,,
12aca7fd-1bc1-4d64-bae4-75fda85d5433,completed,2023-03-06 20:43:42.066461,,
e6c3d821-7bfd-4737-b8ad-f5cf8f397eb4,completed,2023-03-06 20:43:42.066461,,
3378ce9a-f55a-4308-8818-653b1e5dcc12,completed,2023-03-06 20:43:42.066461,,
ffff25a2-5d68-48d1-9a6e-b536f1673671,completed,2023-03-06 20:43:42.066461,,
f257bf21-65b9-4e6e-877b-d6a43b7a0ff4,completed,2023-03-06 20:43:42.066461,,
226b5fb0-3522-4a12-b493-b9f980b8cc3b,completed,2023-03-06 20:43:42.066461,,
cf45f231-f108-47dc-a885-1697c5c21bb8,completed,2023-03-06 20:43:42.066461,,
2ea79b30-c0ce-4c35-96a6-10afae9ff109,completed,2023-03-06 20:43:42.066461,,
9d86758c-e8c5-436b-8070-2b537e5249bc,completed,2023-03-06 20:43:42.066461,,
6588fe70-481a-4fad-8008-c9f5e0d0d198,completed,2023-03-06 20:43:42.066461,,
bbfeea57-489c-4722-adf0-9a105a3825f7,completed,2023-03-06 20:43:42.066461,,
8dcfbb9a-d64e-4619-b244-83732d1e71a7,completed,2023-03-06 20:43:42.066461,,
4fb4b107-7035-47ab-9fd0-e2e69bb20438,completed,2023-03-06 20:43:42.066461,,
95c34dc7-0d3c-45bd-a773-8fe505cf07b1,completed,2023-03-06 20:43:42.066461,,
247fa1d4-85d3-4578-bf0a-f7879622f94d,completed,2023-03-06 20:43:42.066461,,
5e75e84a-36ed-401b-9a5b-0daef6d1c7e3,completed,2023-03-06 20:43:42.066461,,
f8bff760-9227-4c4e-95e9-4c6550e078e4,completed,2023-03-06 20:43:42.066461,,
66de6b7e-b66d-4a9f-9684-bcec818b0564,completed,2023-03-06 20:43:42.066461,,
b2b887ac-82b1-40e5-8ceb-8958d04a84b3,completed,2023-03-06 20:43:42.066461,,
7bf2f077-0360-413c-806e-21405a20f8a0,completed,2023-03-06 20:43:42.066461,,
35bc703b-2c50-4015-b8eb-72c8e74f0184,completed,2023-03-06 20:43:42.066461,,
8e76d7ae-1c87-42c7-8d9e-ce64f9bb73e9,completed,2023-03-06 20:43:42.066461,,
e40e1ebd-1e14-4e08-8743-5bb83c8a776b,completed,2023-03-06 20:43:42.066461,,
e17bd27d-5b60-4119-94fa-d0745f6f2262,completed,2023-03-06 20:43:42.066461,,
f2e4bb99-a6ec-441c-90cc-be039eab5472,completed,2023-03-06 20:43:42.066461,,
5a95043e-cec9-4cc2-bfcd-46837d667c25,completed,2023-03-06 20:43:42.066461,,
deab8052-adf1-4876-8fc7-7d18c820fa43,completed,2023-03-06 20:43:42.066461,,
0686379a-9fdd-4446-913c-44ddb5379ffc,completed,2023-03-06 20:43:42.066461,,
fddd5f41-0a06-47e5-abd5-5cfecea2f585,completed,2023-03-06 20:43:42.066461,,
1cf518a7-3cfa-4556-8837-3783b3527305,completed,2023-03-06 20:43:42.066461,,
29d25ae8-98df-4d85-8428-4f320181e5d3,completed,2023-03-06 20:43:42.066461,,
21892a7e-7c8d-4eb3-ad84-74edb5b15fce,completed,2023-03-06 20:43:42.066461,,
5cb2f187-a5b3-4b3b-b38f-4a367d0b8c6e,completed,2023-03-06 20:43:42.066461,,
7349aac9-7486-457a-b564-fd8d7eda5533,completed,2023-03-06 20:43:42.066461,,
53e55c0b-ddb0-45cf-836a-5a9e3940f8f5,completed,2023-03-06 20:43:42.066461,,
255d369c-0b3f-4809-890e-f91c4e911d81,completed,2023-03-06 20:43:42.066461,,
29ef58c8-4ceb-474f-96bd-f3ae7c61326a,completed,2023-03-06 20:43:42.066461,,
88ab96d0-be5b-4441-9b2b-c1790871a02f,completed,2023-03-06 20:43:42.066461,,
18ff4d5c-9d4f-4a0a-bfb9-8e5ac6177435,completed,2023-03-06 20:43:42.066461,,
aa125d90-ee10-48dd-bf47-b6596a453063,completed,2023-03-06 20:43:42.066461,,
0e641ead-e43a-4242-ac52-0f7a814ce49d,completed,2023-03-06 20:43:42.066461,,
96ca20c0-7564-4af4-8cf0-e63161e3a233,completed,2023-03-06 20:43:42.066461,,
81eaffe4-e306-4d56-b543-8506aab2fd44,completed,2023-03-06 20:43:42.066461,,
8434d9c2-91c4-4f3a-9cb8-a28a002c4358,completed,2023-03-06 20:43:42.066461,,
5e95ea36-746a-42bb-b881-9706c7aed3e2,completed,2023-03-06 20:43:42.066461,,
5956d1b1-ab16-40ae-b285-2245145fe12e,completed,2023-03-06 20:43:42.066461,,
f39c9ee9-741a-4385-9833-40132cca550c,completed,2023-03-06 20:43:42.066461,,
39ed2172-6d94-4293-8eb2-fa9372dfc0a8,completed,2023-03-06 20:43:42.066461,,
f8abb4eb-0489-41d6-bec2-ad8511cd3c05,completed,2023-03-06 20:43:42.066461,,
cef496ad-53f0-4c02-bcb5-4276ad64b29a,completed,2023-03-06 20:43:42.066461,,
53d24081-12b1-468b-a250-c22837a77ca5,completed,2023-03-06 20:43:42.066461,,
69ef0aa2-c97c-4f48-b97a-8635d0700861,completed,2023-03-06 20:43:42.066461,,
2e5d4e6f-f487-4b65-b136-693601fbf4ec,completed,2023-03-06 20:43:42.066461,,
66acfa86-f165-4f44-8b87-b51cbdf73e13,completed,2023-03-06 20:43:42.066461,,
63bf35ab-74a1-4ff9-9d3f-967966b1c8aa,completed,2023-03-06 20:43:42.066461,,
d9b1a9c5-1863-494b-a3d9-075e9018be5f,completed,2023-03-06 20:43:42.066461,,
9bae13b4-d0a3-4b62-b539-c39bafa58f70,completed,2023-03-06 20:43:42.066461,,
8dc477c9-a39d-4eb4-8da9-088b612cb6fc,completed,2023-03-06 20:43:42.066461,,
5240041d-5021-4657-888f-73b5e3a76958,completed,2023-03-06 20:43:42.066461,,
f9892629-45e1-4c1b-8dea-440247645680,completed,2023-03-06 20:43:42.066461,,
998c5386-cd91-4b4c-954d-9f978dae1466,completed,2023-03-06 20:43:42.066461,,
6ea82b66-9adf-406c-8d6a-c0721c2a7853,completed,2023-03-06 20:43:42.066461,,
5c37eecb-cde2-492f-9b04-98195e1f2afc,completed,2023-03-06 20:43:42.066461,,
3be3b303-2bbd-405f-bbbb-1b94a1072d7d,completed,2023-03-06 20:43:42.066461,,
f6563673-8716-4e3e-8a51-1a1de76d78ef,completed,2023-03-06 20:43:42.066461,,
3d6e53ad-20a1-4b18-8968-ee10b8068016,completed,2023-03-06 20:43:42.066461,,
2fa206d7-5fc3-4781-9f95-47d7b1ee41d6,completed,2023-03-06 20:43:42.066461,,
7a4a52f7-3c0b-4f06-8c54-f029152f557d,completed,2023-03-06 20:43:42.066461,,
09d4a2cf-9c62-4886-8c1c-fbee7212b852,completed,2023-03-06 20:43:42.066461,,
ae388f0f-e032-4832-a6fb-9b886b9b4af4,completed,2023-03-06 20:43:42.066461,,
d54610cf-2b25-42cf-9421-d704dd3f838f,completed,2023-03-06 20:43:42.066461,,
44b5cdc1-f99c-4a30-88c0-92a0168da9b0,completed,2023-03-06 20:43:42.066461,,
c6870081-8374-4b9e-a4f3-ce5fd0b80327,completed,2023-03-06 20:43:42.066461,,
032be6ba-4e5b-4328-ad29-6e795b9380e2,completed,2023-03-06 20:43:42.066461,,
5096ac80-10ab-4a3e-97f2-956a8279477b,completed,2023-03-06 20:43:42.066461,,
c39ddd50-7713-46a2-9b98-3da622571846,completed,2023-03-06 20:43:42.066461,,
42dc2202-7c0e-46b0-811d-e1723d5929fa,completed,2023-03-06 20:43:42.066461,,
b4d9e0ff-44bf-496e-89d1-00aaec78fa41,completed,2023-03-06 20:43:42.066461,,
0b8b96c1-23bd-4a3d-84a2-5358698b05ed,completed,2023-03-06 20:43:42.066461,,
88865996-1232-4e9f-b1d5-30f27e52380c,completed,2023-03-06 20:43:42.066461,,
241d3a32-7cba-4124-8784-bf2076144714,completed,2023-03-06 20:43:42.066461,,
719e9879-40b8-4665-9700-53b06c221b6a,completed,2023-03-06 20:43:42.066461,,
bc294df8-b1dc-48b5-ab7a-756660da1fb6,completed,2023-03-06 20:43:42.066461,,
b698566a-a935-48c6-af18-29f6ae201bb3,completed,2023-03-06 20:43:42.066461,,
61864625-0a81-4588-811f-49eaf8e2e8d1,completed,2023-03-06 20:43:42.066461,,
4397922b-1526-4dea-8d7f-ca8166daff90,completed,2023-03-06 20:43:42.066461,,
2f3ef2dc-1089-49a1-864a-7f3909bd6f4f,completed,2023-03-06 20:43:42.066461,,
aef68039-d9ab-4193-84f6-d5e5ff22cf51,completed,2023-03-06 20:43:42.066461,,
06c72140-8b07-4705-876e-8efdffd70d55,completed,2023-03-06 20:43:42.066461,,
f4b7214d-a9be-4f6a-95f2-4f731005bb3f,completed,2023-03-06 20:43:42.066461,,
ce7e1aaa-0b6f-4d1e-ba7f-412f76f31de2,completed,2023-03-06 20:43:42.066461,,
f17ae892-7345-4235-b479-5a1b9ae189bc,completed,2023-03-06 20:43:42.066461,,
5fde9240-a442-4370-a821-3cf63b4a1b96,completed,2023-03-06 20:43:42.066461,,
e7d67a90-4c97-4787-ae24-0a67a9afbd77,completed,2023-03-06 20:43:42.066461,,
be30555d-5c0f-4c66-a2cf-0007ea84b14b,completed,2023-03-06 20:43:42.066461,,
7b7e3753-7358-4348-b106-4bd686f7c22e,completed,2023-03-06 20:43:42.066461,,
a1c61b82-fc14-4a47-bc71-9f561ea3e6dd,completed,2023-03-06 20:43:42.066461,,
d691b5ba-f3c5-44d0-ba31-76c1a6acc4a7,completed,2023-03-06 20:43:42.066461,,
76e223ec-49c5-4a9e-b4a8-ea1cd1fc32f2,completed,2023-03-06 20:43:42.066461,,
35635010-f3fa-4b07-a9ef-bc9253818f4c,completed,2023-03-06 20:43:42.066461,,
82bab193-3d9c-425f-a476-e042f2933d37,completed,2023-03-06 20:43:42.066461,,
d74ad8de-7a23-4516-8f03-05aa8ce05826,completed,2023-03-06 20:43:42.066461,,
a76640d1-85b5-44c7-8f1d-20cefb5351ec,completed,2023-03-06 20:43:42.066461,,
9cd239d0-20c8-4d7f-95b6-4eb577721cfe,completed,2023-03-06 20:43:42.066461,,
0c54787f-f002-4f71-b986-12ee7b89195b,completed,2023-03-06 20:43:42.066461,,
9f5b0e20-1dc3-4df9-a8f8-40da4d09941a,completed,2023-03-06 20:43:42.066461,,
ee2edb98-5061-42b4-a45c-4c3d231afb69,completed,2023-03-06 20:43:42.066461,,
a6d98cec-9e80-491a-b035-bee9074fa135,completed,2023-03-06 20:43:42.066461,,
3159c002-a3db-41e8-89c9-d006fd2003c6,completed,2023-03-06 20:43:42.066461,,
892828a8-ba7d-4f65-86aa-ea93458f98c1,completed,2023-03-06 20:43:42.066461,,
2952a6ed-16c3-4da4-ae3e-2f27a52f0fe5,completed,2023-03-06 20:43:42.066461,,
960a97bb-baa0-41b7-b32e-8974faa8a8d4,completed,2023-03-06 20:43:42.066461,,
3b0155ae-fc43-4fec-9645-1aa0d387c3c0,completed,2023-03-06 20:43:42.066461,,
ad7dab1d-1aac-4477-99f6-a0d52eefb98d,completed,2023-03-06 20:43:42.066461,,
1441663d-80b6-45c9-ac22-215e702fa406,completed,2023-03-06 20:43:42.066461,,
51d5acb6-954b-487e-88fc-20c537d9be2c,completed,2023-03-06 20:43:42.066461,,
3f4eac9f-3f56-45a5-86f1-96e5c746804b,completed,2023-03-06 20:43:42.066461,,
d1c0e85f-d883-48b0-bedb-8d93d2f8860a,completed,2023-03-06 20:43:42.066461,,
6b177076-b360-4cf5-93f4-69d319a44af0,completed,2023-03-06 20:43:42.066461,,
74e18f9f-e43a-477e-becf-16105c20da7c,completed,2023-03-06 20:43:42.066461,,
1155b64b-b794-4a6c-8777-fb45afe52c82,completed,2023-03-06 20:43:42.066461,,
d4dc4808-9224-45ae-bf2b-2413e2c669a7,completed,2023-03-06 20:43:42.066461,,
53ab6057-4887-4e2b-89a6-10f13fbbb0a5,completed,2023-03-06 20:43:42.066461,,
65b8b7c8-3db9-4c77-9a63-9bca0b378353,completed,2023-03-06 20:43:42.066461,,
8e12fbe7-ca26-4fce-b44e-e55d9b960eb9,completed,2023-03-06 20:43:42.066461,,
dc2d115d-62f6-4a11-9f47-7e6c7d1bd377,completed,2023-03-06 20:43:42.066461,,
9e05aec4-e7dc-41a0-bfe1-0461886dbff6,completed,2023-03-06 20:43:42.066461,,
ffdb67ed-1648-4bd0-8ddb-29d3dbd3273e,completed,2023-03-06 20:43:42.066461,,
f1ff9175-a0c5-45f1-b7ac-3362b99368c5,completed,2023-03-06 20:43:42.066461,,
a412b820-b3e9-4e9f-ac09-233262d4cf5c,completed,2023-03-06 20:43:42.066461,,
a058708f-7c6a-46c7-8847-a020b45ec1d2,completed,2023-03-06 20:43:42.066461,,
27bde6f4-8981-432c-85e1-7a49f81f6fdc,completed,2023-03-06 20:43:42.066461,,
dbe10dd6-c841-40f4-909d-18e8e136f413,completed,2023-03-06 20:43:42.066461,,
5acca53a-27d6-4f27-a3dd-ad2fa5378128,completed,2023-03-06 20:43:42.066461,,
7563d369-0ec4-4f55-ae61-851b92e9ee98,completed,2023-03-06 20:43:42.066461,,
ae334025-78f3-4dc3-ac9d-fef25423010e,completed,2023-03-06 20:43:42.066461,,
1472b26c-ee62-4bb4-83f9-24fb3871f814,completed,2023-03-06 20:43:42.066461,,
a43e496a-28a1-43c3-ad23-6f9226e6d72a,failed,2023-03-06 20:43:42.066461,,
697c7052-4990-4f98-8a39-c433c36a957e,completed,2023-03-06 20:43:42.066461,,
c6248d39-7f0d-49bc-bde8-f913506174f5,completed,2023-03-06 20:43:42.066461,,
5b89c57c-5a32-4d11-8842-222d6dc84a5d,completed,2023-03-06 20:43:42.066461,,
57d464a2-77cd-455f-b1ff-832380b736dd,completed,2023-03-06 20:43:42.066461,,
b55f1222-983f-4483-876e-de1447eec900,completed,2023-03-06 20:43:42.066461,,
6178c462-479f-4a97-9c8a-8df1bd81a8ac,completed,2023-03-06 20:43:42.066461,,
32a4c84b-5482-4dc3-b2aa-ae40a10c400f,completed,2023-03-06 20:43:42.066461,,
8cd55b82-7285-4e14-a60b-5a3a688b5fe4,completed,2023-03-06 20:43:42.066461,,
03dcd564-c0b9-4e07-9679-1fe487215e4e,completed,2023-03-06 20:43:42.066461,,
ddabf248-ddaa-40d5-8702-f21e168005ea,completed,2023-03-06 20:43:42.066461,,
8ea3c22f-d522-4514-8379-292431254a03,completed,2023-03-06 20:43:42.066461,,
3c550f3f-1327-4948-880a-8213d1b29831,completed,2023-03-06 20:43:42.066461,,
f98ddca9-f877-46e1-aa63-327f93623f45,completed,2023-03-06 20:43:42.066461,,
e903528c-b13f-4671-baa2-575aca6d29e2,completed,2023-03-06 20:43:42.066461,,
efe691c3-e346-43b3-9473-982c17f96fc6,completed,2023-03-06 20:43:42.066461,,
82c08975-3f4f-44f5-8614-ca4b80b9bb0f,completed,2023-03-06 20:43:42.066461,,
9127752e-3ba1-4b05-a9d2-82fd996fb8b9,completed,2023-03-06 20:43:42.066461,,
10dd4aa7-f47a-4bd4-a4f8-053e779b9fc0,completed,2023-03-06 20:43:42.066461,,
9e6056ed-196f-4287-9d27-d93df8fe302d,completed,2023-03-06 20:43:42.066461,,
35ad0b25-0f70-465b-a72b-e373132e1b20,completed,2023-03-06 20:43:42.066461,,
3d27e4a3-4a05-4ba6-870b-e874e09bc5ed,completed,2023-03-06 20:43:42.066461,,
ae5a38e0-a1db-4341-a0da-3981ea2e15b0,completed,2023-03-06 20:43:42.066461,,
7be1838b-89fe-4765-bc19-eab5d8d47e43,completed,2023-03-06 20:43:42.066461,,
00a43b53-ebd3-489e-a6b2-4b6b2d0acee4,completed,2023-03-06 20:43:42.066461,,
16717f6d-ba69-4c4b-89df-73d42a73e9e7,completed,2023-03-06 20:43:42.066461,,
0af0ea95-3717-4921-9777-5e9122b1e684,completed,2023-03-06 20:43:42.066461,,
faf3602c-6d43-4651-bfc3-456799a9138e,completed,2023-03-06 20:43:42.066461,,
b5f34dfb-07bb-408a-9db0-869d9f7cdfd6,completed,2023-03-06 20:43:42.066461,,
6630cbc0-2865-420c-b9db-4c4c5c2a8ee6,completed,2023-03-06 20:43:42.066461,,
0556a0cc-09de-49e8-8ef8-a03fccb3fc28,completed,2023-03-06 20:43:42.066461,,
ea604ecc-3153-41ea-ae8f-626c0725964f,completed,2023-03-06 20:43:42.066461,,
f15c512b-cbd8-45c8-8f26-1abbc6d7b4f8,completed,2023-03-06 20:43:42.066461,,
e96f655e-b2e0-4f7d-879f-8663fa007bc9,completed,2023-03-06 20:43:42.066461,,
ea66c85c-189e-4078-b620-78c100804214,completed,2023-03-06 20:43:42.066461,,
473b647f-5cc0-454a-a121-009b05e58958,completed,2023-03-06 20:43:42.066461,,
fbc6d898-7d49-47cb-b626-fe167e6f67a1,completed,2023-03-06 20:43:42.066461,,
fa660b9b-c995-4912-a44f-fad4900afa12,completed,2023-03-06 20:43:42.066461,,
d37bf0d6-425c-4415-837c-fe7e06836f80,completed,2023-03-06 20:43:42.066461,,
a98586cc-5724-4593-a674-dfe95791af48,completed,2023-03-06 20:43:42.066461,,
c2046a36-5068-4966-9846-77e94f755f15,completed,2023-03-06 20:43:42.066461,,
a23d1772-13fd-4353-b612-26f0c82e9454,completed,2023-03-06 20:43:42.066461,,
549d740e-c89c-45d2-a142-0c35d5a08199,completed,2023-03-06 20:43:42.066461,,
646cfb85-7240-4527-9d8b-4b1332fc2421,completed,2023-03-06 20:43:42.066461,,
491ef67c-8243-465e-a5ee-0913662d2433,completed,2023-03-06 20:43:42.066461,,
d2b44ad2-4cc1-4af7-bce8-9c0e114c7b20,completed,2023-03-06 20:43:42.066461,,
35580158-b681-4e02-9cda-39f08048c154,completed,2023-03-06 20:43:42.066461,,
866881ac-e701-498e-ad54-1f10ce101ec4,completed,2023-03-06 20:43:42.066461,,
f1489057-f5c2-4463-8c1d-035081d059e0,completed,2023-03-06 20:43:42.066461,,
a22c5265-d31e-4448-87bc-c558cf984889,completed,2023-03-06 20:43:42.066461,,
16cbe3b3-a652-4d41-a108-5125a43b21c7,completed,2023-03-06 20:43:42.066461,,
f61d5e7f-aaec-41ab-bb4d-583eee05f073,completed,2023-03-06 20:43:42.066461,,
1ac77981-f314-4c35-a4ff-dbfbfe08bdf5,completed,2023-03-06 20:43:42.066461,,
65dbd5a4-d3ec-409e-807a-31acabd4ea78,completed,2023-03-06 20:43:42.066461,,
e993f0f1-50e9-4fe7-baed-6b70031df2e5,completed,2023-03-06 20:43:42.066461,,
a99b7a48-1c59-453f-88e9-3d32f0218fe5,completed,2023-03-06 20:43:42.066461,,
76821627-8bc9-4fe3-827c-14370729a3ff,completed,2023-03-06 20:43:42.066461,,
a9d472eb-7a1d-459a-8f2f-3435b0a0e1e7,completed,2023-03-06 20:43:42.066461,,
f6a7e9cc-4766-4c7b-a042-c53e08dd3af8,completed,2023-03-06 20:43:42.066461,,
f28aeef5-5945-435a-a35a-391d34d6662a,completed,2023-03-06 20:43:42.066461,,
e4b91d77-9271-4ea1-b2d4-d5abb84d039d,completed,2023-03-06 20:43:42.066461,,
ca43caef-24e9-41cd-b3f3-78e27a7de34c,completed,2023-03-06 20:43:42.066461,,
3e10104b-9b24-49e5-9853-fa5a50729f8e,completed,2023-03-06 20:43:42.066461,,
08ac1ca5-ceed-4281-ad1d-35a1adb4d618,completed,2023-03-06 20:43:42.066461,,
126039d3-0f9e-4d10-8ebe-dad757b50468,completed,2023-03-06 20:43:42.066461,,
882834ef-06ba-4f04-bc0e-ea97ff1f19f3,completed,2023-03-06 20:43:42.066461,,
bcf4092d-9f98-46a3-99f3-6e046208837f,completed,2023-03-06 20:43:42.066461,,
31a16626-2e90-4933-bb17-d46e77af3a03,completed,2023-03-06 20:43:42.066461,,
40ca24b3-1571-499c-b310-ba1f4eabb5d2,completed,2023-03-06 20:43:42.066461,,
e6cd0ce5-575f-424e-8165-6f82ef71f119,completed,2023-03-06 20:43:42.066461,,
75db6495-082d-47ac-a913-341624462c20,completed,2023-03-06 20:43:42.066461,,
a66ff46b-6dbc-44a1-b347-3e927ef26c23,completed,2023-03-06 20:43:42.066461,,
ac094f61-0c12-41d0-80bc-b9a9ec502584,completed,2023-03-06 20:43:42.066461,,
ac5c6745-8d8e-48d2-b191-527c8e0d992d,completed,2023-03-06 20:43:42.066461,,
9ec15893-1f78-458f-9131-5eebb461fc37,completed,2023-03-06 20:43:42.066461,,
f11af8b4-0c8e-44c8-8377-210570070d83,completed,2023-03-06 20:43:42.066461,,
27954248-349b-47a0-a176-1da488322b00,completed,2023-03-06 20:43:42.066461,,
98aa12ba-b791-4cc7-8591-b2fcfae4295d,completed,2023-03-06 20:43:42.066461,,
d4ec3113-42c4-4564-9933-a22eac7e8f46,completed,2023-03-06 20:43:42.066461,,
21aaa469-9d74-4cf3-9ac5-34e65dd8fb38,completed,2023-03-06 20:43:42.066461,,
c0558956-7a13-4122-894f-f5c06f535b5c,completed,2023-03-06 20:43:42.066461,,
f5f5141c-2446-463f-b03c-ee8490b69e1a,completed,2023-03-06 20:43:42.066461,,
704462fe-b941-4ba5-bd7a-b664068fac01,completed,2023-03-06 20:43:42.066461,,
15c04841-dbdd-423c-908f-fbd5b9df9e72,completed,2023-03-06 20:43:42.066461,,
ea65eb54-9a6d-46b1-96bc-d99322bdbfb7,completed,2023-03-06 20:43:42.066461,,
b6e1dd62-a59b-48e9-9954-1ad0a106b6c4,completed,2023-03-06 20:43:42.066461,,
9c622b3d-bdf8-4a4c-9bfb-99db469e9be6,completed,2023-03-06 20:43:42.066461,,
8c7bcbc1-e2bf-4372-9018-e23f85b829c2,completed,2023-03-06 20:43:42.066461,,
cf59c914-c05a-485e-876f-170f0b0f057c,completed,2023-03-06 20:43:42.066461,,
31d549ff-22e2-42f5-912e-cdb92e376860,completed,2023-03-06 20:43:42.066461,,
7666ab9a-dd42-4915-b2e3-a1719cee3274,completed,2023-03-06 20:43:42.066461,,
7a988638-29dc-4d7a-a3c7-2b342e3163bf,completed,2023-03-06 20:43:42.066461,,
35ea34f3-94ae-4bc8-bc50-be09dee8385d,completed,2023-03-06 20:43:42.066461,,
2f82e7ae-4ac2-4242-87be-4e5d7dfb22cd,completed,2023-03-06 20:43:42.066461,,
5bf1c726-513a-4c77-9ba0-e983da2c0060,completed,2023-03-06 20:43:42.066461,,
14b46f10-3c0c-4b53-b4df-8dd0141073a0,completed,2023-03-06 20:43:42.066461,,
c44fc70f-f164-4065-9600-714bd495f8d3,completed,2023-03-06 20:43:42.066461,,
dcc5b34c-2dd4-468f-a8e8-01b3a275d5a1,completed,2023-03-06 20:43:42.066461,,
aad49afc-2d01-4f6b-a89d-41e18395f590,completed,2023-03-06 20:43:42.066461,,
1e604d16-b54b-4ed2-93bf-82f44822cab6,completed,2023-03-06 20:43:42.066461,,
f9fa5645-2c34-4bc0-b1ae-cf1bda732f9c,completed,2023-03-06 20:43:42.066461,,
37a01e9c-5851-4d57-97ca-d9b26bc268cf,completed,2023-03-06 20:43:42.066461,,
11984f69-b4c4-4642-9638-b269c8dc2189,completed,2023-03-06 20:43:42.066461,,
62e720e9-adc1-4d18-9710-449826143777,completed,2023-03-06 20:43:42.066461,,
dd6b4962-4e94-424d-ac53-68a20f9f3193,completed,2023-03-06 20:43:42.066461,,
0f8fb740-91e8-4ef5-acdb-b1bc51427baa,completed,2023-03-06 20:43:42.066461,,
1c5b8e27-2a5f-4394-9bad-31ae7e3de9a4,completed,2023-03-06 20:43:42.066461,,
01f4a66a-601a-468c-83c2-43e5e3c5b378,completed,2023-03-06 20:43:42.066461,,
3089fe58-8b1f-4945-bb9f-a27c94c02928,completed,2023-03-06 20:43:42.066461,,
13188a4b-9794-4a1f-9ef6-061eef55b718,completed,2023-03-06 20:43:42.066461,,
5606b6db-f1fe-464a-92e2-6d1d59144fd7,completed,2023-03-06 20:43:42.066461,,
1b5f4097-1d17-4517-8e68-93a25846d597,completed,2023-03-06 20:43:42.066461,,
5eed94c2-c8fd-4927-aacd-5d715cc97bd6,completed,2023-03-06 20:43:42.066461,,
001a818c-2509-4aa4-a83c-e92076b64303,completed,2023-03-06 20:43:42.066461,,
75eb8d6b-8921-4475-9a01-c4b3aee24596,completed,2023-03-06 20:43:42.066461,,
58efba45-1cbe-4e07-b601-23e97225bcc5,completed,2023-03-06 20:43:42.066461,,
24a26f87-bc91-4e10-95e3-adaabd8fa0cf,completed,2023-03-06 20:43:42.066461,,
ae8d9756-a4f4-4954-84b5-35d1aea372c5,completed,2023-03-06 20:43:42.066461,,
9277b661-5388-4065-b6a5-def6dc8878e3,completed,2023-03-06 20:43:42.066461,,
f1ac2bf7-3131-4215-ba03-13cb97ccf236,completed,2023-03-06 20:43:42.066461,,
939dc537-7a6e-4ca6-badb-e7f9a5e09d7e,completed,2023-03-06 20:43:42.066461,,
33617205-2011-4490-8305-2cd04006138f,completed,2023-03-06 20:43:42.066461,,
d82884f3-cc91-488c-bec7-36925eb74c60,completed,2023-03-06 20:43:42.066461,,
d839f315-abc6-4c15-b6d5-b5db3ff903aa,completed,2023-03-06 20:43:42.066461,,
9f064432-2ddd-4e1d-acd3-ac429b04d474,completed,2023-03-06 20:43:42.066461,,
8037ae87-3cba-4bce-87c6-9ccfe2ab6247,completed,2023-03-06 20:43:42.066461,,
11595a69-658d-40b9-9140-9e3a0ad20d38,completed,2023-03-06 20:43:42.066461,,
e28f7577-d4f3-4412-8d3f-90dcb140af15,completed,2023-03-06 20:43:42.066461,,
f1e7bc6c-4558-462d-9781-f52ff687877c,completed,2023-03-06 20:43:42.066461,,
a5d782eb-6000-4ba3-ab5d-46f347d80b68,completed,2023-03-06 20:43:42.066461,,
480da693-0b5e-4293-8e38-188b5147ee80,completed,2023-03-06 20:43:42.066461,,
8ca2d385-421f-43f8-afee-4b56023ab46c,completed,2023-03-06 20:43:42.066461,,
7a65dbe5-1dc8-4819-b9c9-6bba94b0a728,completed,2023-03-06 20:43:42.066461,,
d263aa74-62db-4679-93f0-d5a185e2dcb0,completed,2023-03-06 20:43:42.066461,,
e68313c0-6f40-4388-a872-e78362d0679c,completed,2023-03-06 20:43:42.066461,,
e5fe5234-1f87-470d-b14f-74e7b0b9ff37,completed,2023-03-06 20:43:42.066461,,
6a2d224a-1446-485a-9992-37ab0a5d058a,completed,2023-03-06 20:43:42.066461,,
4a1eed33-e8e9-4e89-afac-592dd0584782,completed,2023-03-06 20:43:42.066461,,
82912f9e-95f6-46b0-bacb-67d3ef9519ac,completed,2023-03-06 20:43:42.066461,,
866f92e1-4e76-4a24-b605-aac8a31a1a14,completed,2023-03-06 20:43:42.066461,,
4225d2d2-89e8-4b1e-91e8-99572c116782,completed,2023-03-06 20:43:42.066461,,
78cd585e-5d0e-4d76-a719-cb1c4ebe5559,completed,2023-03-06 20:43:42.066461,,
b201c27f-9e95-4418-864f-614e3c33eddb,completed,2023-03-06 20:43:42.066461,,
9638fa67-3825-45cf-9b49-645ccca96aa7,completed,2023-03-06 20:43:42.066461,,
cef40532-87db-46bb-8ed0-bcb8ffc6605d,completed,2023-03-06 20:43:42.066461,,
189c0ced-6eb3-4f53-84d1-51f8133d43bc,completed,2023-03-06 20:43:42.066461,,
e00cef3d-5dd5-4b43-9495-67941f2ca567,failed,2023-03-06 20:43:42.066461,,
e5bd7948-116a-466d-afdb-dc322a47d192,completed,2023-03-06 20:43:42.066461,,
c5442513-ba3e-44a8-b516-f52db8b2acb1,completed,2023-03-06 20:43:42.066461,,
d2f3afea-536e-4143-b24b-e4310c83cfbe,completed,2023-03-06 20:43:42.066461,,
19cbd223-bf75-4e6b-a4e2-3e1e7f99aa21,completed,2023-03-06 20:43:42.066461,,
9fff7432-ac70-4ced-aa74-30799bc33a31,completed,2023-03-06 20:43:42.066461,,
d241cc56-549a-4693-b57f-089c50812959,completed,2023-03-06 20:43:42.066461,,
2a7cc4a8-9375-4d6f-938d-5a814e8c7377,completed,2023-03-06 20:43:42.066461,,
2fe3cc3e-71f7-413f-bcc5-8b25d8155510,completed,2023-03-06 20:43:42.066461,,
3b71959c-5907-4647-8575-a5a452c9fdf3,completed,2023-03-06 20:43:42.066461,,
65dd84da-5b85-482a-8d8c-727af274b090,completed,2023-03-06 20:43:42.066461,,
39e808a3-e122-4e30-9cde-de1830f0d89c,completed,2023-03-06 20:43:42.066461,,
89ce6863-2ccf-4dce-94c8-1c4dd9fbd95b,completed,2023-03-06 20:43:42.066461,,
84800056-fdb3-436a-a336-056edeac9047,completed,2023-03-06 20:43:42.066461,,
b0b6115e-7aef-4182-9a9f-2cf0ebe53be2,completed,2023-03-06 20:43:42.066461,,
4b6a5fc3-e677-4748-b386-241c50278897,completed,2023-03-06 20:43:42.066461,,
100bcec4-9441-4ea3-a099-552935d90dc1,completed,2023-03-06 20:43:42.066461,,
817f6f0b-3387-42c0-b81f-286f7687b843,completed,2023-03-06 20:43:42.066461,,
74e06638-f6af-4d77-ab7b-dfd04851083c,completed,2023-03-06 20:43:42.066461,,
888dc341-cc70-48f6-97f0-a1f446890f45,completed,2023-03-06 20:43:42.066461,,
33699061-c0a5-42ef-94f1-a4f933a2b861,completed,2023-03-06 20:43:42.066461,,
fed20845-1c6c-4609-a48c-2728f4e5bb33,completed,2023-03-06 20:43:42.066461,,
1e1b58fb-0c0e-4cf4-9402-db7aeff99f1c,completed,2023-03-06 20:43:42.066461,,
db6e21b1-a1af-49a5-8950-bd3613b6990b,completed,2023-03-06 20:43:42.066461,,
c54ff307-976e-42dd-ada9-542938a08cd5,completed,2023-03-06 20:43:42.066461,,
21ca392b-9d86-4e54-8097-9f13fc52c22b,completed,2023-03-06 20:43:42.066461,,
692ce899-550b-4068-874a-5146e8c259b1,completed,2023-03-06 20:43:42.066461,,
68535f52-547d-4ead-81b1-dd7e8097416c,completed,2023-03-06 20:43:42.066461,,
5a102490-0d1b-4ee8-84e6-bf5056142219,completed,2023-03-06 20:43:42.066461,,
93b80bed-8f89-44c1-bc56-8560bdc1d346,completed,2023-03-06 20:43:42.066461,,
d78a2eb7-e444-4f95-9e0f-c5ac854d443b,completed,2023-03-06 20:43:42.066461,,
256f35dd-0958-4a9e-8cc8-1ca9892822dc,completed,2023-03-06 20:43:42.066461,,
7e8dc91a-ce79-4c74-a967-847843a8adaa,failed,2023-03-06 20:43:42.066461,,
3f8abb10-d8b8-4b7c-9eae-a3d22e6ad97a,completed,2023-03-06 20:43:42.066461,,
d88aa57f-d7a4-41b2-88f8-eb7c97fc9b87,completed,2023-03-06 20:43:42.066461,,
15e085e9-7cd2-4a71-809d-062e7908e7ac,completed,2023-03-06 20:43:42.066461,,
3e40f972-8a51-4ef2-8693-8ea087268953,completed,2023-03-06 20:43:42.066461,,
abf129d4-e031-47e4-b1fe-687e2cf2be13,completed,2023-03-06 20:43:42.066461,,
ef3a3527-b5cd-47c4-bcb2-668619ed8467,completed,2023-03-06 20:43:42.066461,,
2868181d-8dec-48c1-99d1-c19929455487,completed,2023-03-06 20:43:42.066461,,
77a30091-96a9-4fe3-9d6b-052c69cf2d47,completed,2023-03-06 20:43:42.066461,,
89e243d1-b93d-445d-a154-5fc9e84bb884,completed,2023-03-06 20:43:42.066461,,
d9a944a1-7e65-4418-bd4d-4f2c5815fa1d,completed,2023-03-06 20:43:42.066461,,
88ec2d54-f693-48be-9f12-d12cb3e716f9,completed,2023-03-06 20:43:42.066461,,
9cb93c18-0e38-4036-af5c-2d4ce758130a,completed,2023-03-06 20:43:42.066461,,
2f366f00-d672-4d97-aa5f-6e26477f060f,completed,2023-03-06 20:43:42.066461,,
ff6d6da3-2401-4feb-8735-e9c2579547a1,completed,2023-03-06 20:43:42.066461,,
06f3ece9-678e-4602-bc1f-9a255976b458,completed,2023-03-06 20:43:42.066461,,
e25cc398-301b-488f-938d-b32f457f3ab6,completed,2023-03-06 20:43:42.066461,,
21ba994d-e7b3-4238-8956-1078f799d995,completed,2023-03-06 20:43:42.066461,,
b86fa424-84f8-4d20-8374-04bfc03f122e,completed,2023-03-06 20:43:42.066461,,
a321fb4b-462a-4bdd-b1bb-f23891d31a37,completed,2023-03-06 20:43:42.066461,,
38826147-d6e6-4b52-9b62-cb3a23a0dc82,completed,2023-03-06 20:43:42.066461,,
3ee75a0f-961b-46e2-b7fb-dacb27847bcc,completed,2023-03-06 20:43:42.066461,,
f35684d6-88dd-4bc7-b9dc-e0a1f1c55dd5,completed,2023-03-06 20:43:42.066461,,
e867bb0a-def4-4964-ab3a-4f81e4f4dda9,completed,2023-03-06 20:43:42.066461,,
e312a386-b677-42b7-8ed0-15fcff2de1ae,completed,2023-03-06 20:43:42.066461,,
1c01274f-8d5a-42a9-b5fb-da6da7646d0f,completed,2023-03-06 20:43:42.066461,,
ea12567a-29cf-4490-bc96-d8ae8772bd71,completed,2023-03-06 20:43:42.066461,,
23cfd15e-e5cf-45aa-ae20-a43be83cc501,completed,2023-03-06 20:43:42.066461,,
ffd0c457-bdd2-4336-bcbf-f892cccfe861,completed,2023-03-06 20:43:42.066461,,
b10c21cc-d9f1-4abb-8b8d-76f205dab159,completed,2023-03-06 20:43:42.066461,,
72844216-78d3-4216-9ac3-f78b571bfbc8,completed,2023-03-06 20:43:42.066461,,
3ca8be13-0f92-4a46-9feb-ec5b8d251d73,completed,2023-03-06 20:43:42.066461,,
a3d12ecc-bcea-4062-8ce7-1ee4d91042d8,completed,2023-03-06 20:43:42.066461,,
14ba19c8-734f-430f-9b14-d0bb7ca9114e,completed,2023-03-06 20:43:42.066461,,
32110bca-5bf5-45ab-9ebb-4faecb7798ed,completed,2023-03-06 20:43:42.066461,,
4de03897-e605-4bfc-b5b0-1c5d3dc9b2ac,completed,2023-03-06 20:43:42.066461,,
fa09a953-ed37-400b-bb4d-4bfcf8220247,completed,2023-03-06 20:43:42.066461,,
2431386f-bee8-4a1a-9c99-cdc72c2909dc,completed,2023-03-06 20:43:42.066461,,
42f16901-47b8-4346-92b9-ec0203b4a6b9,completed,2023-03-06 20:43:42.066461,,
b1c23629-f262-49d9-9794-4da5b2365087,completed,2023-03-06 20:43:42.066461,,
67d86fec-9126-4cb4-89d6-5e33eaa4533c,completed,2023-03-06 20:43:42.066461,,
8996fac6-6a7f-45aa-9440-c9b83aa367ee,completed,2023-03-06 20:43:42.066461,,
1a97234a-d379-4f32-b912-5177076d6462,completed,2023-03-06 20:43:42.066461,,
95b061dc-7998-4a44-8da7-72c3702e44ac,completed,2023-03-06 20:43:42.066461,,
d960f6cf-13c7-4d11-83e0-4b82f8330c5f,completed,2023-03-06 20:43:42.066461,,
3a665670-ae20-40c2-8fcc-7b25f35dd0ce,completed,2023-03-06 20:43:42.066461,,
7b946c3a-bf8d-454d-9313-7de43780b4d2,completed,2023-03-06 20:43:42.066461,,
600c635b-e7b3-47cb-b9be-15c8673d8a6a,completed,2023-03-06 20:43:42.066461,,
6c7f5331-96ba-4032-95b2-9a91148926fc,completed,2023-03-06 20:43:42.066461,,
4d082a7d-8c81-4a90-9340-f61c5de29bdf,completed,2023-03-06 20:43:42.066461,,
49f8c6c6-bbd9-4fbb-b184-5d810726ea33,completed,2023-03-06 20:43:42.066461,,
5f7707d7-ccd7-42e6-9a44-872a1e54edfe,completed,2023-03-06 20:43:42.066461,,
a8ffa59d-4adb-42cb-855e-a10be1b9986f,completed,2023-03-06 20:43:42.066461,,
a7bbacbb-df13-4d8b-816b-a5619f174202,completed,2023-03-06 20:43:42.066461,,
1f879b0b-fb5b-4067-bf22-f15f185db069,completed,2023-03-06 20:43:42.066461,,
7a101641-b21b-43e1-b264-862c73f31c90,completed,2023-03-06 20:43:42.066461,,
2c06b5ae-3fe8-421a-a11f-c5d13aa6f9ed,completed,2023-03-06 20:43:42.066461,,
f815d8d1-c052-4f58-ab9a-edb59a12a730,completed,2023-03-06 20:43:42.066461,,
6b994250-a997-4a38-9bc7-66c63c304660,completed,2023-03-06 20:43:42.066461,,
a7fdec26-1cce-4261-a15c-80023450480a,completed,2023-03-06 20:43:42.066461,,
8194ecd1-3e63-48d0-be9a-acc9c9279dd7,completed,2023-03-06 20:43:42.066461,,
960fbcc6-71f1-4ae4-83da-89b42e48ba93,completed,2023-03-06 20:43:42.066461,,
b0a1be01-64f5-44fc-8c6d-5adb0fba78c3,completed,2023-03-06 20:43:42.066461,,
0bfadb5f-f2fa-466d-95fd-23a9591a17fd,completed,2023-03-06 20:43:42.066461,,
8b6f1bae-5b1b-405e-9a99-818240cace18,completed,2023-03-06 20:43:42.066461,,
1a1127af-9519-4833-884d-59784dc9a48e,completed,2023-03-06 20:43:42.066461,,
a6581924-ade0-4568-8b02-b08e6bb3d9ed,completed,2023-03-06 20:43:42.066461,,
bbd7f95f-604b-4549-82a0-cecfe139febc,completed,2023-03-06 20:43:42.066461,,
ea74f464-8fdf-4c7a-b0dd-797b44278aaf,completed,2023-03-06 20:43:42.066461,,
5bc9e4fa-7446-4023-ac39-3589afa2d6b4,completed,2023-03-06 20:43:42.066461,,
4a564155-c385-439b-8612-c95f1542dff5,completed,2023-03-06 20:43:42.066461,,
c4e874c0-7754-4f6b-b5b9-be5090de71fb,completed,2023-03-06 20:43:42.066461,,
37b5dd12-8eb6-4946-9fab-f4013ab4e6c7,completed,2023-03-06 20:43:42.066461,,
0ffd482a-46aa-4652-a813-03b2427e17ca,completed,2023-03-06 20:43:42.066461,,
5ce38dd5-61c6-44b0-9193-fd3a8b5aab3b,completed,2023-03-06 20:43:42.066461,,
e38cdb77-02e1-46e2-a3ce-12162c553207,completed,2023-03-06 20:43:42.066461,,
abc9407e-c25e-448e-9633-ee172dd3c22b,completed,2023-03-06 20:43:42.066461,,
0d386c26-f5a3-4c08-837a-84c9eac6586e,completed,2023-03-06 20:43:42.066461,,
75064531-c476-4bc6-9a23-d7b429c4f037,completed,2023-03-06 20:43:42.066461,,
5469e66a-76f3-420b-8193-fe53313e5694,completed,2023-03-06 20:43:42.066461,,
7892bb65-8cab-46d6-88ae-203efba07bcc,completed,2023-03-06 20:43:42.066461,,
36459d29-ea7f-47d4-897e-3542dcb92b9d,completed,2023-03-06 20:43:42.066461,,
03be121d-d6a2-463d-8ae4-8e8df67a6b5a,completed,2023-03-06 20:43:42.066461,,
22051257-2345-4a8a-8521-f6c720bdbf5a,completed,2023-03-06 20:43:42.066461,,
59f4b532-3cc4-4dfd-8b57-45fc900ed3c4,completed,2023-03-06 20:43:42.066461,,
77e6fac0-a930-490c-909f-5c793c5469fb,completed,2023-03-06 20:43:42.066461,,
92406f30-c425-4b16-8f98-104ddc84bd27,completed,2023-03-06 20:43:42.066461,,
d94944b5-dff4-4f14-a155-f29b4d6417f3,completed,2023-03-06 20:43:42.066461,,
f4694d24-2bbd-43c0-9d15-5ac20d7a4f3f,completed,2023-03-06 20:43:42.066461,,
df4731e8-9a83-4583-822e-5e6277edd126,completed,2023-03-06 20:43:42.066461,,
2a8a8073-df75-4c94-8648-6368999ca9a6,completed,2023-03-06 20:43:42.066461,,
3210c0fb-58bc-4f33-a964-50affb8d551a,completed,2023-03-06 20:43:42.066461,,
bf82aa68-aa08-4ac0-9c00-ac878ceebf53,completed,2023-03-06 20:43:42.066461,,
b7302e2d-e95b-44ec-8913-a82ac89b2f4d,completed,2023-03-06 20:43:42.066461,,
beec006e-1052-4614-be77-b4081ce47ea3,completed,2023-03-06 20:43:42.066461,,
9bb289c6-4c6d-48ea-a4fa-839f391ccaff,completed,2023-03-06 20:43:42.066461,,
b14ebf5e-50d3-4eff-a05c-d515f970717b,completed,2023-03-06 20:43:42.066461,,
e2f08fa7-313b-4a17-ac74-605927a96e75,completed,2023-03-06 20:43:42.066461,,
7f3ab44e-9f3b-4761-bf9a-fd49261b2016,completed,2023-03-06 20:43:42.066461,,
c00f1449-35b9-421d-8c46-892aa2c37af1,completed,2023-03-06 20:43:42.066461,,
96684242-1804-4e18-9e24-0583a36ea8f1,completed,2023-03-06 20:43:42.066461,,
e271c74b-4be9-4981-acb6-32c95b64d32d,completed,2023-03-06 20:43:42.066461,,
244c1951-62c3-452c-b50b-0beaefe498b4,completed,2023-03-06 20:43:42.066461,,
82c3efe6-9cd5-43e0-a5fa-a0337ede4983,completed,2023-03-06 20:43:42.066461,,
c5c173b9-67b0-47c6-ac9b-4f70560c5c64,completed,2023-03-06 20:43:42.066461,,
eb49977f-4b99-44ad-886d-b038dbe5e196,completed,2023-03-06 20:43:42.066461,,
6f770a61-fb7c-4cd7-9e1b-8c11f8750437,completed,2023-03-06 20:43:42.066461,,
f3a700b4-4766-40ec-8a6d-4f08d67615db,completed,2023-03-06 20:43:42.066461,,
58182041-f689-40ef-9334-043845b2ebf6,completed,2023-03-06 20:43:42.066461,,
c2ee9cf4-af21-4b57-8f13-52af762625db,completed,2023-03-06 20:43:42.066461,,
c6183471-ad46-4775-9aa9-5f02611382bc,completed,2023-03-06 20:43:42.066461,,
a77489ca-fd77-45e2-94cb-d2318a66fcc7,completed,2023-03-06 20:43:42.066461,,
74b9a67a-327b-4646-bb67-e062de140f3e,completed,2023-03-06 20:43:42.066461,,
99e206ef-824d-4eab-9d70-6490500df126,completed,2023-03-06 20:43:42.066461,,
a2576c2b-441c-4644-b272-fd034d9c8ca3,completed,2023-03-06 20:43:42.066461,,
c7d677bb-8f55-410d-825b-eb79dacae207,completed,2023-03-06 20:43:42.066461,,
2b915c1f-c74e-4f9d-8b1a-cf51372a6ac8,completed,2023-03-06 20:43:42.066461,,
ce53018b-c1b4-4bf1-b0e8-99521df8d52f,completed,2023-03-06 20:43:42.066461,,
cc7d3056-04f4-4636-9405-f8e9c91fd79b,completed,2023-03-06 20:43:42.066461,,
50c62642-3e6e-4df0-9317-6d015101e8fb,completed,2023-03-06 20:43:42.066461,,
f5fa0f90-08ab-48a3-a889-d58d1deee44c,completed,2023-03-06 20:43:42.066461,,
bbd08e67-3c49-4790-8343-1b74838ba0da,completed,2023-03-06 20:43:42.066461,,
7d7f5bf0-ddf5-4f86-a456-fb5e119e2cdd,completed,2023-03-06 20:43:42.066461,,
287a1a83-4716-49cd-8d0d-b90a1ee5e05a,completed,2023-03-06 20:43:42.066461,,
bef685af-9565-4375-8cf9-0d20a47bd02f,completed,2023-03-06 20:43:42.066461,,
6209be2f-fb28-47c2-8752-faa530655157,completed,2023-03-06 20:43:42.066461,,
c2a4e76d-1bb6-474a-85a7-44cdb7c3f105,completed,2023-03-06 20:43:42.066461,,
c5630790-62ad-4d19-bab7-199b9feeb669,completed,2023-03-06 20:43:42.066461,,
5e7e959c-52e2-45de-b86e-c1927cbfe377,completed,2023-03-06 20:43:42.066461,,
7017c7cd-e696-43b2-8de1-e864ba9e2eec,completed,2023-03-06 20:43:42.066461,,
92f189f0-0937-4455-b4a1-10581430a57c,completed,2023-03-06 20:43:42.066461,,
2b265c1b-7607-4ab0-958b-afd72b94b3fe,completed,2023-03-06 20:43:42.066461,,
a192beb9-6270-4eed-b94f-092776eba9c4,completed,2023-03-06 20:43:42.066461,,
3c078e9f-5cac-4fdd-af95-c71347739034,completed,2023-03-06 20:43:42.066461,,
50d30d6f-9622-4165-a3f9-bd1354ef5470,completed,2023-03-06 20:43:42.066461,,
d87f8c0a-0334-471b-9291-9cfb2cad529f,completed,2023-03-06 20:43:42.066461,,
bbd4fb3f-3452-425d-b13d-ec9bda5cf501,completed,2023-03-06 20:43:42.066461,,
157343f6-1d68-410d-9ec4-bb0887d7ba01,completed,2023-03-06 20:43:42.066461,,
b3f8a684-ba57-4c81-89dc-b53c31ee8e8b,completed,2023-03-06 20:43:42.066461,,
9a32308a-5a69-4ac3-9b95-93ace48ecb8f,completed,2023-03-06 20:43:42.066461,,
20e45c59-669a-435d-b428-4c5fd3fee3cf,completed,2023-03-06 20:43:42.066461,,
778281d9-c660-4aeb-84b8-b5e12d3a5ed2,completed,2023-03-06 20:43:42.066461,,
38739752-754a-4db6-a312-e6e55cbe8e32,completed,2023-03-06 20:43:42.066461,,
59e9c0ea-4d67-4c41-9a5a-37dcec829f7c,completed,2023-03-06 20:43:42.066461,,
7f4f8ce8-8837-4d60-b846-91b3c0116c79,completed,2023-03-06 20:43:42.066461,,
e0df7a5c-c48c-4f7a-9e91-99f604ab72fd,completed,2023-03-06 20:43:42.066461,,
e01178e4-c2d9-4dff-b755-bdfa62604699,completed,2023-03-06 20:43:42.066461,,
1c9377d6-ce22-4f21-96ee-1caaf7b88d59,completed,2023-03-06 20:43:42.066461,,
ca97206d-727b-46b6-a980-56dcb0807138,completed,2023-03-06 20:43:42.066461,,
5d5c12fa-fec5-43fc-9e32-e092d4522e94,completed,2023-03-06 20:43:42.066461,,
b41c43b0-9370-4b6d-929e-044e2373cceb,completed,2023-03-06 20:43:42.066461,,
05a3ea11-4a42-4bc2-874c-279a1cdc5089,completed,2023-03-06 20:43:42.066461,,
717d3642-995a-478f-8997-878e61c8c263,completed,2023-03-06 20:43:42.066461,,
f81bed38-985e-4fdf-ac7f-6c7afda1efd5,completed,2023-03-06 20:43:42.066461,,
b73c3d39-3685-41c9-857a-e51134fcf270,completed,2023-03-06 20:43:42.066461,,
ea9b73a5-eb44-422b-a90c-e61a3753bf89,completed,2023-03-06 20:43:42.066461,,
0e550d91-e1c8-46e2-81e8-3725b4f40983,failed,2023-03-06 20:43:42.066461,,
a8d5cf76-b000-4b53-8a1f-bcde4209f7ef,completed,2023-03-06 20:43:42.066461,,
7a2e21b0-5093-4152-b200-9e2ed99a8625,completed,2023-03-06 20:43:42.066461,,
05fd6d0f-9257-4182-8ef9-dea36b48dac6,completed,2023-03-06 20:43:42.066461,,
48cb5687-9bce-4c8d-893b-b2d5cdda02ce,completed,2023-03-06 20:43:42.066461,,
8be90505-3c1c-421d-9d11-b528e92d9ec0,completed,2023-03-06 20:43:42.066461,,
157a8ead-b409-4bcf-8500-625153fbb843,completed,2023-03-06 20:43:42.066461,,
4642de79-bd17-4ce1-b09d-a7e284bc0de8,completed,2023-03-06 20:43:42.066461,,
1d07d715-cb1e-4556-a585-98c705240fb1,completed,2023-03-06 20:43:42.066461,,
6d1e492e-ddc1-4274-b640-0b54628f1857,completed,2023-03-06 20:43:42.066461,,
5c8dfa2b-980b-40cd-927d-caa54c8f0914,completed,2023-03-06 20:43:42.066461,,
1dd01dd6-766e-4565-ad5b-ea29e3e00687,completed,2023-03-06 20:43:42.066461,,
c588134c-20d1-4a7e-8481-0e5273b0102e,completed,2023-03-06 20:43:42.066461,,
c8e1ba8a-ea9f-4fd4-bf5a-dd9e09d08a37,completed,2023-03-06 20:43:42.066461,,
7f7cd2ee-c364-491c-8921-1bffcaa09a88,completed,2023-03-06 20:43:42.066461,,
34bfcc67-6f27-4bc4-a77e-e86331225ffa,completed,2023-03-06 20:43:42.066461,,
1da48fea-8cec-40f9-9b2a-40775026ea5a,completed,2023-03-06 20:43:42.066461,,
a27e1339-9a6f-4aad-b1ee-764ffdb68882,completed,2023-03-06 20:43:42.066461,,
ad91f8d9-f2c0-4e1c-8381-79982974ea95,completed,2023-03-06 20:43:42.066461,,
7f8e018c-e7f7-4a75-ada4-b8d42c87199a,completed,2023-03-06 20:43:42.066461,,
7472f316-4423-47b3-826c-5d3a0bbd92f7,completed,2023-03-06 20:43:42.066461,,
2ecd2483-358d-4891-956d-b15f6764f6bc,completed,2023-03-06 20:43:42.066461,,
604e20cb-96fe-4083-9747-8fa487f3cd76,completed,2023-03-06 20:43:42.066461,,
1c6eed69-e1e8-467c-bc09-79144c9142fe,completed,2023-03-06 20:43:42.066461,,
5d71c9ff-565d-42b5-95f0-281e955ca6a4,completed,2023-03-06 20:43:42.066461,,
7d0e3021-5216-4127-b971-112d142d04f6,completed,2023-03-06 20:43:42.066461,,
b2feee1d-22c6-4258-957a-58fbe44bda28,completed,2023-03-06 20:43:42.066461,,
800f1b53-08c8-4c4d-98ba-d19d03401185,completed,2023-03-06 20:43:42.066461,,
67e79284-101c-4a39-aa9a-dc98da544f66,completed,2023-03-06 20:43:42.066461,,
38c3760a-bf4e-4cb7-97a0-b6fc0b035f35,completed,2023-03-06 20:43:42.066461,,
6ce22182-da9d-4047-8a31-f8af4de73de5,completed,2023-03-06 20:43:42.066461,,
5ab08678-1621-49c9-bfb1-dcb52eae26fb,completed,2023-03-06 20:43:42.066461,,
70799454-9b40-4d71-9185-f08d7674b748,completed,2023-03-06 20:43:42.066461,,
72cb6bcb-dd41-430d-adb4-c81b55b6721f,completed,2023-03-06 20:43:42.066461,,
0b8f538b-0bb0-449f-b0c0-9ee10515a360,completed,2023-03-06 20:43:42.066461,,
c7bd2bac-3060-41ba-ad24-1ea301dc65f3,completed,2023-03-06 20:43:42.066461,,
4785ca2b-dd0d-4982-ae21-ac112f5556d0,completed,2023-03-06 20:43:42.066461,,
767006b4-8724-4df4-8000-c6b424648daa,completed,2023-03-06 20:43:42.066461,,
c35d759f-bb96-412a-aff6-35c0ec1ec3e6,completed,2023-03-06 20:43:42.066461,,
75253357-4346-4786-aaa3-f279a9a09ddc,completed,2023-03-06 20:43:42.066461,,
7bbe0518-af5e-44fd-acd7-7dbc5bac2e2a,completed,2023-03-06 20:43:42.066461,,
6222cd12-bb74-4342-9be2-4dda3d9b192e,completed,2023-03-06 20:43:42.066461,,
78bf4d54-9be4-4de7-b9e6-89d133f5b05c,completed,2023-03-06 20:43:42.066461,,
32df2475-f9ec-4294-b7f4-393acd37c25d,completed,2023-03-06 20:43:42.066461,,
155abd58-4513-4d23-b93a-9100abaae726,completed,2023-03-06 20:43:42.066461,,
8765b095-4942-4d19-bc73-8ca748a7c72a,completed,2023-03-06 20:43:42.066461,,
35dd419f-9c28-415c-b426-e80333a3ef64,completed,2023-03-06 20:43:42.066461,,
e300d08e-c591-4e29-af5f-ff77e67e9178,completed,2023-03-06 20:43:42.066461,,
051cdcf7-43d0-4fa2-a398-1d6a99f4d425,completed,2023-03-06 20:43:42.066461,,
2a472623-0c3c-4afe-b74b-e136684c41f4,completed,2023-03-06 20:43:42.066461,,
0ea05427-8dd5-4341-b0a8-d2bece6fef38,completed,2023-03-06 20:43:42.066461,,
46e10ac6-a46b-4613-8edf-ed1e56f6118b,completed,2023-03-06 20:43:42.066461,,
0fa0f790-b67f-4950-a8e9-cbe91eb7a2e4,failed,2023-03-06 20:43:42.066461,,
8006cf8a-2b04-4846-a884-8fedffa61038,completed,2023-03-06 20:43:42.066461,,
64ae9e9a-39b0-48ce-8e0c-0f3b2c223848,completed,2023-03-06 20:43:42.066461,,
b648e425-4b03-4a7a-89e8-356608e2f9c3,completed,2023-03-06 20:43:42.066461,,
e1b30a58-f82a-43e5-ab70-6ae4cb5f0017,completed,2023-03-06 20:43:42.066461,,
095b1639-e1e5-4253-9d11-6ea91b0f37f5,completed,2023-03-06 20:43:42.066461,,
66826289-fe3d-466b-8a9b-5112f5eb7edf,completed,2023-03-06 20:43:42.066461,,
2f4515ac-8a4a-4c76-ae9f-ea6226c058bf,completed,2023-03-06 20:43:42.066461,,
f4969709-9780-4de3-91a9-6c8b1e1d814e,completed,2023-03-06 20:43:42.066461,,
064bd3e2-2f21-47ee-8f25-7b6566f6de6a,completed,2023-03-06 20:43:42.066461,,
7d565f72-bd4e-472d-bcac-e572d4b991d2,completed,2023-03-06 20:43:42.066461,,
02ac6120-9ad4-4082-9859-05333fb4b89d,completed,2023-03-06 20:43:42.066461,,
b4707367-0608-4b4e-83c3-6dfb531b147e,completed,2023-03-06 20:43:42.066461,,
9099a75c-f1b4-4f1b-bb14-89664796a2db,completed,2023-03-06 20:43:42.066461,,
4a4adfff-9d0b-4788-b5a7-d4f760c15491,completed,2023-03-06 20:43:42.066461,,
72011347-2a50-4009-83eb-5046d900852c,completed,2023-03-06 20:43:42.066461,,
49e9a64d-d443-4ba4-8898-5987a9b70853,completed,2023-03-06 20:43:42.066461,,
a0c22b43-47e1-46d7-9085-38330ec8b4c9,completed,2023-03-06 20:43:42.066461,,
05315619-0849-4dd4-846a-0c8baa0cf587,completed,2023-03-06 20:43:42.066461,,
246239cf-98fc-4447-860d-c1dd409183e3,completed,2023-03-06 20:43:42.066461,,
923c7eae-d97f-4f47-ab8f-c9433cd4b9db,completed,2023-03-06 20:43:42.066461,,
60b4142c-2b2e-4e92-a3a0-025a8bd507d9,completed,2023-03-06 20:43:42.066461,,
6393027a-6a82-4795-815b-cc0c75fb51ab,completed,2023-03-06 20:43:42.066461,,
17309a5e-6fd3-4a3b-98dd-b33eb6d7305e,completed,2023-03-06 20:43:42.066461,,
d068c1a4-f2f4-4cc6-91dd-fe580e2a89a0,completed,2023-03-06 20:43:42.066461,,
491733b3-ce76-4605-9173-ae11fb1e557d,completed,2023-03-06 20:43:42.066461,,
23876d8f-1e4e-4244-891a-68efec7aff41,completed,2023-03-06 20:43:42.066461,,
eab2f36e-3997-4645-881e-c63a77e1b4fc,completed,2023-03-06 20:43:42.066461,,
81bc37a1-a5f3-40bc-8fee-444e5264fe37,completed,2023-03-06 20:43:42.066461,,
89fb79f9-d61c-4e36-ba50-f4516754ceb4,completed,2023-03-06 20:43:42.066461,,
cc51480f-6036-412b-9701-21953b31554f,completed,2023-03-06 20:43:42.066461,,
6b1f5eee-ae68-4330-9c0b-ef3d596a4f8e,completed,2023-03-06 20:43:42.066461,,
6f873a26-07e3-4dbc-b8be-8a352e98ecef,completed,2023-03-06 20:43:42.066461,,
9621bd24-c7e8-45b1-b6a7-6ba7a96f1462,completed,2023-03-06 20:43:42.066461,,
3d3a5857-3186-4eca-87b8-8a13df9c849d,completed,2023-03-06 20:43:42.066461,,
449d6e96-ad2d-434b-99ef-2a034ffdc4ec,completed,2023-03-06 20:43:42.066461,,
a6b3ff05-488e-4f4a-9800-7186d9708a6d,completed,2023-03-06 20:43:42.066461,,
3b12941a-15ea-42e4-b99e-70334c6033db,completed,2023-03-06 20:43:42.066461,,
bdf29433-2faf-4930-b787-b50dd5b611d5,completed,2023-03-06 20:43:42.066461,,
6f8c8e81-9838-40a7-83a9-f2cd5f0f74b3,completed,2023-03-06 20:43:42.066461,,
85574c04-48db-4653-aff2-744c9ea022b2,completed,2023-03-06 20:43:42.066461,,
278f57d0-e28c-4870-8e68-fced64924cda,completed,2023-03-06 20:43:42.066461,,
c8f8e228-146d-482b-b20c-381bce898a5b,completed,2023-03-06 20:43:42.066461,,
e9c1e1c9-198b-4736-b48e-c4d395b5c6d7,completed,2023-03-06 20:43:42.066461,,
00846110-b90b-4309-b2a7-f8de300761ee,completed,2023-03-06 20:43:42.066461,,
f7a1ae11-f4d9-4ce1-a1b2-4e957260f5f2,completed,2023-03-06 20:43:42.066461,,
6196cff3-5abd-43ae-a281-d003842a48f5,completed,2023-03-06 20:43:42.066461,,
9532be21-f676-42db-b5cd-dfa19c269a5e,completed,2023-03-06 20:43:42.066461,,
6042598c-c8d6-4b92-bbca-95ef07cb38f6,completed,2023-03-06 20:43:42.066461,,
40633794-4e76-4bd1-ac22-dd119a89c77e,completed,2023-03-06 20:43:42.066461,,
4510be30-8e45-45dc-acdd-a778d071dc47,completed,2023-03-06 20:43:42.066461,,
3a0765f3-d60e-46b6-bfd5-75d0da446bd7,completed,2023-03-06 20:43:42.066461,,
341e1d82-bb84-4952-b603-713c6cb22bbe,completed,2023-03-06 20:43:42.066461,,
67419a1e-974a-4996-8417-4bf5ce4de16f,completed,2023-03-06 20:43:42.066461,,
e3fd8041-d2e1-4d4a-ad80-699e4dc1f0b0,completed,2023-03-06 20:43:42.066461,,
67f288a4-5376-4191-9784-7fab783a1f25,completed,2023-03-06 20:43:42.066461,,
3d34c63e-bacb-4053-9689-1f2202cac843,completed,2023-03-06 20:43:42.066461,,
cd7f86dd-5bf3-4fb8-af37-a00d56e2902d,completed,2023-03-06 20:43:42.066461,,
e8c4ba89-c6ec-4511-82a8-8b0f0f0e853a,completed,2023-03-06 20:43:42.066461,,
22f56b29-5105-4512-a3b0-1bd04511b711,completed,2023-03-06 20:43:42.066461,,
ad88c604-ac20-4dfe-b71f-845a5b1383cb,completed,2023-03-06 20:43:42.066461,,
9fa1e1e9-0438-4d76-b832-b5c5d2e249c0,completed,2023-03-06 20:43:42.066461,,
73294025-81df-4547-932e-e476cc7fb6b9,completed,2023-03-06 20:43:42.066461,,
9a85f5d4-5d5e-4c54-952a-47b1dc3215ad,completed,2023-03-06 20:43:42.066461,,
e1150088-be8d-4f5b-8f8d-d46b426365fa,completed,2023-03-06 20:43:42.066461,,
c05883e1-3208-476d-b450-9e996d560afa,completed,2023-03-06 20:43:42.066461,,
b06f0934-1268-4c5c-9376-a56f57fd1a23,completed,2023-03-06 20:43:42.066461,,
d5c65228-d428-480d-8af9-c8c362138422,completed,2023-03-06 20:43:42.066461,,
5f8b1b9d-4a9c-423d-a944-6bcbbd9d42d6,completed,2023-03-06 20:43:42.066461,,
d56d1ccf-5ca9-4539-952f-1c2cb9f2436a,completed,2023-03-06 20:43:42.066461,,
ed6bd530-ad9c-4dfa-85e1-8c6dc2d9941b,completed,2023-03-06 20:43:42.066461,,
8e1f967c-7d8d-4323-a46f-54f9e686c063,completed,2023-03-06 20:43:42.066461,,
5fb51b54-ddd2-4e22-b056-733622168da2,completed,2023-03-06 20:43:42.066461,,
536ca110-5778-4013-879a-2f2d060addbe,completed,2023-03-06 20:43:42.066461,,
b1f42f5e-efeb-45c7-b4de-94fd32e45360,completed,2023-03-06 20:43:42.066461,,
7c1e373a-2b36-4927-b02b-e9b067fecdf7,completed,2023-03-06 20:43:42.066461,,
4e02e264-5d6f-4c12-8257-29f46fc1c65c,completed,2023-03-06 20:43:42.066461,,
881ee2be-2b15-4922-83ae-16d8ad79adb5,completed,2023-03-06 20:43:42.066461,,
fe59e26c-8612-474b-8d21-00b4a56ccc53,completed,2023-03-06 20:43:42.066461,,
1292f137-ac74-4196-9d97-91ee9d30bc6b,completed,2023-03-06 20:43:42.066461,,
c6a5f634-02a5-47c5-bfbf-7fa20324bfd2,completed,2023-03-06 20:43:42.066461,,
ccb1a0af-1eb1-487b-8f4c-d7268380a61a,completed,2023-03-06 20:43:42.066461,,
d4814942-84c7-4945-8479-d9fdc56ef573,completed,2023-03-06 20:43:42.066461,,
ebb60e13-b427-4800-97d5-a2aba8b36ab1,completed,2023-03-06 20:43:42.066461,,
e26970de-b28b-4648-ba3a-4d4485819ce1,completed,2023-03-06 20:43:42.066461,,
99df2fd6-3909-49bf-83bb-a3cc21449404,completed,2023-03-06 20:43:42.066461,,
adfc3b79-1caf-4c1c-9f01-7f1eb8625f16,completed,2023-03-06 20:43:42.066461,,
e382a487-6185-4906-930e-18e5f6389d79,completed,2023-03-06 20:43:42.066461,,
7614dfc4-748c-4a4e-8131-d471789159dc,completed,2023-03-06 20:43:42.066461,,
7182055e-b92e-4086-81bb-0ff2292cb1be,completed,2023-03-06 20:43:42.066461,,
9d75198b-0ef5-459c-874f-be5515cf26d4,completed,2023-03-06 20:43:42.066461,,
dd051b5d-231f-490f-bc25-7d2e9dd42c28,completed,2023-03-06 20:43:42.066461,,
5b1d065e-7a59-4345-963b-e6764c2f18a2,completed,2023-03-06 20:43:42.066461,,
dcb83f32-85d5-49eb-9df6-aadbdbe8f361,completed,2023-03-06 20:43:42.066461,,
05c88fc8-ef41-4d71-b490-6e157bfe4103,completed,2023-03-06 20:43:42.066461,,
0ee02721-849d-472b-b680-1a4d2ef7713f,completed,2023-03-06 20:43:42.066461,,
d4a1aa40-8992-4780-8201-2609d917cb2f,completed,2023-03-06 20:43:42.066461,,
a35eb263-cfe0-4ff4-aac3-65bdf44a5b09,completed,2023-03-06 20:43:42.066461,,
c8bdbc52-4763-469a-a046-79861136edc5,completed,2023-03-06 20:43:42.066461,,
e9cb3889-cf04-4494-8fc7-43e2e754043e,completed,2023-03-06 20:43:42.066461,,
5d692502-d198-4303-a0de-721ed414bcf6,completed,2023-03-06 20:43:42.066461,,
48ed3062-8a32-4c71-8b34-e205cf94676a,completed,2023-03-06 20:43:42.066461,,
252abce0-5252-42cd-8c3c-0dae8cae03ea,completed,2023-03-06 20:43:42.066461,,
ebf1f11d-dc9f-41a6-8b59-0c2ecaea50b7,completed,2023-03-06 20:43:42.066461,,
cde45d44-92f6-4ecd-915e-5c71f91ad005,completed,2023-03-06 20:43:42.066461,,
867aefe2-baef-4e74-b1ed-f0cd1fb1732e,completed,2023-03-06 20:43:42.066461,,
94f60f59-986b-46fa-88a5-3ca515895dd1,completed,2023-03-06 20:43:42.066461,,
a02858c4-b43b-476d-ac89-2aa0188a24f2,completed,2023-03-06 20:43:42.066461,,
fa96a749-ae26-420e-b5d8-1c7b849ca7f5,completed,2023-03-06 20:43:42.066461,,
e411905f-12f3-44a6-9b7e-4b655b5e7a96,completed,2023-03-06 20:43:42.066461,,
e502b456-da2c-4fda-8bb0-317704e31a9e,completed,2023-03-06 20:43:42.066461,,
cb9d49af-b55d-4c1e-bc04-a0f3da8aac1e,completed,2023-03-06 20:43:42.066461,,
a8910644-92f7-4718-b1a6-d4165e38acdd,completed,2023-03-06 20:43:42.066461,,
ad731284-6a74-448f-8b95-a617ed20c12a,completed,2023-03-06 20:43:42.066461,,
b1c95d13-ba3a-437c-9d0c-35ff81a61ce7,completed,2023-03-06 20:43:42.066461,,
130a23db-24f2-498a-b66a-0d42374c3f72,completed,2023-03-06 20:43:42.066461,,
e9c55ce6-9519-4665-a57b-b33648d49f14,completed,2023-03-06 20:43:42.066461,,
8afad204-0ad7-40b7-b59a-670cb6ea8348,completed,2023-03-06 20:43:42.066461,,
a19a70d9-d587-417a-9f67-e62eec3802f5,completed,2023-03-06 20:43:42.066461,,
16041819-bb48-4101-b8de-e96ffa39cc84,completed,2023-03-06 20:43:42.066461,,
d824c342-b82b-466a-8bf9-c17dca97941e,completed,2023-03-06 20:43:42.066461,,
bac71703-2200-47a2-a51a-6bb37b37e7fe,completed,2023-03-06 20:43:42.066461,,
e311ddf1-660d-447a-8ea4-84273d2fdfcf,completed,2023-03-06 20:43:42.066461,,
eb2682aa-2ccd-4b04-8871-afb50c22026a,completed,2023-03-06 20:43:42.066461,,
cb99a150-5eaf-47fe-ac6b-0ecd56f526ee,completed,2023-03-06 20:43:42.066461,,
e4e7595f-9a67-44b9-a57e-2de0404672cc,completed,2023-03-06 20:43:42.066461,,
9b7b57f9-24e4-49e9-8c0d-c5b0ac20c05b,completed,2023-03-06 20:43:42.066461,,
ea7f800b-12e9-40eb-849b-072c4273394f,completed,2023-03-06 20:43:42.066461,,
c2ff1386-3760-4c98-9cb9-9c16b83023d7,completed,2023-03-06 20:43:42.066461,,
3c496b5f-fd61-4660-86b6-96ed22cdc828,completed,2023-03-06 20:43:42.066461,,
b1e3977a-2b7b-454f-a6c1-6cd28c1f5867,completed,2023-03-06 20:43:42.066461,,
1e8bee2e-5dbe-4c17-8262-f200727ef817,completed,2023-03-06 20:43:42.066461,,
14b929b8-ebe2-47ea-b9f9-6b4c33e8a8ec,completed,2023-03-06 20:43:42.066461,,
751f8257-382f-4636-bd99-6781db0cd8d3,completed,2023-03-06 20:43:42.066461,,
bdd3afa2-2563-445d-95c2-6cf5dd89ce44,failed,2023-03-06 20:43:42.066461,,
d7078589-3c21-4453-8abe-5838aa09cadd,completed,2023-03-06 20:43:42.066461,,
9a882bf2-d555-4401-8d36-c57fd67c660b,completed,2023-03-06 20:43:42.066461,,
c522debd-9cd8-4248-8424-9de341808c44,completed,2023-03-06 20:43:42.066461,,
05d98008-344e-467f-bfef-2acfc23e7481,completed,2023-03-06 20:43:42.066461,,
ff928ca5-0593-45f3-b806-4603e87d8f24,completed,2023-03-06 20:43:42.066461,,
cc885bf8-1fa7-4535-b3f3-f9cda188e25b,completed,2023-03-06 20:43:42.066461,,
4d7dcb38-d62c-4ca8-ab20-d24331ba80aa,completed,2023-03-06 20:43:42.066461,,
5916d1e7-3d73-4364-b567-f8669da3b8d6,completed,2023-03-06 20:43:42.066461,,
b1affa3a-9139-4cd3-bd79-db91504544ef,completed,2023-03-06 20:43:42.066461,,
25fb8369-73c8-4579-b314-acb151c29001,completed,2023-03-06 20:43:42.066461,,
bf75c5b6-ee5b-4092-a2f5-fe91843e6e64,completed,2023-03-06 20:43:42.066461,,
3fad9561-b29f-4e29-98c0-37c763238ac9,completed,2023-03-06 20:43:42.066461,,
f4592beb-170c-4c4d-922d-dfb2bd17efde,completed,2023-03-06 20:43:42.066461,,
49fbaf01-9893-4daf-b6e2-0e7f7bb7d167,completed,2023-03-06 20:43:42.066461,,
022d7b78-1e27-4499-a89d-115b6d78bb14,completed,2023-03-06 20:43:42.066461,,
c03cf0cc-8b5c-4736-9dac-a7033d3784d4,completed,2023-03-06 20:43:42.066461,,
0b881f63-4cfe-4114-87a2-de47bd77278b,completed,2023-03-06 20:43:42.066461,,
cee16d5f-289a-4b07-9d51-95e3e52c67f0,completed,2023-03-06 20:43:42.066461,,
1134009d-44a9-4250-b454-5b3d54922614,completed,2023-03-06 20:43:42.066461,,
29f4b022-e515-4c19-8837-04009f0bcd56,completed,2023-03-06 20:43:42.066461,,
02cc94aa-cc7f-44df-b7d0-b86c19146651,completed,2023-03-06 20:43:42.066461,,
8c88e6ca-5e1c-44a4-a7ec-02170cf99572,completed,2023-03-06 20:43:42.066461,,
acb24fc5-9514-4dae-8601-106421c0f170,completed,2023-03-06 20:43:42.066461,,
28a9dec0-6414-4ed5-a757-30e9c6afc982,completed,2023-03-06 20:43:42.066461,,
bdb22424-ace1-476e-a4d4-d3f3d628c5a5,completed,2023-03-06 20:43:42.066461,,
eff56a9b-a134-44aa-bd46-0cb13178fa0b,completed,2023-03-06 20:43:42.066461,,
de6f0b65-7ce2-4b86-9964-9538072006b4,completed,2023-03-06 20:43:42.066461,,
49aaf1dd-5419-4997-89aa-7f8a7fbe6618,completed,2023-03-06 20:43:42.066461,,
27cf5c92-ec96-4275-b53b-847efc49d346,completed,2023-03-06 20:43:42.066461,,
20cfb068-2fca-49e1-802a-953d1e329bd1,completed,2023-03-06 20:43:42.066461,,
7916edf1-41df-4e55-aba9-0677760193d0,completed,2023-03-06 20:43:42.066461,,
c40b7f2a-2b02-4df3-ba7e-34af69b3cc17,completed,2023-03-06 20:43:42.066461,,
cc7d7f04-631d-4934-ad8c-9d3c32cb65da,completed,2023-03-06 20:43:42.066461,,
f57ae5f5-096e-4c35-8b66-cdcd1775ffef,completed,2023-03-06 20:43:42.066461,,
777c9e6f-263e-46d8-9231-aa9d2ef38b99,completed,2023-03-06 20:43:42.066461,,
cf6f7908-8fb1-4367-ae5a-6120d4f1e863,completed,2023-03-06 20:43:42.066461,,
93e0ce35-2d79-4809-b69b-9eb8ee08617c,completed,2023-03-06 20:43:42.066461,,
28a3a2a8-40d5-42c6-a1b7-8de0e2d5ae1e,completed,2023-03-06 20:43:42.066461,,
3db0349a-9383-4543-9994-878b1191ca98,completed,2023-03-06 20:43:42.066461,,
c030a109-6a6f-4d1a-8a01-ff5af614e8c3,completed,2023-03-06 20:43:42.066461,,
57eb0b9d-7ffa-4be3-bdbb-0318c4f569a9,completed,2023-03-06 20:43:42.066461,,
71c64077-b1db-4874-8799-61b89f79db53,completed,2023-03-06 20:43:42.066461,,
59dbba52-704c-47f6-993d-9823ab308e3c,completed,2023-03-06 20:43:42.066461,,
44c5757b-2096-4539-b4db-491ee752fbde,completed,2023-03-06 20:43:42.066461,,
0c3791bd-3e37-480f-9765-e40f60de9df3,completed,2023-03-06 20:43:42.066461,,
5efa4099-878a-4c18-86c2-ed6447c717c6,completed,2023-03-06 20:43:42.066461,,
9fdace77-a9df-47b2-a25a-cd3aa7ac26d3,completed,2023-03-06 20:43:42.066461,,
aa76d510-e032-4452-9e7c-ec9c0bbe90aa,completed,2023-03-06 20:43:42.066461,,
b8527593-46a2-4ac5-a2d0-9f01b8806bf5,completed,2023-03-06 20:43:42.066461,,
3d04670e-6472-433d-9db4-4f352fa08321,completed,2023-03-06 20:43:42.066461,,
9dd71fe3-4e29-47e9-80d0-47f1f74b1a92,completed,2023-03-06 20:43:42.066461,,
9565a917-db9c-4ece-b059-6e70acb984a1,completed,2023-03-06 20:43:42.066461,,
5f12d4a9-8bbf-45cd-9413-a48e45d2e89e,completed,2023-03-06 20:43:42.066461,,
a293cb05-ebc5-482e-a9a9-f055aa1a3e53,completed,2023-03-06 20:43:42.066461,,
027f92de-8254-4cad-9404-58520684e2c1,completed,2023-03-06 20:43:42.066461,,
95e8b4b2-bdad-41f6-bbda-30820766e050,completed,2023-03-06 20:43:42.066461,,
4eaabdc6-3fa3-468a-8a07-a79661c05121,completed,2023-03-06 20:43:42.066461,,
11020844-28ef-4338-bcc3-11d6048720f7,completed,2023-03-06 20:43:42.066461,,
f5773a26-0ae0-4653-b481-d2cb1ba763ac,completed,2023-03-06 20:43:42.066461,,
55830ed1-42a4-4c9b-94fe-c44da8ebd14f,completed,2023-03-06 20:43:42.066461,,
3fc4cad9-db29-4072-a9ca-97a1a3e43ba6,completed,2023-03-06 20:43:42.066461,,
a62a21b2-1e28-422a-929c-02da100d9eb0,completed,2023-03-06 20:43:42.066461,,
64e80bb4-6c9a-495d-91c1-b305bd4eefd4,completed,2023-03-06 20:43:42.066461,,
d75fc2f2-c4f7-49ea-bd16-a9eaa0f3bf20,completed,2023-03-06 20:43:42.066461,,
d28602a4-3943-4b03-87f0-aa2104da95f6,completed,2023-03-06 20:43:42.066461,,
8145a223-b26a-4b08-8e9d-13d2b3f0399c,completed,2023-03-06 20:43:42.066461,,
5941de98-047b-44b1-9ec5-a242e134779f,completed,2023-03-06 20:43:42.066461,,
ff676fef-bc98-4f20-8c38-f72e97cc028a,completed,2023-03-06 20:43:42.066461,,
40a40afc-9a1a-4c2a-9494-850d733c1101,completed,2023-03-06 20:43:42.066461,,
75e6955c-e4c8-4e99-9e9f-157a25ea48fe,completed,2023-03-06 20:43:42.066461,,
9592e0b7-ac61-4e28-93b3-8b2bf9d07c1c,completed,2023-03-06 20:43:42.066461,,
7474adf6-40ac-4f0b-8d29-739e686adbb3,completed,2023-03-06 20:43:42.066461,,
5dad61d7-b935-40c6-b9e3-01012c35e3c0,completed,2023-03-06 20:43:42.066461,,
96991e45-eb5d-43cb-8057-dd6dff7b3c0c,completed,2023-03-06 20:43:42.066461,,
8320140a-4000-4fb6-b732-1bf059481ca2,completed,2023-03-06 20:43:42.066461,,
f1a98263-ab99-49a2-917a-80bbbb6df41d,completed,2023-03-06 20:43:42.066461,,
a7b45933-0392-4a41-993e-a660f9228f81,completed,2023-03-06 20:43:42.066461,,
d7cb2350-c095-4918-8823-4ce0ba86f523,completed,2023-03-06 20:43:42.066461,,
ca94b446-9ac0-4780-ae40-5a0aebbff357,completed,2023-03-06 20:43:42.066461,,
d2c0084b-ca55-4a59-9620-1fe79fe383b7,completed,2023-03-06 20:43:42.066461,,
6c2a1277-166f-4687-a5c0-f41eb168fa03,completed,2023-03-06 20:43:42.066461,,
075eea16-ca05-4755-a234-2ffbd5704783,completed,2023-03-06 20:43:42.066461,,
148b218c-5cd5-4564-a7e8-73199976233f,completed,2023-03-06 20:43:42.066461,,
41303712-4be6-4be8-8515-da986a199476,completed,2023-03-06 20:43:42.066461,,
adc612f1-b203-4c51-85b3-d78170c3c6ff,completed,2023-03-06 20:43:42.066461,,
fdcba476-a3b9-4b03-afba-9391d9bb2c68,completed,2023-03-06 20:43:42.066461,,
daa31867-2146-4df3-9112-f404cc054ba9,completed,2023-03-06 20:43:42.066461,,
cfcaa0ec-f7e1-4591-8bcb-ac5393b8687d,completed,2023-03-06 20:43:42.066461,,
1b5271f6-bef6-4586-964c-6ebd08f191f8,completed,2023-03-06 20:43:42.066461,,
5b7fa828-293a-4d63-8213-1e34e1cedb0b,completed,2023-03-06 20:43:42.066461,,
3616cdf2-2b25-4d77-ab86-5f41196f3d6f,completed,2023-03-06 20:43:42.066461,,
23b86bfe-0653-43e6-9163-5154115012c7,completed,2023-03-06 20:43:42.066461,,
363deaf4-ca3a-482b-8c28-a7f4a56381b9,completed,2023-03-06 20:43:42.066461,,
a1e6845a-73c9-4ddd-a3f8-5529a680fc1f,completed,2023-03-06 20:43:42.066461,,
787cb575-0eef-48f9-a90d-674129111ebb,completed,2023-03-06 20:43:42.066461,,
173a9491-ef8a-4309-b824-a6b84d531581,completed,2023-03-06 20:43:42.066461,,
845b9323-9b41-4431-b1ee-2b51e0429df9,completed,2023-03-06 20:43:42.066461,,
466a7fff-3150-4e28-88e1-3ec1523c0064,completed,2023-03-06 20:43:42.066461,,
3e4ce326-da15-4c4d-bbc4-961575a6b467,completed,2023-03-06 20:43:42.066461,,
d4017c1c-1a9a-406d-ba7a-48bafc1e8ef5,completed,2023-03-06 20:43:42.066461,,
423f8432-b2a4-4421-a255-fec6def41e8c,completed,2023-03-06 20:43:42.066461,,
d770bb96-68e2-412f-b18c-ce6b58d5bc62,completed,2023-03-06 20:43:42.066461,,
463d6123-0eea-4579-a345-f88ba334f582,completed,2023-03-06 20:43:42.066461,,
f17a7ff9-e33a-4a34-920b-157df1444095,failed,2023-03-06 20:43:42.066461,,
217d9a9c-b21d-428f-be54-e2a913e7953b,completed,2023-03-06 20:43:42.066461,,
c12dbd77-6256-43a6-98d4-8d8591524293,completed,2023-03-06 20:43:42.066461,,
587ebbbc-5262-4c13-a9dc-182146da5edf,completed,2023-03-06 20:43:42.066461,,
dc59c743-efaa-4928-b847-1b0f91c100f7,completed,2023-03-06 20:43:42.066461,,
f1eb5a5e-6c9c-409b-b62c-2bc6283712f9,completed,2023-03-06 20:43:42.066461,,
f3a6b6bf-f029-4cfc-a6cc-05dc61330d6c,completed,2023-03-06 20:43:42.066461,,
a5dc0eea-cb4d-4992-a2b0-4957c4fa72a0,completed,2023-03-06 20:43:42.066461,,
7820be60-9a48-4209-8637-9b755b8c1456,completed,2023-03-06 20:43:42.066461,,
c6d1609c-a0d7-4e41-a56e-4585fddd5f22,completed,2023-03-06 20:43:42.066461,,
e756dc51-4f09-4651-96dd-9cb2470f160a,completed,2023-03-06 20:43:42.066461,,
e08b6fe9-0320-4745-9f9d-ee91485663e6,completed,2023-03-06 20:43:42.066461,,
3144a756-d089-417e-8689-e9cf003dda5c,completed,2023-03-06 20:43:42.066461,,
16f92fa9-706e-4b69-a0d0-433d47f3ca90,completed,2023-03-06 20:43:42.066461,,
27c44046-1e19-4c2e-a275-64f3ffeafac5,completed,2023-03-06 20:43:42.066461,,
2450deae-9663-4526-87d7-6568d5f55883,completed,2023-03-06 20:43:42.066461,,
e5e3767b-6f31-485a-bdee-e495fec1862f,completed,2023-03-06 20:43:42.066461,,
81a28343-2c3f-4f04-a2b2-09891dd4b987,completed,2023-03-06 20:43:42.066461,,
0ab24638-a752-4868-a97d-55e2b6fd116d,completed,2023-03-06 20:43:42.066461,,
b5951102-54be-4031-b468-a7fd0c300d83,completed,2023-03-06 20:43:42.066461,,
ab3b7188-bc16-492a-b906-9bc6b8b23080,completed,2023-03-06 20:43:42.066461,,
005cbcb6-582a-4a97-a05f-08506a606f63,completed,2023-03-06 20:43:42.066461,,
7d69889e-7ecd-4e31-98c7-2163b4c84ce4,completed,2023-03-06 20:43:42.066461,,
b4242886-2abb-48a5-9d89-b80f20f86b56,completed,2023-03-06 20:43:42.066461,,
a1a1cc8f-b5b9-4f40-b54d-f83339338c93,completed,2023-03-06 20:43:42.066461,,
0edf7bdf-cb09-4a0e-ac13-1af63fda9223,completed,2023-03-06 20:43:42.066461,,
7b473565-59e6-40e0-af52-16a47ff6e805,completed,2023-03-06 20:43:42.066461,,
e18979d5-3de0-4c80-9234-251d79571c36,completed,2023-03-06 20:43:42.066461,,
2102faf4-f2f0-40a1-8513-d9a87a3e8bc3,completed,2023-03-06 20:43:42.066461,,
d0b6f2ff-e5f6-4721-b9da-369e211bd161,completed,2023-03-06 20:43:42.066461,,
5a1050d2-056d-48bb-b9ad-4a8a086fb225,completed,2023-03-06 20:43:42.066461,,
e42f26e5-7511-4ff2-a129-1bff1d49db8e,completed,2023-03-06 20:43:42.066461,,
15c21168-0629-406a-a38e-28ea5d004f4d,completed,2023-03-06 20:43:42.066461,,
9266d940-fcab-400b-a3ad-0dbe9233c345,completed,2023-03-06 20:43:42.066461,,
63151d3f-3da3-4be2-9390-ff2390adf1ea,completed,2023-03-06 20:43:42.066461,,
aed2f77c-b715-4509-ab5f-9839c283bb03,completed,2023-03-06 20:43:42.066461,,
fd5bc3ad-5249-4a2c-8bfe-c399fab871c9,completed,2023-03-06 20:43:42.066461,,
92800b78-1c34-477a-8200-a4febd22d3c2,completed,2023-03-06 20:43:42.066461,,
d318fa8e-6cf4-40fd-a904-8e73e209755b,completed,2023-03-06 20:43:42.066461,,
2e1f6929-2899-4d18-a8f6-ddf812da6e9c,completed,2023-03-06 20:43:42.066461,,
db6027d1-9730-4e0b-b6a1-930172272f42,completed,2023-03-06 20:43:42.066461,,
30e6ffe1-c846-4020-84c4-7b3b42d3f775,completed,2023-03-06 20:43:42.066461,,
cd268278-16f2-42d3-9c91-7e46dc1677c8,completed,2023-03-06 20:43:42.066461,,
bb7c1c9d-3769-44d7-a8bb-43687f5bf9be,completed,2023-03-06 20:43:42.066461,,
8027633a-51c2-4eb8-beb0-1e5eddcf55c4,completed,2023-03-06 20:43:42.066461,,
acefd3e9-22a2-426f-9ede-e77860d3d650,completed,2023-03-06 20:43:42.066461,,
3a81c320-1300-4446-b47a-88d09e033b04,completed,2023-03-06 20:43:42.066461,,
4827cdd5-f1c8-455d-bf00-28c49addabf9,completed,2023-03-06 20:43:42.066461,,
3509d596-c2f3-4284-90ab-b56fa1e77808,completed,2023-03-06 20:43:42.066461,,
2a105aa1-683e-4342-9639-c0173f32c8a4,completed,2023-03-06 20:43:42.066461,,
5f9060b0-9900-468d-aabf-b7e06105cd1e,completed,2023-03-06 20:43:42.066461,,
b8536e24-ad60-478e-9b08-37aa65517a90,completed,2023-03-06 20:43:42.066461,,
88419e0e-e066-4476-a942-2292ba490725,completed,2023-03-06 20:43:42.066461,,
fbcddbaf-d800-455d-9135-74106fa316ff,completed,2023-03-06 20:43:42.066461,,
7eb3ce29-8b3f-4cf9-b666-cc5cf2fc563d,completed,2023-03-06 20:43:42.066461,,
8cc9b337-c916-4413-b3a8-8336dbfb6a01,completed,2023-03-06 20:43:42.066461,,
6b26ca60-1b8b-4cdc-bc02-0304b902c746,completed,2023-03-06 20:43:42.066461,,
d30c4d93-42e1-41e6-9ef5-e7bfc3ead29a,completed,2023-03-06 20:43:42.066461,,
9455fdca-c8ae-45da-9236-1c4613cbe79c,completed,2023-03-06 20:43:42.066461,,
fb5c1b10-d77f-41e7-8fc8-13f77d7671db,completed,2023-03-06 20:43:42.066461,,
1bb1f2d9-2cd1-4fc8-8cdb-00f493dd9a19,failed,2023-03-06 20:43:42.066461,,
a8ef7cf2-9861-447f-ab06-6362e83b3316,completed,2023-03-06 20:43:42.066461,,
dd5e3056-7472-4102-b0d7-34d589e4cf05,completed,2023-03-06 20:43:42.066461,,
4a4d296e-4072-4af9-bff7-a4bd19e592b8,completed,2023-03-06 20:43:42.066461,,
0abfbce3-3600-48e3-9d8b-a8d14c02d839,completed,2023-03-06 20:43:42.066461,,
c7cb16a8-7e46-44f4-b29b-080f05120633,completed,2023-03-06 20:43:42.066461,,
4a8ed170-86dc-4447-bfd6-37aeca69715b,completed,2023-03-06 20:43:42.066461,,
2d3236aa-d268-42ab-a974-c7dbd9974a80,completed,2023-03-06 20:43:42.066461,,
bbff1533-31e4-4768-a6bd-6a6ef5219c82,completed,2023-03-06 20:43:42.066461,,
c866529a-5b7f-4f99-92cb-7c88567e7eeb,completed,2023-03-06 20:43:42.066461,,
8284245c-bf60-4c46-a760-5ce8dd3dca38,completed,2023-03-06 20:43:42.066461,,
87a33df7-67f1-4fef-8cea-48d1d4ac49ae,completed,2023-03-06 20:43:42.066461,,
26c334c3-f084-4d3e-8e08-00ebed084b17,completed,2023-03-06 20:43:42.066461,,
da91fb11-b392-4ee9-892e-bc16136f711b,completed,2023-03-06 20:43:42.066461,,
e0a27807-eee5-43e9-a5c3-a959add45a0d,completed,2023-03-06 20:43:42.066461,,
084c5f5e-b7db-4791-986f-27292641cd3a,completed,2023-03-06 20:43:42.066461,,
098b43d3-bb60-49b2-82f7-cc56497bbe57,completed,2023-03-06 20:43:42.066461,,
e29245a5-295b-4df5-818d-9897041439af,completed,2023-03-06 20:43:42.066461,,
03360e8b-d6e7-404c-8eb0-53d90868a28a,completed,2023-03-06 20:43:42.066461,,
ebb26754-065c-435b-919f-49473ddc8257,completed,2023-03-06 20:43:42.066461,,
4032ff49-2af9-4268-a956-f2445acb0fd6,completed,2023-03-06 20:43:42.066461,,
800fe2d9-eaa9-43e8-87a0-ef1b286600b0,completed,2023-03-06 20:43:42.066461,,
208b3a25-6d9c-47b0-a5f7-f7e89b9302d5,completed,2023-03-06 20:43:42.066461,,
a471d329-c5a0-45bd-a323-1925aef6be2b,completed,2023-03-06 20:43:42.066461,,
454b036c-839a-47af-9c2f-fc0df4cca161,completed,2023-03-06 20:43:42.066461,,
e5468cc0-8ce9-4281-b5c6-3889353665a0,completed,2023-03-06 20:43:42.066461,,
e9c543ba-71d2-42fb-aa65-511decf530fb,completed,2023-03-06 20:43:42.066461,,
0efb8d50-e390-4066-86d3-bfc9e95b5a85,completed,2023-03-06 20:43:42.066461,,
d4575880-9e0b-44ea-b757-a39352244b85,completed,2023-03-06 20:43:42.066461,,
d25f550f-1428-4a22-a8c3-719d237eba44,completed,2023-03-06 20:43:42.066461,,
11d58634-bf4f-4e13-8067-3729ce3893fb,completed,2023-03-06 20:43:42.066461,,
4b14dd52-a75d-4af1-b434-d045f23130d8,completed,2023-03-06 20:43:42.066461,,
5dbeb16f-e300-47db-bace-063e84155b19,completed,2023-03-06 20:43:42.066461,,
6cc8d917-6f3d-476f-b1c3-a2196e2f3285,completed,2023-03-06 20:43:42.066461,,
44268545-f216-4ae0-b544-0ea06d7ed794,completed,2023-03-06 20:43:42.066461,,
fdeee058-114b-451e-812f-9cbdf5eecc14,completed,2023-03-06 20:43:42.066461,,
5541e235-ffac-4b77-b203-bd10c0daebc8,completed,2023-03-06 20:43:42.066461,,
b073c212-7e8f-46cc-8896-5e695923e2fb,completed,2023-03-06 20:43:42.066461,,
1a499ae0-b31d-4795-82bc-88046cf6f0dd,completed,2023-03-06 20:43:42.066461,,
a0d6ffb0-2428-451f-bfa4-27d06fd6f650,completed,2023-03-06 20:43:42.066461,,
37f0e852-7897-4d5c-b147-4ad127efe147,completed,2023-03-06 20:43:42.066461,,
ac8475c8-28ff-463e-8936-80679ee61fea,completed,2023-03-06 20:43:42.066461,,
d9d5ec70-d607-41da-b18a-2423a5b9f0a6,completed,2023-03-06 20:43:42.066461,,
c4ed0e4d-9594-478a-9493-15ccaacedb77,completed,2023-03-06 20:43:42.066461,,
5e721f3b-1b15-4495-9f88-1f6e09e4dbae,completed,2023-03-06 20:43:42.066461,,
42a14544-4479-4e56-9d74-f13e83dd0364,completed,2023-03-06 20:43:42.066461,,
6dc1a863-8a2e-4f01-98a5-be335317e5ee,completed,2023-03-06 20:43:42.066461,,
53c245df-e8c2-456f-bbba-e2a498e1d164,completed,2023-03-06 20:43:42.066461,,
6d3e37fd-ef2c-4efb-81ce-bac49432a762,completed,2023-03-06 20:43:42.066461,,
6d7ba63d-62e3-462f-95d7-a6e8635e1e9f,completed,2023-03-06 20:43:42.066461,,
beab5321-0934-4202-b435-0d79e30905fa,completed,2023-03-06 20:43:42.066461,,
cdbc0e9d-30be-4849-bf1f-b10119a36bdf,completed,2023-03-06 20:43:42.066461,,
4f6dea73-aa0c-4c02-843b-b946659d158f,completed,2023-03-06 20:43:42.066461,,
b8c135e9-ba47-46be-9ce8-95bde0078ea9,completed,2023-03-06 20:43:42.066461,,
618bf724-6699-4a53-b540-19a4b3b74d62,completed,2023-03-06 20:43:42.066461,,
1ce31592-07eb-4551-a926-a4782486c6d1,completed,2023-03-06 20:43:42.066461,,
015c2ad1-eefa-4476-a3d2-8f65e6eb8d5f,completed,2023-03-06 20:43:42.066461,,
41d4f928-cc35-46da-87ec-b300c4d95725,completed,2023-03-06 20:43:42.066461,,
b4607f59-b7ed-46c4-9488-fd228c23f792,completed,2023-03-06 20:43:42.066461,,
be1376a2-111b-4cc0-aca4-f9d3a2c62c8f,completed,2023-03-06 20:43:42.066461,,
6523d409-5198-4948-886a-82b48e7d6eb2,completed,2023-03-06 20:43:42.066461,,
a3967795-1fb4-4c65-bb8d-fba30d31c6c2,completed,2023-03-06 20:43:42.066461,,
335cff4e-f046-4471-8a44-0f0421de3c0a,completed,2023-03-06 20:43:42.066461,,
5353f130-edf2-4ad9-9db4-bf71b65a1ae2,completed,2023-03-06 20:43:42.066461,,
311fa4cd-3846-4b17-ad93-750e50d7bed0,completed,2023-03-06 20:43:42.066461,,
f9945b87-944d-442c-8274-6675d6588288,completed,2023-03-06 20:43:42.066461,,
d84849a4-f859-4ec4-9a34-6da1375ce693,completed,2023-03-06 20:43:42.066461,,
21a15aa6-d3c3-43fe-9d6d-a182eacafdf3,completed,2023-03-06 20:43:42.066461,,
e684a659-b335-4c90-ac0f-956b6a412d86,completed,2023-03-06 20:43:42.066461,,
a6595d73-c42e-4fa3-84da-1d8bbd8ede8c,completed,2023-03-06 20:43:42.066461,,
cd4d4b50-f2f6-4f09-b5ba-a2d07248249d,completed,2023-03-06 20:43:42.066461,,
65cc6ec9-538e-4b08-8db3-6d99e273d794,completed,2023-03-06 20:43:42.066461,,
b7ec3ad2-3f3d-43dc-b929-58b1b56baf3b,completed,2023-03-06 20:43:42.066461,,
7a5ac49f-41a0-4b12-a135-21c147c5a601,completed,2023-03-06 20:43:42.066461,,
1e8d977c-bfd4-4584-af13-a8e53a8c67f6,completed,2023-03-06 20:43:42.066461,,
2494f54a-039d-406f-8bed-eded6c9fe531,completed,2023-03-06 20:43:42.066461,,
83460059-b221-4463-9aac-dcc93a7aa651,completed,2023-03-06 20:43:42.066461,,
40d1d449-95db-4a23-8160-05abee35314f,completed,2023-03-06 20:43:42.066461,,
d5ecc196-5846-41ab-b8c4-08b58e014455,completed,2023-03-06 20:43:42.066461,,
8b7b0e66-5845-4f69-9731-d008eab5b40e,completed,2023-03-06 20:43:42.066461,,
747c7a50-0061-4857-96e8-2f792d5c08f5,completed,2023-03-06 20:43:42.066461,,
546f1a1e-00a8-4235-92ed-13331da10f89,completed,2023-03-06 20:43:42.066461,,
6a96c269-f4a3-492b-bc16-789ced50be5d,completed,2023-03-06 20:43:42.066461,,
376cc1ca-6f5a-4473-9c1c-a53d2d8e0f8f,completed,2023-03-06 20:43:42.066461,,
37c4b844-71bd-4b92-8de9-09bfb57e5588,completed,2023-03-06 20:43:42.066461,,
4f156056-a44d-44e5-8289-f68c454f83b9,completed,2023-03-06 20:43:42.066461,,
a5d64173-5143-488c-b943-78c3d2e32511,completed,2023-03-06 20:43:42.066461,,
bba0972c-17db-46fc-bb84-3b4adb6de0f6,completed,2023-03-06 20:43:42.066461,,
b1290e06-e6ab-4fd9-a904-7848ea8ee785,completed,2023-03-06 20:43:42.066461,,
0e9537a7-cbdd-45c0-98a3-96e8f41f50ba,completed,2023-03-06 20:43:42.066461,,
7bc7f713-c46c-4963-93fe-6d06897cd74e,completed,2023-03-06 20:43:42.066461,,
6b16d20f-76e1-45ec-8481-6dbc2ae9a001,completed,2023-03-06 20:43:42.066461,,
d02eb60c-97c6-428b-9f5a-f622df75c77d,completed,2023-03-06 20:43:42.066461,,
3e0c4641-88db-432e-a01b-3a8c88988259,completed,2023-03-06 20:43:42.066461,,
421681d7-2991-4e95-99c6-7c30c7a83a25,completed,2023-03-06 20:43:42.066461,,
123dbbbb-3fbe-4471-8ecd-647eab376430,completed,2023-03-06 20:43:42.066461,,
f40583b1-3a80-46c5-b05e-797923b2f72d,completed,2023-03-06 20:43:42.066461,,
8b05e9e2-b2f1-4568-9cc3-2deeb585f2da,completed,2023-03-06 20:43:42.066461,,
da331e7a-8956-4dac-8321-aaf2ce62258d,completed,2023-03-06 20:43:42.066461,,
863c40d0-1459-4186-8daa-fd3fb72c72a8,completed,2023-03-06 20:43:42.066461,,
a4117833-abf0-4b6a-b5e7-113240f63162,completed,2023-03-06 20:43:42.066461,,
db032c89-2dc4-45c3-8c96-7816e2867772,completed,2023-03-06 20:43:42.066461,,
d770b9a1-2dc8-4c52-a257-e4095c9fb08e,completed,2023-03-06 20:43:42.066461,,
e6f9c322-5ad4-441e-a1fb-10d44939f105,completed,2023-03-06 20:43:42.066461,,
669cd8ca-67be-4df9-9b58-dfd86d552f52,completed,2023-03-06 20:43:42.066461,,
00801628-d995-47fa-a57e-e040c90a050b,completed,2023-03-06 20:43:42.066461,,
5b1b0532-2d5b-486e-a379-ea1f4634af71,completed,2023-03-06 20:43:42.066461,,
1e56bc24-2722-40ca-83ff-60076dac32bb,completed,2023-03-06 20:43:42.066461,,
a2ab9709-2549-49d9-8608-9909798522a3,completed,2023-03-06 20:43:42.066461,,
bc96d184-5cb5-46bd-8df9-0c6b77fe31c0,completed,2023-03-06 20:43:42.066461,,
c7ba6771-5eb6-478d-b848-2e0e73dbadc7,completed,2023-03-06 20:43:42.066461,,
f1caa020-380b-4088-b084-dc730146af49,completed,2023-03-06 20:43:42.066461,,
7e69c323-e7bf-499c-a506-88147489cdcc,completed,2023-03-06 20:43:42.066461,,
fc973b6e-ba7b-4725-9814-aeb111c14d2c,completed,2023-03-06 20:43:42.066461,,
aa28e21b-26ba-4689-8756-e7984a2b72be,completed,2023-03-06 20:43:42.066461,,
1a63c9a6-f629-4a52-8440-fead44a50a28,completed,2023-03-06 20:43:42.066461,,
2f083286-22ba-46f6-8538-5a307e679109,completed,2023-03-06 20:43:42.066461,,
c3dfa2b2-c06e-4dd1-bab8-44c15b481696,completed,2023-03-06 20:43:42.066461,,
b3bd2ce1-8910-4aa5-bafc-ec850b96e586,completed,2023-03-06 20:43:42.066461,,
7d582666-64ef-4435-8de7-40ea97f72f88,completed,2023-03-06 20:43:42.066461,,
d3b4541c-8cd7-4a7f-af24-0245dc42069c,completed,2023-03-06 20:43:42.066461,,
58a0600f-0875-480f-ade2-d1474f0d25b4,completed,2023-03-06 20:43:42.066461,,
bcc721e8-c7ef-49af-825d-d9f30277f95c,completed,2023-03-06 20:43:42.066461,,
a765a68e-bc43-4277-a4dd-3cd6327054bf,completed,2023-03-06 20:43:42.066461,,
8c2c723d-25d7-4e24-abbb-a0c65bd2e974,completed,2023-03-06 20:43:42.066461,,
923ee715-4918-45bb-a2e1-00becad933ee,completed,2023-03-06 20:43:42.066461,,
0ea79911-bcef-40fd-a511-7e0118a1d85d,completed,2023-03-06 20:43:42.066461,,
6343707e-64be-46f4-bd8e-3898a92879f7,completed,2023-03-06 20:43:42.066461,,
26703af4-5ea1-4687-b25d-75e671d825c9,completed,2023-03-06 20:43:42.066461,,
d08ce8bb-2ce1-4c17-889b-6fd09f7e5b47,completed,2023-03-06 20:43:42.066461,,
292bc4a9-4500-4823-9f82-b280b002ca7b,completed,2023-03-06 20:43:42.066461,,
b31986fc-886e-4425-9e42-0315e3f0f252,completed,2023-03-06 20:43:42.066461,,
276d34b7-4a9c-4326-89c0-ba3a87ab1f6d,completed,2023-03-06 20:43:42.066461,,
f8322f62-dbce-42ae-81fd-286fee3200a9,completed,2023-03-06 20:43:42.066461,,
dec49823-cd34-4431-bc14-755d79db5aa3,completed,2023-03-06 20:43:42.066461,,
90ac439b-3ffa-4efc-bce0-f8a947af5979,completed,2023-03-06 20:43:42.066461,,
83118474-6903-4d2c-8f50-ceeec34f975b,completed,2023-03-06 20:43:42.066461,,
a688155e-e7b8-4e72-891e-0cc2d9e6c9ab,completed,2023-03-06 20:43:42.066461,,
479c5655-cdce-4e48-9dd0-96c84c1e8199,completed,2023-03-06 20:43:42.066461,,
e157e4d6-237b-4a8e-a6b0-4561386e4a28,completed,2023-03-06 20:43:42.066461,,
2b73f386-21b6-4a99-a4c4-a896d9e36493,completed,2023-03-06 20:43:42.066461,,
9f4e786e-390a-48c9-8449-4d25ac963888,completed,2023-03-06 20:43:42.066461,,
92c8472f-44e4-4903-bed0-58a4fc1d2be7,completed,2023-03-06 20:43:42.066461,,
5b411813-1a4b-4b24-a6c4-38e5532f2726,completed,2023-03-06 20:43:42.066461,,
3abc4d59-88eb-414c-9181-2f416b21ab59,completed,2023-03-06 20:43:42.066461,,
eebb1877-38ad-46ba-a67b-bc4e4ac35314,completed,2023-03-06 20:43:42.066461,,
c582b9ce-ab10-4c46-a629-5bb7f5a1bd06,completed,2023-03-06 20:43:42.066461,,
ea0f6dc5-0ad9-478e-a0ec-d170a1ecb7aa,completed,2023-03-06 20:43:42.066461,,
05566d84-1851-4e7a-bd47-bb8ee53d6f2c,completed,2023-03-06 20:43:42.066461,,
a48fffac-e91c-426c-b5cd-7c9a89ce3da9,completed,2023-03-06 20:43:42.066461,,
4ab6c8a3-0a94-465b-9024-c41889926a67,completed,2023-03-06 20:43:42.066461,,
5a367d27-32a8-4ac5-983f-b5644c1668e3,completed,2023-03-06 20:43:42.066461,,
aad2f28c-a774-456d-b40e-30d18417e72c,completed,2023-03-06 20:43:42.066461,,
a9b60880-af11-4314-8cbe-6a484a77e127,completed,2023-03-06 20:43:42.066461,,
6dab421a-e3e7-451c-a35e-6225b744823d,completed,2023-03-06 20:43:42.066461,,
5d5928fc-5e0f-4fd8-ae6b-5faec32a8588,completed,2023-03-06 20:43:42.066461,,
4b6cd199-c188-4805-b825-cb1af73ec0d2,completed,2023-03-06 20:43:42.066461,,
6d24fee4-2f1a-4f57-a6fc-18e7afd6f9ff,completed,2023-03-06 20:43:42.066461,,
f21add4b-b5e2-4e34-80b5-bae0003b900b,completed,2023-03-06 20:43:42.066461,,
ba868558-1e72-4697-9bd6-a001463b180c,completed,2023-03-06 20:43:42.066461,,
533cf0f9-71cc-4759-9f26-86736d6663b7,completed,2023-03-06 20:43:42.066461,,
e8782e13-b886-4aae-89a2-1f1765d2ae65,completed,2023-03-06 20:43:42.066461,,
eed33c8d-21ff-40fc-b921-2003384fa4e6,completed,2023-03-06 20:43:42.066461,,
dc87d843-5736-4513-88d0-4c2abaabf937,completed,2023-03-06 20:43:42.066461,,
f78b202f-b4ef-47e8-8dbf-fef42d6619b5,completed,2023-03-06 20:43:42.066461,,
6f80965b-4fb6-4872-8aff-b2d00a1b0e3c,completed,2023-03-06 20:43:42.066461,,
babeed4d-1993-4619-bbbc-109153386b98,completed,2023-03-06 20:43:42.066461,,
fe91a6de-b6d9-425a-8032-a9deb20e7d3a,completed,2023-03-06 20:43:42.066461,,
7ffe0d6e-122d-415a-a062-12c9ace9fefc,completed,2023-03-06 20:43:42.066461,,
75ad17b6-b0b4-4427-a344-fd20d59f13d4,completed,2023-03-06 20:43:42.066461,,
81ea48f1-1f01-4959-a785-4cf746c02312,completed,2023-03-06 20:43:42.066461,,
409d1501-5f61-47a1-ae26-dc0c805cd155,completed,2023-03-06 20:43:42.066461,,
cbb170da-9e5a-4a93-9358-67938a0f536e,completed,2023-03-06 20:43:42.066461,,
0cb591eb-36ed-4859-a297-c7a2e23ea8e9,completed,2023-03-06 20:43:42.066461,,
72e6caad-b43e-4cb3-99cc-18bc6401e109,completed,2023-03-06 20:43:42.066461,,
9919d0ca-e265-4352-9939-d5014d7fdfd8,completed,2023-03-06 20:43:42.066461,,
c71400dc-c27d-4f75-b851-df804374ead0,completed,2023-03-06 20:43:42.066461,,
8a3284e5-9743-4799-b382-a4fd7efc2370,completed,2023-03-06 20:43:42.066461,,
309764b1-b384-4305-bdbc-111dffdb3324,completed,2023-03-06 20:43:42.066461,,
3f6dcbd8-3351-4d60-9702-0be287fff93f,completed,2023-03-06 20:43:42.066461,,
8b53fd6a-00bb-4af1-885c-bedc1d7ed958,completed,2023-03-06 20:43:42.066461,,
2751256a-06fd-44ae-add6-9841674b885e,completed,2023-03-06 20:43:42.066461,,
247b0470-434d-4b9c-902c-3bb9321313ae,completed,2023-03-06 20:43:42.066461,,
0fbcaaa9-f974-48a3-8326-031d8fa5c684,completed,2023-03-06 20:43:42.066461,,
f5288933-8fab-44e6-92e2-7dcd3cd6b6c6,completed,2023-03-06 20:43:42.066461,,
cd418029-8e4c-4848-9130-bfcc3fa64bbd,completed,2023-03-06 20:43:42.066461,,
7b8674d0-1648-40f4-816c-53bca92fec80,completed,2023-03-06 20:43:42.066461,,
ebaba98a-950a-408f-8e74-fd8e274c59e8,completed,2023-03-06 20:43:42.066461,,
93b1153b-62ab-4b3e-b117-7b8c3f5a3bc4,completed,2023-03-06 20:43:42.066461,,
7efeffef-bf9b-4f92-a802-6c1a690b4a68,completed,2023-03-06 20:43:42.066461,,
1fdc1a15-768c-4096-89c4-c2a215eeb48e,completed,2023-03-06 20:43:42.066461,,
8cf8a89e-f78c-4a6d-8200-cb54ba4bdd54,completed,2023-03-06 20:43:42.066461,,
4cff1c8d-d665-4c58-8560-8c15d742f2d1,completed,2023-03-06 20:43:42.066461,,
0ee4c116-d474-46a3-8313-62514f6495a5,completed,2023-03-06 20:43:42.066461,,
65975725-9326-4a42-857a-8fceb9a1fe99,completed,2023-03-06 20:43:42.066461,,
26f0ae2a-9b04-4c99-acca-e50c71f21d82,completed,2023-03-06 20:43:42.066461,,
839084a6-fdb2-4d16-baac-65525a96ae74,completed,2023-03-06 20:43:42.066461,,
f331a9e0-00fa-4531-a86c-1b081cf9f2f6,completed,2023-03-06 20:43:42.066461,,
9505f090-07e4-43f4-bf7a-8cf582ab5800,completed,2023-03-06 20:43:42.066461,,
95d02c59-27a7-47cb-9295-8a22816725e4,completed,2023-03-06 20:43:42.066461,,
5f117152-1c62-4037-a792-ac333202149b,completed,2023-03-06 20:43:42.066461,,
d5238da2-6d19-4830-8b84-d4c8cd3ba779,completed,2023-03-06 20:43:42.066461,,
2ccb92f1-4cee-4dae-b979-615bc8305eed,completed,2023-03-06 20:43:42.066461,,
cc7d95bb-2d8d-4ebd-8bd8-8db6f0e117d3,completed,2023-03-06 20:43:42.066461,,
2dc91c91-70d7-4535-9344-762b04c638f9,completed,2023-03-06 20:43:42.066461,,
4a7883b7-9dc1-49db-a3e0-27bd372ed9f5,completed,2023-03-06 20:43:42.066461,,
9345f63d-5710-4456-94de-76ed5fe48b52,completed,2023-03-06 20:43:42.066461,,
7a3b6185-4b7f-4033-b234-37596862a5a2,completed,2023-03-06 20:43:42.066461,,
97eec19b-d90f-4c78-a72d-069c5f66b8e7,completed,2023-03-06 20:43:42.066461,,
98c6fed9-ffe5-4800-9d64-cef20faad8bf,completed,2023-03-06 20:43:42.066461,,
61cd980b-9c24-434a-89b9-0948f71bb230,completed,2023-03-06 20:43:42.066461,,
b61d2372-df17-4736-9bf8-5bd2b817f881,completed,2023-03-06 20:43:42.066461,,
926fb689-f353-4411-afea-6ef77b731a05,completed,2023-03-06 20:43:42.066461,,
fc481113-bfa4-4290-a7c8-a41066df8b41,completed,2023-03-06 20:43:42.066461,,
0471dd10-6af2-4122-aade-bba04c9cf30c,completed,2023-03-06 20:43:42.066461,,
3e559ec6-bd71-439a-846b-f86e52e2a478,completed,2023-03-06 20:43:42.066461,,
a4298d40-56c1-4b63-be6a-c9e12c285086,completed,2023-03-06 20:43:42.066461,,
0131949e-f46a-4752-9309-a3acbeb58583,completed,2023-03-06 20:43:42.066461,,
854abda9-0e0c-4df2-b85e-3ac7c659b2a2,completed,2023-03-06 20:43:42.066461,,
bf16eb46-5f33-4acd-90b9-bdc09347b375,completed,2023-03-06 20:43:42.066461,,
5fb729cf-ad55-4497-aa29-92ca87c2ec5d,completed,2023-03-06 20:43:42.066461,,
b8ba91e9-26fe-44a1-884a-77b69f11a0c2,completed,2023-03-06 20:43:42.066461,,
374e306e-1272-4862-87fd-707e7215b735,completed,2023-03-06 20:43:42.066461,,
431f6f49-b3a6-4024-b0fe-1534662ae5af,completed,2023-03-06 20:43:42.066461,,
df9b1bdf-4d60-49f0-8788-85df7c1bf1b4,completed,2023-03-06 20:43:42.066461,,
6df6182e-09ce-4d21-ae64-baee7b461c0b,completed,2023-03-06 20:43:42.066461,,
3e963793-59b9-4035-936a-edc8de1a1d8e,completed,2023-03-06 20:43:42.066461,,
8d4c26b3-c757-4ecd-8b34-9ab2ad48dcef,completed,2023-03-06 20:43:42.066461,,
14cd5efb-ca82-4cac-8d31-112c85720823,completed,2023-03-06 20:43:42.066461,,
3ea136d9-aef5-416c-99b9-ab013ec2cff6,completed,2023-03-06 20:43:42.066461,,
6acd9b49-ca98-4dd7-988b-e769dd591f6d,completed,2023-03-06 20:43:42.066461,,
8ccf40c4-77f7-4768-b371-42fea43c26f6,completed,2023-03-06 20:43:42.066461,,
a5ec5a39-ce6a-4194-9804-fe5a8cd29abf,completed,2023-03-06 20:43:42.066461,,
4c1fb601-4947-487e-81e4-0558da340ee7,completed,2023-03-06 20:43:42.066461,,
ec43cbf2-eb23-47f9-84f6-26de0a15c375,completed,2023-03-06 20:43:42.066461,,
369687e0-0842-4e8d-8c51-89f1a3c3679c,completed,2023-03-06 20:43:42.066461,,
e28cf6ec-93f5-48d9-a2b0-56ee75ca2a65,completed,2023-03-06 20:43:42.066461,,
4c3be84b-b37e-4273-8a4d-fe74a3cc29ce,completed,2023-03-06 20:43:42.066461,,
6947b394-9c9b-43df-9e3b-9977ff97f020,completed,2023-03-06 20:43:42.066461,,
906c83ea-5543-41c3-9bb3-219f73028f48,completed,2023-03-06 20:43:42.066461,,
d83f95c5-9adf-4070-b13f-f912cbd0464c,completed,2023-03-06 20:43:42.066461,,
0f2d3c9e-c6e3-478b-8cd1-405848994015,completed,2023-03-06 20:43:42.066461,,
385588cf-6e86-4946-bb2f-fa5eb3ea9cf2,completed,2023-03-06 20:43:42.066461,,
63f9f3ad-ef7d-4f54-981a-7299087d8e9c,completed,2023-03-06 20:43:42.066461,,
d85ed8ad-95ca-4cc7-a20c-97db794c33ce,completed,2023-03-06 20:43:42.066461,,
c37956d3-5517-4dc7-9d75-cd495f1171f8,completed,2023-03-06 20:43:42.066461,,
4bcb878f-0b8b-49be-81f3-a8386c99281f,completed,2023-03-06 20:43:42.066461,,
4dd0aac6-6b32-4acb-95f2-9f2095387a4e,completed,2023-03-06 20:43:42.066461,,
ff7741b0-7066-4f78-bbc6-f0f67a3faef3,completed,2023-03-06 20:43:42.066461,,
d67966b3-5051-45be-8dd5-48f599552731,completed,2023-03-06 20:43:42.066461,,
b7d59f25-2de8-4b38-b8d7-4e0d76edf2a1,completed,2023-03-06 20:43:42.066461,,
d49b4029-e2bc-422e-a8b5-1d131c4e7154,completed,2023-03-06 20:43:42.066461,,
eb50fb80-89c5-4faf-a429-0053d06a464d,completed,2023-03-06 20:43:42.066461,,
9f417640-791e-4751-abab-37a272cc8337,completed,2023-03-06 20:43:42.066461,,
afd1cafc-c889-4495-8b02-f08ad7d01374,completed,2023-03-06 20:43:42.066461,,
934261e5-c653-4496-bd45-ac0c5077250f,completed,2023-03-06 20:43:42.066461,,
32082f0b-c01f-4e9c-8865-a5a8f3ed635c,completed,2023-03-06 20:43:42.066461,,
320bfe43-89d7-4690-a339-42d983f907cc,completed,2023-03-06 20:43:42.066461,,
51311572-4637-4b30-af8a-892b427c0c92,completed,2023-03-06 20:43:42.066461,,
470129c7-273b-4847-9dd9-59a1ee22856f,completed,2023-03-06 20:43:42.066461,,
1e5106a6-0092-4169-9d2a-18fb7a0cb0fd,completed,2023-03-06 20:43:42.066461,,
5bec6bbd-290f-4595-9cb0-be5a89f2f0a6,completed,2023-03-06 20:43:42.066461,,
a4fa15f5-3ac1-4aa4-aad8-5e5abafc7bb2,completed,2023-03-06 20:43:42.066461,,
0e960c0f-223d-4e15-a4d6-2b51babd76a5,completed,2023-03-06 20:43:42.066461,,
02271f09-7343-424b-b15f-ec584f35b2da,completed,2023-03-06 20:43:42.066461,,
9093b0e4-f42f-46a8-bb6a-5471f432b889,completed,2023-03-06 20:43:42.066461,,
8667fdbf-f3ab-47b5-bdc0-a1d8c968b091,completed,2023-03-06 20:43:42.066461,,
9a513247-69e9-415b-b40d-228d4f73cd41,completed,2023-03-06 20:43:42.066461,,
5acb7e51-209f-4b75-aa61-b4d6adc7ebf7,completed,2023-03-06 20:43:42.066461,,
d696b0f0-5298-4ac2-abb3-bf7894fb1523,completed,2023-03-06 20:43:42.066461,,
765838be-8a38-43c3-a067-369c75730016,completed,2023-03-06 20:43:42.066461,,
feb673b0-e041-4780-b92f-ae66954b6c58,completed,2023-03-06 20:43:42.066461,,
ad8c4839-1745-4c33-b8a7-7e7bf9516a7d,completed,2023-03-06 20:43:42.066461,,
80da4dbb-1718-400b-8859-265200925b59,completed,2023-03-06 20:43:42.066461,,
3fcf67c5-7d37-42dc-a61b-390c68f6be18,completed,2023-03-06 20:43:42.066461,,
89c29563-a62f-4d22-9c23-67695ca96578,completed,2023-03-06 20:43:42.066461,,
aeb603b7-dd09-4a39-98e7-b6c5031b18c5,completed,2023-03-06 20:43:42.066461,,
32ec35b3-017a-4360-aa3a-0ce7f6d0d50f,completed,2023-03-06 20:43:42.066461,,
744d9f47-c1f9-4ab2-b10c-7accc3d0dfee,completed,2023-03-06 20:43:42.066461,,
77f17327-6a61-41f2-b334-32e5dd637951,completed,2023-03-06 20:43:42.066461,,
3c7fcc86-d613-4628-ae70-a4465c3b6f84,completed,2023-03-06 20:43:42.066461,,
f0716b09-4384-498c-8d0d-e3af534828df,completed,2023-03-06 20:43:42.066461,,
535ff42c-7ccb-4a31-b338-5d7a4f1211a1,completed,2023-03-06 20:43:42.066461,,
0ec1090c-cfba-4dd6-945b-6f7a468760d2,completed,2023-03-06 20:43:42.066461,,
c76156b9-09a8-47d7-b09e-6b7a44fdaccf,completed,2023-03-06 20:43:42.066461,,
093277a0-bd0c-4be7-986f-50b0bb74e6d3,completed,2023-03-06 20:43:42.066461,,
ab916ec8-de98-41f9-87e3-463cad584b46,completed,2023-03-06 20:43:42.066461,,
a29899b2-4f49-4868-a9b1-a0a69e53684d,completed,2023-03-06 20:43:42.066461,,
63e7d495-4fda-418f-92e0-398e9b929a52,completed,2023-03-06 20:43:42.066461,,
f24d1b4e-fba5-4253-a4f4-c76b32b34152,completed,2023-03-06 20:43:42.066461,,
8f5dda0a-e506-42d4-a881-57609d0a5ba5,completed,2023-03-06 20:43:42.066461,,
73a80aba-669f-4a5a-a7bd-8205a89023dc,completed,2023-03-06 20:43:42.066461,,
da8d65c2-4045-4b53-8d09-222fe95b8918,completed,2023-03-06 20:43:42.066461,,
96881457-941d-49e5-af72-1a668044ec75,completed,2023-03-06 20:43:42.066461,,
892d653d-bf66-480a-a954-f68fdf06d094,completed,2023-03-06 20:43:42.066461,,
0e8655fb-1052-4bc7-a4fa-c029e2b90f19,completed,2023-03-06 20:43:42.066461,,
792c47d2-5819-4764-8794-6c8c69c42f6b,completed,2023-03-06 20:43:42.066461,,
e8829d5e-9bd3-4064-911e-3bfb55a8ad49,completed,2023-03-06 20:43:42.066461,,
46959699-fa58-4a05-943d-cd03bf2ce2b2,completed,2023-03-06 20:43:42.066461,,
6560e99b-03eb-48c0-82b3-5cf4ce48e552,completed,2023-03-06 20:43:42.066461,,
10c992fa-0991-48a8-a302-be087afa1a5e,completed,2023-03-06 20:43:42.066461,,
469b5b63-2caa-46bb-965d-0b5aacd9ab42,completed,2023-03-06 20:43:42.066461,,
6b569591-5c2b-480d-94e0-896716a18715,completed,2023-03-06 20:43:42.066461,,
ed1990c9-fe51-4bc4-aff8-a46214bb6426,completed,2023-03-06 20:43:42.066461,,
7c6bd874-b990-4855-bad8-7f0cdbd97bfb,completed,2023-03-06 20:43:42.066461,,
78f14568-aeaf-4f10-9587-f79019dc461f,completed,2023-03-06 20:43:42.066461,,
ef1c0d96-e8fc-4eb5-9d38-f3b3844c0d00,completed,2023-03-06 20:43:42.066461,,
13dc4afe-b93c-49c5-9e89-a1bd8c9a53bb,completed,2023-03-06 20:43:42.066461,,
f022ad09-786f-4f6d-adf3-e4c3771c6440,completed,2023-03-06 20:43:42.066461,,
c210de6a-3756-41ed-98d4-ce91a6ba6859,completed,2023-03-06 20:43:42.066461,,
3e212379-6d51-4fa0-b546-bd7963fae769,completed,2023-03-06 20:43:42.066461,,
142363a9-6b8a-437f-bd35-888ad1d67087,completed,2023-03-06 20:43:42.066461,,
d465d95b-6d8b-4c18-93e8-6cce57656e55,completed,2023-03-06 20:43:42.066461,,
c4b7158c-19c4-43fc-87b1-b21c5840d1bf,completed,2023-03-06 20:43:42.066461,,
b051657b-05c3-4948-aa40-cd3906252be9,completed,2023-03-06 20:43:42.066461,,
9f48a1bc-d7e5-4b7e-8ebe-70cf01d4975f,completed,2023-03-06 20:43:42.066461,,
927dcd8e-7d16-4e72-b2df-6cb52b9611ae,completed,2023-03-06 20:43:42.066461,,
50353972-4569-4129-b2b1-9558f43feade,completed,2023-03-06 20:43:42.066461,,
e6496640-d2db-4fda-8692-13e80c0d208d,completed,2023-03-06 20:43:42.066461,,
6b83655c-7daf-49af-9ab7-b4bc0e04ed57,completed,2023-03-06 20:43:42.066461,,
89984826-b988-4a43-8dac-2f3bf2cf7e4b,completed,2023-03-06 20:43:42.066461,,
6efa814a-8c60-455d-a8dd-6ff7b308b040,completed,2023-03-06 20:43:42.066461,,
2d1a37ff-4799-4572-8fa6-e1975e6403e1,completed,2023-03-06 20:43:42.066461,,
e15a7cd0-cd19-4f93-a6bb-db50f0a0b7d6,completed,2023-03-06 20:43:42.066461,,
7ab71287-4895-4fda-b938-9f489cf684bf,completed,2023-03-06 20:43:42.066461,,
e31d0034-0113-4a61-837a-8b89723f86cc,completed,2023-03-06 20:43:42.066461,,
cdb3e923-67f4-4070-9696-9ddce777ccb3,completed,2023-03-06 20:43:42.066461,,
9723fdab-9819-400b-81c9-74d9ca591462,completed,2023-03-06 20:43:42.066461,,
b90c14b8-921e-4335-af09-09370187e5ef,completed,2023-03-06 20:43:42.066461,,
1c25b6fc-4853-48a0-bf96-94583af124d5,completed,2023-03-06 20:43:42.066461,,
00f15751-7813-4167-b3e3-15831d716696,completed,2023-03-06 20:43:42.066461,,
87c19fd0-668d-47bf-bd8d-b2bb8187759e,completed,2023-03-06 20:43:42.066461,,
ec2c1ffe-3856-47cd-9e41-937998cae881,completed,2023-03-06 20:43:42.066461,,
601d40b3-e98b-44f5-ab74-f9929c61ab8f,completed,2023-03-06 20:43:42.066461,,
e4a375b4-538a-4100-a352-51334c701dd9,completed,2023-03-06 20:43:42.066461,,
f201b67c-2567-4e39-a2a5-a427f20bb487,completed,2023-03-06 20:43:42.066461,,
b96a5834-d5db-43b6-a8c3-50c8200a7971,completed,2023-03-06 20:43:42.066461,,
f613e1f9-344d-484b-a9eb-b375f23ea2e5,completed,2023-03-06 20:43:42.066461,,
89818050-cb84-446c-b418-8cea16465904,completed,2023-03-06 20:43:42.066461,,
bf36d874-a007-4675-87d4-5e5df200b7dc,completed,2023-03-06 20:43:42.066461,,
2021de55-cec1-4325-b918-7bfc99d6723f,completed,2023-03-06 20:43:42.066461,,
c0cb5841-86f5-4f99-8f97-08703c8f0e8a,completed,2023-03-06 20:43:42.066461,,
7a4313cb-e23b-4cd1-8544-0fdaea843d8b,completed,2023-03-06 20:43:42.066461,,
e871024a-5d95-4f10-9de3-06a2644beb1d,completed,2023-03-06 20:43:42.066461,,
e2482505-17ac-42f9-a85b-17df5f259e89,completed,2023-03-06 20:43:42.066461,,
525c3292-b67a-4373-8bc7-c221567490e1,completed,2023-03-06 20:43:42.066461,,
428e0852-74b2-457b-bee2-4459d191b7d2,completed,2023-03-06 20:43:42.066461,,
78730818-03b3-4d1c-8427-65d47e9d9190,completed,2023-03-06 20:43:42.066461,,
43a44c84-9678-4fa7-8776-93f434b8f1af,completed,2023-03-06 20:43:42.066461,,
6d5a9e5a-82c2-4d78-a2ba-59e9ad9c1820,completed,2023-03-06 20:43:42.066461,,
4bbc93b9-c3ce-4fb6-9c61-7ade1a6fbe14,completed,2023-03-06 20:43:42.066461,,
e17bfa0d-739a-4a4d-ac9e-7015d1e02822,completed,2023-03-06 20:43:42.066461,,
6a3f122e-4987-49f7-a799-7d28d59f18b8,completed,2023-03-06 20:43:42.066461,,
564d470b-af57-4ef3-8062-241cefd6eca1,completed,2023-03-06 20:43:42.066461,,
41bb476f-0d15-4918-b466-846e3857d3f5,completed,2023-03-06 20:43:42.066461,,
2f31a8cb-11fa-4e76-9110-578c11d5e9d5,completed,2023-03-06 20:43:42.066461,,
aee82dd3-ad64-4577-bee3-2c1ddcdcfa56,completed,2023-03-06 20:43:42.066461,,
f84afa2c-1e27-4ce4-9e36-87f2243e4eed,completed,2023-03-06 20:43:42.066461,,
940116cc-3091-4667-823b-efd180c908b2,completed,2023-03-06 20:43:42.066461,,
a36168cc-a0e9-4afc-b500-8df8c9f0bea5,completed,2023-03-06 20:43:42.066461,,
c0059381-e422-4ab0-b37e-c764c95b88b3,completed,2023-03-06 20:43:42.066461,,
2480c757-1bec-4f04-961b-59e08bd5ad00,completed,2023-03-06 20:43:42.066461,,
0243877f-d33e-47f7-915b-73d7d20f5483,completed,2023-03-06 20:43:42.066461,,
1ae370e8-5b0b-432b-965e-fe6be33e6537,completed,2023-03-06 20:43:42.066461,,
b45a5ea3-8cfd-465f-bbef-a43c830daede,completed,2023-03-06 20:43:42.066461,,
f9f7094d-9843-4a61-bd0a-c8111a11a387,completed,2023-03-06 20:43:42.066461,,
d0584a71-e9d1-4d3e-9755-7bb3e98ecf51,completed,2023-03-06 20:43:42.066461,,
2165b7d5-55a4-4fad-a953-118568dbd6dd,completed,2023-03-06 20:43:42.066461,,
87d77c7e-4a5a-457b-8873-50ec7792dd2f,completed,2023-03-06 20:43:42.066461,,
adaa4af8-5488-4f9e-8d24-cfe7903f696d,completed,2023-03-06 20:43:42.066461,,
9f6414b9-7911-4e71-ac9b-dc022389a0a5,completed,2023-03-06 20:43:42.066461,,
cf455218-a549-4985-b1ab-cf5981b946b6,completed,2023-03-06 20:43:42.066461,,
a49c0138-01d3-4158-9f40-4f4b861accaf,completed,2023-03-06 20:43:42.066461,,
a30838f9-4f53-4015-b719-c60fb85a5d33,completed,2023-03-06 20:43:42.066461,,
73791576-b8c4-43ef-9918-77ddc01f5ebb,completed,2023-03-06 20:43:42.066461,,
2daaf23d-db88-425b-927b-fc99ca2111f1,completed,2023-03-06 20:43:42.066461,,
59dab582-f44e-4a2f-9c31-d274cfa7f350,completed,2023-03-06 20:43:42.066461,,
6cb5e2f3-35f9-436d-9738-6faeda9db4aa,completed,2023-03-06 20:43:42.066461,,
cf20b980-88ad-412d-b2aa-12d70427d164,completed,2023-03-06 20:43:42.066461,,
07d346bb-40dd-4e19-8d91-4c779ea92a79,completed,2023-03-06 20:43:42.066461,,
bf3dfc37-5831-4863-baa8-21f84e28bcd9,completed,2023-03-06 20:43:42.066461,,
b4b520cf-926d-4037-b500-c4c37712d9eb,completed,2023-03-06 20:43:42.066461,,
9435cb66-4c99-4709-b7ac-c0256364d7b7,completed,2023-03-06 20:43:42.066461,,
065ec6ae-9218-4529-a2fb-10f17e1daf52,completed,2023-03-06 20:43:42.066461,,
5c3b1c8d-183e-4130-be38-df997bf64bc8,completed,2023-03-06 20:43:42.066461,,
a0882d2f-5396-46c1-b240-be84fca81597,failed,2023-03-06 20:43:42.066461,,
f1ff4232-b856-4457-8f55-e8b2411ea14a,completed,2023-03-06 20:43:42.066461,,
9c6c1af7-72c1-4f63-a0c0-139efac103c6,completed,2023-03-06 20:43:42.066461,,
a6fe6b1c-e8ba-4a6f-b69d-2acec8936feb,completed,2023-03-06 20:43:42.066461,,
1b4d5d4e-77d8-4d1f-9586-87ce24d9741e,completed,2023-03-06 20:43:42.066461,,
9d170569-e544-456f-ade0-2c883af294bd,completed,2023-03-06 20:43:42.066461,,
b9444637-dfa6-4c8f-9c5e-f093cb2a85c6,completed,2023-03-06 20:43:42.066461,,
bbcbad7e-585a-4416-8415-e9d4bea7d8a0,completed,2023-03-06 20:43:42.066461,,
22398b89-7297-4021-b27e-d16b6a986e9f,completed,2023-03-06 20:43:42.066461,,
cc52bc18-0db8-43d5-a30e-e3a25d7206d1,failed,2023-03-06 20:43:42.066461,,
1b2e75c3-898b-4b25-a7e0-34a89b1a6d5c,completed,2023-03-06 20:43:42.066461,,
bbd7836b-fea6-47c6-b3a5-97b5a870a7c3,completed,2023-03-06 20:43:42.066461,,
75ca1b34-6bbf-4a69-a1f3-3740d0c85513,completed,2023-03-06 20:43:42.066461,,
7be0e781-91ff-4d94-9a14-b0803d4902c4,completed,2023-03-06 20:43:42.066461,,
4e7e2a81-b506-4f8b-bc1c-c3a3420d1ac4,completed,2023-03-06 20:43:42.066461,,
1960ac84-55bb-40b2-94bc-27d7bba5db71,completed,2023-03-06 20:43:42.066461,,
687711a1-735e-45f1-93cf-04e2162c2deb,completed,2023-03-06 20:43:42.066461,,
ffac60dc-fd51-4a76-a774-32df78279bf2,completed,2023-03-06 20:43:42.066461,,
9078963e-81f7-444a-b390-d5ca52b47ce6,completed,2023-03-06 20:43:42.066461,,
c520d558-5dd7-4b20-b25c-ea1740ea9d44,completed,2023-03-06 20:43:42.066461,,
dd89e554-3616-47bf-aea9-b16c827f7d9f,completed,2023-03-06 20:43:42.066461,,
1adaa341-e111-4e2d-b3ef-69b1e2ed57e7,completed,2023-03-06 20:43:42.066461,,
b20dbd86-8f54-4b69-81e5-ad109b0210a4,completed,2023-03-06 20:43:42.066461,,
7fde95c8-136d-4c9f-9df1-457fe9ce22ba,completed,2023-03-06 20:43:42.066461,,
7582a394-aa58-461c-a85b-9e9d46a560bd,completed,2023-03-06 20:43:42.066461,,
00aac472-e1db-42e5-ae09-90d754d32a86,completed,2023-03-06 20:43:42.066461,,
2a1b6cda-eef4-47d3-818e-925b66288835,completed,2023-03-06 20:43:42.066461,,
3a4398b7-c8ee-4834-af62-99480c8e69d9,completed,2023-03-06 20:43:42.066461,,
7822b2c0-2749-4dce-96ba-d9e5c1c06d50,completed,2023-03-06 20:43:42.066461,,
c2ebdd49-b2b2-4891-a6f1-9b8673e0d61b,completed,2023-03-06 20:43:42.066461,,
e4ef1324-8b8c-490c-84c5-b59b244635ad,completed,2023-03-06 20:43:42.066461,,
b97d6dc1-e742-43d4-97b9-af3c499f59d3,completed,2023-03-06 20:43:42.066461,,
fd165a91-ec75-45d7-b819-555e2610315e,completed,2023-03-06 20:43:42.066461,,
8462ba01-10f9-444d-80cd-ee0307cd901a,completed,2023-03-06 20:43:42.066461,,
465abad4-d0ce-413d-a505-336ec0baf27d,completed,2023-03-06 20:43:42.066461,,
a0a43a35-ef3d-4e9b-8f29-e2d89e30a290,completed,2023-03-06 20:43:42.066461,,
4d695ef0-9257-4ac6-b834-5b6ecbca6c61,completed,2023-03-06 20:43:42.066461,,
51902f4b-f601-4cf1-a700-78ddcc2f5d58,completed,2023-03-06 20:43:42.066461,,
52954f51-2027-4d9e-b741-359c9eaf5f0f,completed,2023-03-06 20:43:42.066461,,
10a210b8-3025-4210-a4c9-cf17dcc813e3,completed,2023-03-06 20:43:42.066461,,
b0a1434b-e55a-4376-9624-8e4c0667899b,completed,2023-03-06 20:43:42.066461,,
18b99e5a-920b-4ae4-8992-e61fbfbe1a87,completed,2023-03-06 20:43:42.066461,,
3489cc61-e2f2-4f70-8b5f-93766c1eca6f,completed,2023-03-06 20:43:42.066461,,
dcd78959-0b07-4069-b76f-b0714ce13c6c,completed,2023-03-06 20:43:42.066461,,
81b95abf-c59d-459b-868b-ad9b64ffa5f7,completed,2023-03-06 20:43:42.066461,,
2ba40ac2-3b14-490e-a3b7-fb27e1ee038d,completed,2023-03-06 20:43:42.066461,,
5c31aadf-6ea2-4e3b-a872-053c6b527f63,completed,2023-03-06 20:43:42.066461,,
0c0992a9-3557-431a-ac5d-2861a715e7a0,completed,2023-03-06 20:43:42.066461,,
bba54f1e-a3ef-400d-8f25-0cb30e6da356,completed,2023-03-06 20:43:42.066461,,
4339b252-3b65-44e2-8a7f-9bddd7660a7f,completed,2023-03-06 20:43:42.066461,,
2b18b02f-13c7-43fb-8874-4509e2aca37c,completed,2023-03-06 20:43:42.066461,,
9b9204f3-025f-4b0e-8a87-cf33f463490d,completed,2023-03-06 20:43:42.066461,,
f3c28118-0ddf-47b1-ba83-e9ff829d6875,completed,2023-03-06 20:43:42.066461,,
a7de5dec-f711-40f9-a59d-1040bc6d1d6c,completed,2023-03-06 20:43:42.066461,,
9024f18e-0539-412b-92c8-6597bc92a8e5,completed,2023-03-06 20:43:42.066461,,
8084eee4-170b-495a-9618-6c9c57b8ef47,completed,2023-03-06 20:43:42.066461,,
3d297a09-9d13-4adf-8c40-0055ffeacaa2,completed,2023-03-06 20:43:42.066461,,
2f594d31-def2-4305-8129-681167659e7a,completed,2023-03-06 20:43:42.066461,,
51d16a35-9571-4156-a3fc-8c5b9a3b2739,completed,2023-03-06 20:43:42.066461,,
4e2ebe56-f52e-46e6-a129-06e852eb5058,completed,2023-03-06 20:43:42.066461,,
52e74480-c274-442d-be97-31495d733a96,completed,2023-03-06 20:43:42.066461,,
94d39818-8179-4d19-8dee-5176e1c02ce2,completed,2023-03-06 20:43:42.066461,,
576921da-6281-4199-90e5-b660fc869f62,completed,2023-03-06 20:43:42.066461,,
009f9111-39c9-4521-accd-5a34da8ee27c,completed,2023-03-06 20:43:42.066461,,
dc517f37-ca41-40d9-b00f-3120b5a37bfe,completed,2023-03-06 20:43:42.066461,,
dd87811e-3f71-4825-8d2b-861dee7c90b2,completed,2023-03-06 20:43:42.066461,,
7ab9902d-303d-4e48-8b4f-70966a83e681,completed,2023-03-06 20:43:42.066461,,
1a9b691d-9a00-4f01-8d1e-a8f7687873fc,completed,2023-03-06 20:43:42.066461,,
961aaa5c-ae88-48e8-8b12-f58f81d24cfc,completed,2023-03-06 20:43:42.066461,,
604d8bfa-99da-4a65-afd1-3c36a047a8dd,completed,2023-03-06 20:43:42.066461,,
7d678e52-e4aa-46e4-82b1-568d4daacebd,completed,2023-03-06 20:43:42.066461,,
9e628ba2-e874-463f-afad-bdb573f353f3,completed,2023-03-06 20:43:42.066461,,
32b0dc97-3b3a-4b64-b017-a30b33c43be8,completed,2023-03-06 20:43:42.066461,,
17775ea5-7a74-40b7-a5e9-54dbf74177f1,completed,2023-03-06 20:43:42.066461,,
b8fc7777-7534-41dc-b612-4679722a8e57,completed,2023-03-06 20:43:42.066461,,
09f4cdd1-ef3d-4a4f-a953-b7be9e6b53e6,completed,2023-03-06 20:43:42.066461,,
b617c938-d983-4a2a-98e2-9a63910c2b71,completed,2023-03-06 20:43:42.066461,,
dcf52ab2-4872-4cd8-9df7-50f28611fb95,completed,2023-03-06 20:43:42.066461,,
0410f000-13df-49a1-91da-729fd00b7f3d,completed,2023-03-06 20:43:42.066461,,
c5f54a1e-5747-4f71-9936-b8a82ab709fc,completed,2023-03-06 20:43:42.066461,,
6dbb0289-6e28-46bb-ae6e-0f6b4823cd30,completed,2023-03-06 20:43:42.066461,,
3a664f04-4d21-4d20-85b5-ab17176d7b40,completed,2023-03-06 20:43:42.066461,,
dc5a40f2-976b-4adb-847d-ffdc8a773e2f,completed,2023-03-06 20:43:42.066461,,
257ea5f3-5358-49a3-b51e-3ac0b1e2f69a,completed,2023-03-06 20:43:42.066461,,
d67feb64-0122-4507-9b5a-23f20d47cc45,completed,2023-03-06 20:43:42.066461,,
0ea329e2-2d67-4c4b-9eeb-20957f90ba43,completed,2023-03-06 20:43:42.066461,,
79e35ae5-2739-4067-aae3-7535879c14d9,completed,2023-03-06 20:43:42.066461,,
90aa093a-8bdb-473d-8e0f-685399a419b9,completed,2023-03-06 20:43:42.066461,,
100411c6-6c26-4ff9-a402-dbbf12760e41,completed,2023-03-06 20:43:42.066461,,
42db247e-edcd-4426-91ec-cf328c2089b3,completed,2023-03-06 20:43:42.066461,,
d88b3685-ad62-4da9-be63-feae0422190f,completed,2023-03-06 20:43:42.066461,,
fbd4ca79-1d44-4392-b676-4ab19c5f51ab,completed,2023-03-06 20:43:42.066461,,
59507794-ea95-4938-845d-6f91cee3954a,completed,2023-03-06 20:43:42.066461,,
3189b198-8725-4020-b6f5-9bbfea00d770,completed,2023-03-06 20:43:42.066461,,
8bce4551-637e-43d1-9461-94330c008671,completed,2023-03-06 20:43:42.066461,,
080829bb-719c-4947-823f-fd46b9a17604,completed,2023-03-06 20:43:42.066461,,
0d69c539-e215-4c24-bc0e-1df5c6ee27cb,completed,2023-03-06 20:43:42.066461,,
3078d107-d567-46e4-aff6-457999022bd4,completed,2023-03-06 20:43:42.066461,,
5b09d4c7-5961-48dc-a4ca-b8fe4f2177a3,completed,2023-03-06 20:43:42.066461,,
8d008553-218d-4034-8f3f-010b630a3d32,completed,2023-03-06 20:43:42.066461,,
ad35b63a-14f0-46fc-acd0-870f2dd521ed,completed,2023-03-06 20:43:42.066461,,
cd9e9968-a126-4a0b-847f-8a313b640870,completed,2023-03-06 20:43:42.066461,,
150e6dda-83bf-4e23-9394-93f59e922d63,completed,2023-03-06 20:43:42.066461,,
9febc603-6a24-4a58-9937-77d1148fac52,completed,2023-03-06 20:43:42.066461,,
2ea2bdde-38f7-4111-908a-fbb1b25552e1,completed,2023-03-06 20:43:42.066461,,
fd4047ec-e98e-46b1-9703-8bde99ba303a,completed,2023-03-06 20:43:42.066461,,
e1446c31-b0b1-4f86-b25e-b90189b8689a,completed,2023-03-06 20:43:42.066461,,
f0063228-8290-412d-8af5-a9cc9b4544e8,completed,2023-03-06 20:43:42.066461,,
f81c93a2-3e27-47ae-8509-f6eec14dfaf6,completed,2023-03-06 20:43:42.066461,,
a9e96a56-33b2-4ec4-9abd-f0935cf64c79,completed,2023-03-06 20:43:42.066461,,
1026ee67-80f6-4586-b7f5-ce062d76e48b,completed,2023-03-06 20:43:42.066461,,
2f62ee6b-6e26-4016-9499-02e8ecad23f6,completed,2023-03-06 20:43:42.066461,,
b4bb9067-04d4-4a1c-aa26-0d66e3000482,completed,2023-03-06 20:43:42.066461,,
2257b4ca-de15-405b-b850-563726855be9,completed,2023-03-06 20:43:42.066461,,
39d3f8cf-5dc4-4625-b81c-4803451cd869,completed,2023-03-06 20:43:42.066461,,
da119d37-fb32-4aea-918d-99b18309b543,completed,2023-03-06 20:43:42.066461,,
2968e645-3359-4517-81a7-3042146184ff,completed,2023-03-06 20:43:42.066461,,
b52bbf93-9341-44b3-9ac3-28644e264093,completed,2023-03-06 20:43:42.066461,,
0f06b284-317c-4e3e-bd9e-d8a50d4dd849,completed,2023-03-06 20:43:42.066461,,
54b74eb1-9015-4073-9956-f9eff0088180,completed,2023-03-06 20:43:42.066461,,
8434bb13-d817-45cf-a0f9-2abae30696d5,completed,2023-03-06 20:43:42.066461,,
ad588ba1-2bea-45bb-bafa-0c038b2aaa7d,completed,2023-03-06 20:43:42.066461,,
7a080b8c-6834-4b69-9d12-245f5fc32bb8,completed,2023-03-06 20:43:42.066461,,
ab150793-9a8e-4061-aab5-d70dbcf18ce3,completed,2023-03-06 20:43:42.066461,,
13590bff-4e78-46ea-994e-de16f950027b,completed,2023-03-06 20:43:42.066461,,
551bb04d-7f16-4b63-871e-a2d68f05405f,completed,2023-03-06 20:43:42.066461,,
41f1bd15-9e94-40d8-b7fc-a381ad6213bc,completed,2023-03-06 20:43:42.066461,,
1817ad48-a01f-4cce-8af9-79180c5de453,completed,2023-03-06 20:43:42.066461,,
d5e7950c-f607-44d3-b27a-e727be52cc6c,completed,2023-03-06 20:43:42.066461,,
77ec28fe-f878-4117-84f8-7134ffd9e529,completed,2023-03-06 20:43:42.066461,,
0f862e29-c822-4b86-960f-1c374fa85477,completed,2023-03-06 20:43:42.066461,,
ed01dfa0-ae41-4430-909b-b077cc588c33,completed,2023-03-06 20:43:42.066461,,
ca36b260-5096-49d7-93ca-bb770caf1b2e,completed,2023-03-06 20:43:42.066461,,
32f7e488-0f19-48e9-9468-84fd53b65828,completed,2023-03-06 20:43:42.066461,,
f3ff367c-5c1b-4ef4-bf6c-148c591bf004,completed,2023-03-06 20:43:42.066461,,
70d9ebaa-35f8-4552-9726-7e98b0ad464f,completed,2023-03-06 20:43:42.066461,,
b0fe69be-78d3-4d27-bcd2-1a4a1ddf74b1,completed,2023-03-06 20:43:42.066461,,
46aceb6d-0b2c-4925-99dd-69f00d4a4a84,completed,2023-03-06 20:43:42.066461,,
760799a0-c3ad-4077-82b3-66a1d5ec7172,completed,2023-03-06 20:43:42.066461,,
d7bbed2a-4774-4d28-9c78-4bbd42499fa7,completed,2023-03-06 20:43:42.066461,,
1d8095a0-213c-493d-8ac1-5c885110f453,completed,2023-03-06 20:43:42.066461,,
378bc168-9a30-4514-9999-242425bc3308,completed,2023-03-06 20:43:42.066461,,
e9729ea4-9fda-4888-be27-d0eb7c3c0f25,completed,2023-03-06 20:43:42.066461,,
b3d3cd02-ee41-4e42-8f76-6661b93ca7e5,completed,2023-03-06 20:43:42.066461,,
166b7bba-365f-4a0e-91d7-88aaf70d2934,completed,2023-03-06 20:43:42.066461,,
3e4d0393-ee98-4661-bdb6-087a026c9c63,failed,2023-03-06 20:43:42.066461,,
f05f2b00-25d9-4e69-bf8f-fa7f170e2315,completed,2023-03-06 20:43:42.066461,,
cc3f56d5-9351-4e30-82f3-171ff55de726,completed,2023-03-06 20:43:42.066461,,
f4823190-875e-485d-a93b-e1051d7cd55a,completed,2023-03-06 20:43:42.066461,,
77b8861e-12f0-4595-a4ac-0ae5b6fdce48,completed,2023-03-06 20:43:42.066461,,
209d4cb4-4175-4496-87d9-5f2d7cc753c9,completed,2023-03-06 20:43:42.066461,,
af68e193-7e16-4bb4-ab56-8779e7bf7b85,completed,2023-03-06 20:43:42.066461,,
d43992cc-0730-40a7-8590-44fbc200112a,completed,2023-03-06 20:43:42.066461,,
e751ffcc-255e-47ac-b792-d8b082d03b41,completed,2023-03-06 20:43:42.066461,,
b47fc056-71db-4bd5-9fee-6d8e76b056d8,completed,2023-03-06 20:43:42.066461,,
e9a741b1-ee40-44c7-bb36-d889d2e83763,completed,2023-03-06 20:43:42.066461,,
babb98f4-0c98-4e2b-ae34-b77574dc2863,completed,2023-03-06 20:43:42.066461,,
79a49663-3a44-4127-921a-3ed011476d65,completed,2023-03-06 20:43:42.066461,,
33eb0db2-4349-413d-8300-869bda6849e5,completed,2023-03-06 20:43:42.066461,,
bc25a13d-28d9-4edb-adb5-7935606c1b07,completed,2023-03-06 20:43:42.066461,,
a871bad1-1888-4b7c-bb0f-8be7903d6fb2,completed,2023-03-06 20:43:42.066461,,
f7e02306-be41-4207-a49a-b3810e7b7df6,completed,2023-03-06 20:43:42.066461,,
35ae1711-bc24-4964-b215-c8f501f16e32,completed,2023-03-06 20:43:42.066461,,
01261e17-fc15-48a7-8b0c-838fab3fc354,completed,2023-03-06 20:43:42.066461,,
81a85164-a507-48d0-b0a6-4a40fac61fbc,completed,2023-03-06 20:43:42.066461,,
969290ec-82a0-428e-b07e-c94691266be1,completed,2023-03-06 20:43:42.066461,,
de8fe524-b2f7-4cbc-8cd3-9c5ab47fa21d,completed,2023-03-06 20:43:42.066461,,
12cde072-55b7-4974-9083-cefb9f275ff3,completed,2023-03-06 20:43:42.066461,,
5929f7de-66f9-4aaf-be62-d2e0b0ff7ea1,completed,2023-03-06 20:43:42.066461,,
e5170a2c-5dff-4c53-8053-fdc480a87e8d,completed,2023-03-06 20:43:42.066461,,
177aa068-65b8-4f8a-b6ea-34522858fdbb,completed,2023-03-06 20:43:42.066461,,
485292a3-84be-4729-b271-e0c7dda766de,completed,2023-03-06 20:43:42.066461,,
b22708df-80f6-441e-be23-c431eb22157f,completed,2023-03-06 20:43:42.066461,,
b3226e02-e1bc-4f6b-92b7-f431ce123a29,completed,2023-03-06 20:43:42.066461,,
b9551709-61e4-4d95-ae66-47738ac6e92c,completed,2023-03-06 20:43:42.066461,,
5dc4298e-3e13-4e25-83c0-7e968dbec838,completed,2023-03-06 20:43:42.066461,,
defadfa2-99f0-40e7-93d9-9e8a23059c5f,completed,2023-03-06 20:43:42.066461,,
e0576de1-eb52-40f4-83b6-8e91e85e60a8,completed,2023-03-06 20:43:42.066461,,
7df6b4a9-d9ec-483f-a85a-b0d1a169a0c0,completed,2023-03-06 20:43:42.066461,,
d91d9724-3ae4-4aac-ad20-4d7927618d61,completed,2023-03-06 20:43:42.066461,,
5ba2512e-b247-4414-b95b-3f14bfb3270f,completed,2023-03-06 20:43:42.066461,,
6bac73cf-6fa4-436e-bccf-ae9bda36f8e1,completed,2023-03-06 20:43:42.066461,,
6b366b22-a2bf-4b2c-8e51-dc276ecb5a6a,completed,2023-03-06 20:43:42.066461,,
6ea4768b-dfe8-42f8-a717-89bf6ff66174,completed,2023-03-06 20:43:42.066461,,
14e2222c-b47a-4ddc-aa0c-f29a947ef97f,completed,2023-03-06 20:43:42.066461,,
83d617e2-75f3-4a23-8cd1-917492cf59a9,completed,2023-03-06 20:43:42.066461,,
1c3b3f93-bc45-4e53-b110-aad6554164fd,completed,2023-03-06 20:43:42.066461,,
18610ebd-e679-42ce-9fb5-d66b336a6fe1,completed,2023-03-06 20:43:42.066461,,
d2aa80b3-0129-4801-8a22-1bdbfddd47a9,completed,2023-03-06 20:43:42.066461,,
b1ab5d83-eaae-45c8-aa08-58c701e9b9c5,completed,2023-03-06 20:43:42.066461,,
ab042ae3-9db9-49f2-8249-1714faf96e76,completed,2023-03-06 20:43:42.066461,,
53867195-2153-48e5-8cac-d6ca5ed483a1,completed,2023-03-06 20:43:42.066461,,
77b312a3-626a-49c2-87e4-172548d24de0,completed,2023-03-06 20:43:42.066461,,
16ab16c1-35b3-4cc6-9854-673f0f1d3a17,completed,2023-03-06 20:43:42.066461,,
2323a8dd-0132-4446-a29c-9b81cafff95c,completed,2023-03-06 20:43:42.066461,,
d1e74d04-61a9-43b0-94b0-89718ea70345,completed,2023-03-06 20:43:42.066461,,
a7b9b2d6-9d25-4ffe-94ac-e8e9e04d7a2a,completed,2023-03-06 20:43:42.066461,,
9e6f5a6d-2258-49a1-9407-5231d0b6c6b5,completed,2023-03-06 20:43:42.066461,,
ed22dfff-156e-41cd-825d-e1070dcfe08d,completed,2023-03-06 20:43:42.066461,,
77794229-ef01-4143-a0fe-ee2f0e6c236e,completed,2023-03-06 20:43:42.066461,,
cf4c4a12-03f1-4048-a506-bf7ce35ec08a,completed,2023-03-06 20:43:42.066461,,
dba25f03-3fbe-458f-b1a6-a67bb782374b,completed,2023-03-06 20:43:42.066461,,
68f51a9e-18f4-4656-b259-4e3b7eb48d25,completed,2023-03-06 20:43:42.066461,,
9fb4af78-cbac-4453-8931-5aeabb7413a3,completed,2023-03-06 20:43:42.066461,,
4c031c95-bd7a-40bc-8df5-9074e4d11a87,completed,2023-03-06 20:43:42.066461,,
f99d13df-7954-49b9-8136-313007f7ed02,completed,2023-03-06 20:43:42.066461,,
90aeaea2-f533-4c59-98bc-4857889bb77e,completed,2023-03-06 20:43:42.066461,,
3dfde52a-4e26-43cd-920f-5aae64a1b7a3,completed,2023-03-06 20:43:42.066461,,
ca86b159-5eac-4b43-b718-7d252ee53aa4,completed,2023-03-06 20:43:42.066461,,
2ea47d49-bf37-4884-8ab8-f3e6325fdd35,completed,2023-03-06 20:43:42.066461,,
db23f0cf-fbf5-4780-bf11-d5597c5365ea,completed,2023-03-06 20:43:42.066461,,
a5ab8b6b-bb98-4627-b3a7-2076d0e5e06d,completed,2023-03-06 20:43:42.066461,,
e671ad65-eb27-4906-9e83-81268e627f08,completed,2023-03-06 20:43:42.066461,,
c25428c9-e1a5-4c8a-be98-67db4fdf7e5b,completed,2023-03-06 20:43:42.066461,,
2eb6dc25-b525-48e1-8cd4-9aeeb8e329ee,completed,2023-03-06 20:43:42.066461,,
4895d064-979a-478e-b63c-6e6796fc8e36,completed,2023-03-06 20:43:42.066461,,
e7ffbaf4-b882-4201-b34b-93a7b4571083,completed,2023-03-06 20:43:42.066461,,
7df05a36-0bbe-408f-a23b-c08ff083636b,completed,2023-03-06 20:43:42.066461,,
c6b5d1b3-d5e2-47d4-ac3b-098456f393fa,completed,2023-03-06 20:43:42.066461,,
4e5c65c5-cf5c-4184-be7f-7476b86e83c0,completed,2023-03-06 20:43:42.066461,,
ded42f7f-1417-47fd-92e3-f2effa04c90f,completed,2023-03-06 20:43:42.066461,,
782dfbe7-1c69-48b8-9fed-3064b29f55fe,completed,2023-03-06 20:43:42.066461,,
e3594b40-f54c-49b8-b61b-029a4f11fd79,completed,2023-03-06 20:43:42.066461,,
20ada70b-785f-4f24-986d-1cdd708a914b,completed,2023-03-06 20:43:42.066461,,
9086afd0-86f4-4a6c-876a-ef3a1f9963c3,completed,2023-03-06 20:43:42.066461,,
6cf0c4fd-debc-465f-90d3-7ba0ede9c5ea,completed,2023-03-06 20:43:42.066461,,
4b3e54ea-43fe-4592-b3de-c4a68d2f7596,completed,2023-03-06 20:43:42.066461,,
6d169964-e76b-4154-ad4f-5275c327eeb9,completed,2023-03-06 20:43:42.066461,,
191c2dc8-d944-4197-be50-542ea5d1f4d7,completed,2023-03-06 20:43:42.066461,,
99a1ef76-3b83-4b6e-8e31-f4cd935ec9ff,completed,2023-03-06 20:43:42.066461,,
b5ccbfc8-bc51-4865-9c88-b72f89599a45,completed,2023-03-06 20:43:42.066461,,
1800eced-9bfa-451c-9625-3bcf0b492e7d,completed,2023-03-06 20:43:42.066461,,
9cdc0433-5946-462a-8048-99b0e9c7a702,completed,2023-03-06 20:43:42.066461,,
c00fe8eb-bf76-402e-9920-c767cdd37707,completed,2023-03-06 20:43:42.066461,,
40b8d772-8d71-4d33-9199-75fdbc599427,completed,2023-03-06 20:43:42.066461,,
baff30b0-3d36-4d81-a3e9-5e647a21a8ca,completed,2023-03-06 20:43:42.066461,,
d57ae87b-db4b-43c7-97c4-8f84b70810c6,completed,2023-03-06 20:43:42.066461,,
3b589ae1-9301-4c2c-9b14-7865d07bedf7,completed,2023-03-06 20:43:42.066461,,
5db840e5-a3d0-4513-957e-ad69dd54e0ba,completed,2023-03-06 20:43:42.066461,,
e89f853b-7700-47ef-a16b-9464eaa6b823,completed,2023-03-06 20:43:42.066461,,
7a410820-1895-4357-97a9-c1ccc2abceb5,completed,2023-03-06 20:43:42.066461,,
53ec70ea-291c-4f76-8f68-f1385ad52a56,completed,2023-03-06 20:43:42.066461,,
26641151-0f57-4bff-835d-94ca116412ef,completed,2023-03-06 20:43:42.066461,,
5c5db764-8a8a-4225-be5a-94cc364c971b,completed,2023-03-06 20:43:42.066461,,
bcac3df5-848e-4c5a-9110-e8c8942ac924,completed,2023-03-06 20:43:42.066461,,
f7acb01a-f9dc-4937-9db3-cdda334eb616,completed,2023-03-06 20:43:42.066461,,
90fa9499-4a05-43f7-8ec3-af7f939877af,completed,2023-03-06 20:43:42.066461,,
6c65df03-8ea8-4089-9dc6-dd4b176f4271,completed,2023-03-06 20:43:42.066461,,
9fc89560-fa3f-40b9-abaf-0a56747c41f2,completed,2023-03-06 20:43:42.066461,,
a72a1de0-1afe-49b0-b611-001743e6d3d8,completed,2023-03-06 20:43:42.066461,,
595e7ba5-b665-4bf1-b57f-92022f20f97c,completed,2023-03-06 20:43:42.066461,,
b8c06574-cedd-4bcd-ba58-9c69c4fbc907,completed,2023-03-06 20:43:42.066461,,
7153ee78-50e4-4912-8256-ef66aa78011f,completed,2023-03-06 20:43:42.066461,,
08e3cd08-7ee7-41e4-a960-d377568e9618,completed,2023-03-06 20:43:42.066461,,
adf3ae76-eb05-4aa2-86eb-81d6b3ae39ff,completed,2023-03-06 20:43:42.066461,,
c5b6638c-8dbb-47ce-81ad-d9d0ce3b6403,completed,2023-03-06 20:43:42.066461,,
d561ac81-572e-493c-9bf2-9c23656abf04,completed,2023-03-06 20:43:42.066461,,
daa073aa-6eb6-4ef1-b933-97f3b005cf5c,completed,2023-03-06 20:43:42.066461,,
2f804806-4c8a-4aa4-a851-7bd66a779ddf,completed,2023-03-06 20:43:42.066461,,
c771ad8c-bd3c-4b29-8f59-b65f218dbb01,completed,2023-03-06 20:43:42.066461,,
d0ab5a85-4111-4a96-be08-3e0518c7892c,completed,2023-03-06 20:43:42.066461,,
33ee6de3-e25b-40c2-9bef-d91fd3b7320b,completed,2023-03-06 20:43:42.066461,,
47fe73e7-c14a-4234-a235-a2a8ff8d9120,completed,2023-03-06 20:43:42.066461,,
5526fa7f-4407-417b-8ec1-0bf26090b737,completed,2023-03-06 20:43:42.066461,,
d565002e-233d-4393-88bb-6039f8e31d7e,completed,2023-03-06 20:43:42.066461,,
d103228c-164d-400d-9e5c-43ba79ecdfed,completed,2023-03-06 20:43:42.066461,,
8420c49c-4dd6-4bd1-afe1-ee416707ff16,completed,2023-03-06 20:43:42.066461,,
6067cfbf-aee8-4f20-8682-fb2dc1299440,completed,2023-03-06 20:43:42.066461,,
74823329-ce1f-4f7c-aa9e-9a48743a170d,completed,2023-03-06 20:43:42.066461,,
2ca7ca79-b80f-4032-8919-ceae38981246,completed,2023-03-06 20:43:42.066461,,
36b33481-f507-4c02-96a3-c2316efbfd10,completed,2023-03-06 20:43:42.066461,,
999cc927-164c-4ea1-a602-82e7b491e0fb,completed,2023-03-06 20:43:42.066461,,
7fd1ecee-1299-4f1a-986d-fb17737eeda4,completed,2023-03-06 20:43:42.066461,,
88675830-9fc7-425a-a7e9-2cbcca11318d,completed,2023-03-06 20:43:42.066461,,
e79c8e36-f50e-42fa-816d-546c438fbbe5,completed,2023-03-06 20:43:42.066461,,
ccd4c635-e668-4866-9e54-2ee89eceacd8,completed,2023-03-06 20:43:42.066461,,
e0931369-daeb-4425-a1fe-4aea8d8a07b6,completed,2023-03-06 20:43:42.066461,,
4ff29394-4229-4164-be47-a6a62b9c2d40,completed,2023-03-06 20:43:42.066461,,
5282e841-0a62-427e-ac7c-7dd31061b64b,completed,2023-03-06 20:43:42.066461,,
1c87316a-f2a4-4f64-b122-3ba69c64005c,completed,2023-03-06 20:43:42.066461,,
3d72db54-7f28-44d6-9e23-6af8bf354194,completed,2023-03-06 20:43:42.066461,,
8d5ba59c-4587-44ab-ad4f-40d2c274ee0f,completed,2023-03-06 20:43:42.066461,,
bfd6931d-bee2-45ab-a2f2-135009d40831,completed,2023-03-06 20:43:42.066461,,
6371a20e-cc38-48ac-bbb4-e7281054487b,completed,2023-03-06 20:43:42.066461,,
144c641b-6d09-4f1f-a311-a563dd2ec489,completed,2023-03-06 20:43:42.066461,,
5d0c166a-dc84-47fa-be89-523770fb60bf,completed,2023-03-06 20:43:42.066461,,
15c658b0-21ac-44c3-8ea4-700e11c02874,completed,2023-03-06 20:43:42.066461,,
cec04a64-9b56-4480-8ad2-32902eb67aef,completed,2023-03-06 20:43:42.066461,,
10ea3b69-9bec-4ce9-ae23-8e771d51e997,completed,2023-03-06 20:43:42.066461,,
fdbb391f-cda9-4297-a1ed-b52d977f819d,completed,2023-03-06 20:43:42.066461,,
d73ca7a6-c1e2-451c-b5df-fb55f964ff5d,completed,2023-03-06 20:43:42.066461,,
6c358e20-36d2-4dfb-889e-c669cb1b3183,completed,2023-03-06 20:43:42.066461,,
a28556e2-c801-485a-b07d-e049d0e07a0d,completed,2023-03-06 20:43:42.066461,,
c5ef4fe6-4de0-42da-8a16-1a6ea273add0,completed,2023-03-06 20:43:42.066461,,
2e5353d5-2505-4fc0-9a27-fab637dd1377,completed,2023-03-06 20:43:42.066461,,
76c527d7-18ea-4728-b75a-f9a5af044f25,completed,2023-03-06 20:43:42.066461,,
81de3f65-199c-4ce9-883e-274179eeaa1d,completed,2023-03-06 20:43:42.066461,,
330a24fc-0812-4de6-8cb0-6aa6f8f47062,completed,2023-03-06 20:43:42.066461,,
540c4a0c-832a-4d06-9122-d0b429f8fc87,completed,2023-03-06 20:43:42.066461,,
8d740b7d-b9e1-4fb0-a0d6-7530a0fabdaa,completed,2023-03-06 20:43:42.066461,,
b22331f3-1a00-48f9-9ae4-cdccd48eabd5,completed,2023-03-06 20:43:42.066461,,
979d38dc-a8fe-4236-88a3-7a9c20b35fe1,completed,2023-03-06 20:43:42.066461,,
ed5780ac-972c-4fe9-9a4a-2ebe772bc387,completed,2023-03-06 20:43:42.066461,,
dfd79557-07bf-4486-b9ca-5d75ffadbecd,completed,2023-03-06 20:43:42.066461,,
c1ddcc64-c0a5-403f-9d39-b8ca026ed731,completed,2023-03-06 20:43:42.066461,,
6ba08947-3df4-4576-aa3c-e58279a7994c,completed,2023-03-06 20:43:42.066461,,
1e5dddec-1cd0-4080-8707-0d52f6c9c92c,completed,2023-03-06 20:43:42.066461,,
9a0f1869-9734-453e-956a-387535c40abe,completed,2023-03-06 20:43:42.066461,,
7d7a9627-daa8-4343-b361-941ee7fcd2a5,completed,2023-03-06 20:43:42.066461,,
55b962b8-4a5f-446f-a441-e782ac08c9da,completed,2023-03-06 20:43:42.066461,,
2f6ecdf0-ec62-448f-a1bd-cf58fe650ee2,completed,2023-03-06 20:43:42.066461,,
acb7dd67-c620-4c10-b69b-4d547a5d1903,completed,2023-03-06 20:43:42.066461,,
934a51da-0e1b-4af9-a685-dd2b3617b79b,completed,2023-03-06 20:43:42.066461,,
1c045492-6ce9-472e-88d8-41d0d4460a56,completed,2023-03-06 20:43:42.066461,,
06fa9334-e66b-4d05-93c9-d5da94eccfc6,completed,2023-03-06 20:43:42.066461,,
42e6abdb-7079-44e3-a1a1-556bfe36e8a7,completed,2023-03-06 20:43:42.066461,,
9e8efcb2-eecd-44e6-b97f-c485817bbbec,completed,2023-03-06 20:43:42.066461,,
2ad1cac2-a935-4559-8227-6d8cde7295d4,completed,2023-03-06 20:43:42.066461,,
b282c89e-01d5-4599-8720-2b73fd58dfcf,completed,2023-03-06 20:43:42.066461,,
02a8c6f1-3c2b-4300-8070-c1d7b5728111,completed,2023-03-06 20:43:42.066461,,
062c07c4-af3f-475c-813d-d6abb91ec0c9,completed,2023-03-06 20:43:42.066461,,
0b16e822-eaa6-461d-9572-6aefbc8870de,completed,2023-03-06 20:43:42.066461,,
1242c71d-396f-4b1f-83f0-328c1cd21e85,completed,2023-03-06 20:43:42.066461,,
bd7f1224-3276-4cfe-a99a-8498fe138795,completed,2023-03-06 20:43:42.066461,,
ee8953a9-a36f-49a3-bd47-f76a76bc19fc,completed,2023-03-06 20:43:42.066461,,
0f9481a6-2c6c-4861-8ab5-b9630b0f1f99,completed,2023-03-06 20:43:42.066461,,
3ec89b8b-8b0a-4a65-9ccf-812f91f4ec06,completed,2023-03-06 20:43:42.066461,,
1828a762-fc73-48ed-a764-d3c7d2a6b9a4,completed,2023-03-06 20:43:42.066461,,
1e70d5c5-cd75-4e03-8f5a-4c6686d4a977,completed,2023-03-06 20:43:42.066461,,
53642c86-dcc4-4f98-8766-504cd70d8528,completed,2023-03-06 20:43:42.066461,,
f845d8b3-e3bf-4949-b767-d9220f4be403,completed,2023-03-06 20:43:42.066461,,
adf970b1-376b-442f-88da-22e85a671f3d,completed,2023-03-06 20:43:42.066461,,
c8ed6fc5-26dd-478f-93c0-551f9a5f71f9,completed,2023-03-06 20:43:42.066461,,
bfdf7f46-f143-440b-accd-6241ed81fc13,completed,2023-03-06 20:43:42.066461,,
5252e39b-b536-4228-bb1a-6de4814ade38,completed,2023-03-06 20:43:42.066461,,
2ac6ae33-3aa2-4ad3-8695-30c5300022ef,completed,2023-03-06 20:43:42.066461,,
9c274b8f-da38-4af6-90f8-693b3189c82b,completed,2023-03-06 20:43:42.066461,,
9d5ef321-a01e-47f8-b525-a37ab6ff32df,completed,2023-03-06 20:43:42.066461,,
019e469a-5f17-415f-84b6-35b9c7f8e558,completed,2023-03-06 20:43:42.066461,,
46981364-0a6c-4106-b499-fd650af920bd,completed,2023-03-06 20:43:42.066461,,
094f57b9-cbe0-48e4-a690-8f433371106f,completed,2023-03-06 20:43:42.066461,,
6d1daca5-61f4-45ef-888b-d477231cfc43,completed,2023-03-06 20:43:42.066461,,
e3c43baa-20b6-43a7-8f36-eab85f6074ac,completed,2023-03-06 20:43:42.066461,,
0dd8b940-6b35-4ed5-a981-ce05e0734b4f,completed,2023-03-06 20:43:42.066461,,
57f645ab-88fb-439d-ad41-874d30cd61e6,completed,2023-03-06 20:43:42.066461,,
4adf84a4-5eeb-4e5e-be4c-ff597f127eec,completed,2023-03-06 20:43:42.066461,,
c958c9b4-f647-4501-aaa4-6db3325aa8d3,completed,2023-03-06 20:43:42.066461,,
6b03c825-6ef8-4dd0-8dfe-10ae99785dd6,completed,2023-03-06 20:43:42.066461,,
5fa4b343-61be-4b3d-902f-3352ffb50e0b,completed,2023-03-06 20:43:42.066461,,
4ee2bf68-3caa-4357-beff-2fd38bc77c3f,completed,2023-03-06 20:43:42.066461,,
7e5b9b08-79b9-41c9-996b-b8a9e037397b,completed,2023-03-06 20:43:42.066461,,
835fbb7a-b0c4-4473-9c53-9b1244e42ee4,completed,2023-03-06 20:43:42.066461,,
aa1736d2-28cb-4c26-82cc-e5659c6b987f,completed,2023-03-06 20:43:42.066461,,
8318108f-1e1a-4a33-a7f5-1d925d8e9e16,completed,2023-03-06 20:43:42.066461,,
91d462b6-8a40-41a5-a879-ff6fce58ca2d,completed,2023-03-06 20:43:42.066461,,
3fa033ed-a854-4a16-98d2-5a332cfbea3d,completed,2023-03-06 20:43:42.066461,,
eab41dc3-9936-4d93-8408-02b8225e200c,completed,2023-03-06 20:43:42.066461,,
ed9a1f5d-b8c3-419c-89cc-e20f81ce6c13,completed,2023-03-06 20:43:42.066461,,
f102a1ac-1a17-4591-b165-02729a126dea,completed,2023-03-06 20:43:42.066461,,
7a831185-4f98-411b-92e7-6e8c65306a7e,completed,2023-03-06 20:43:42.066461,,
ec2dd3ba-af55-49c2-9c2c-bd8fa969a531,completed,2023-03-06 20:43:42.066461,,
75c8f1b8-c70b-48c3-b7f5-3b01efb53d8d,completed,2023-03-06 20:43:42.066461,,
f31752ae-c8fd-4e83-95b3-2c427bccbcb1,completed,2023-03-06 20:43:42.066461,,
2a73219f-da31-4690-977c-a8cf6e300986,completed,2023-03-06 20:43:42.066461,,
099c4761-7c32-424c-a2f2-c2081b1e3be7,completed,2023-03-06 20:43:42.066461,,
75600401-2ae8-4b34-b7b6-ccd0eb0d7186,completed,2023-03-06 20:43:42.066461,,
3bda0622-dc16-4530-bb09-499945efd88b,completed,2023-03-06 20:43:42.066461,,
46bae8eb-9672-405f-847d-e7e78c8d1b79,completed,2023-03-06 20:43:42.066461,,
e59e164c-b817-4819-9ba5-3bc1ac69a2ce,completed,2023-03-06 20:43:42.066461,,
c7eeb8ad-d80b-469f-9467-31feb4197e51,completed,2023-03-06 20:43:42.066461,,
bb39aa13-569e-4628-b73d-7903df92b90c,completed,2023-03-06 20:43:42.066461,,
9cc6421d-f24d-40ec-bec5-6bc062b67d00,completed,2023-03-06 20:43:42.066461,,
e194601b-ad2b-4aec-a3a7-7f13bbd742e2,completed,2023-03-06 20:43:42.066461,,
0eef086b-73a0-4446-84c0-d666aaae7b21,completed,2023-03-06 20:43:42.066461,,
b382106f-8589-4dc9-920a-a6e6c25bae6d,completed,2023-03-06 20:43:42.066461,,
8d73e185-5595-4630-84a4-432cb616138b,completed,2023-03-06 20:43:42.066461,,
ce89b989-a4e5-4681-a9db-9f50b24fcb62,completed,2023-03-06 20:43:42.066461,,
bb7c2561-e66e-4793-bfd8-9a9488de7144,completed,2023-03-06 20:43:42.066461,,
d9cbfdf1-8b69-45af-b55e-baa53dcf4ee1,completed,2023-03-06 20:43:42.066461,,
451b09b0-d619-4c61-b440-6e7d07d225ef,completed,2023-03-06 20:43:42.066461,,
b3b47488-bb56-47e7-9312-eaa2499ecc3b,completed,2023-03-06 20:43:42.066461,,
b4d0a919-73a7-407c-9c4a-466851aed55a,completed,2023-03-06 20:43:42.066461,,
ae3e5437-3eca-4a39-b4f6-d884407023db,completed,2023-03-06 20:43:42.066461,,
23a9a5ee-56bc-4d5d-9a75-06921c682feb,completed,2023-03-06 20:43:42.066461,,
b5279d42-dd29-49a3-ace5-fbac967919d0,completed,2023-03-06 20:43:42.066461,,
30e77349-8fb2-47a0-8e2d-33861dfc48b5,completed,2023-03-06 20:43:42.066461,,
f2699a11-0806-449d-8011-375727216283,completed,2023-03-06 20:43:42.066461,,
3319b2f1-a5a5-4d0b-a25b-0b5828b2ef80,completed,2023-03-06 20:43:42.066461,,
2a6476d7-9e2a-4749-b6d0-9160a8895904,completed,2023-03-06 20:43:42.066461,,
d6398190-ac72-4341-aba0-15f525834816,completed,2023-03-06 20:43:42.066461,,
790bb0d7-d159-4e8f-bd1d-2677faf6c6f2,completed,2023-03-06 20:43:42.066461,,
a709d1ce-c906-4652-b997-89215d6a6c05,completed,2023-03-06 20:43:42.066461,,
f676e28d-0290-460d-9005-cbd2933760b4,completed,2023-03-06 20:43:42.066461,,
6b48a842-920f-4654-880d-72b9b3d24e8a,completed,2023-03-06 20:43:42.066461,,
24606895-99f8-4ac7-8871-faf55ce24f3f,completed,2023-03-06 20:43:42.066461,,
a970ecea-4b4f-43b5-a9e8-bac00d0c6a11,completed,2023-03-06 20:43:42.066461,,
e4b5e03d-a0fc-47c1-9ec8-8a3b333d5582,completed,2023-03-06 20:43:42.066461,,
6a25674b-13c8-4dbb-96d0-3c2d53872a88,completed,2023-03-06 20:43:42.066461,,
f57b312d-18a1-45c9-8c83-8e491b1f3c3f,completed,2023-03-06 20:43:42.066461,,
031d8eaa-4be0-47a0-96a1-d6e6e96d021b,completed,2023-03-06 20:43:42.066461,,
b459a119-6298-4d4f-a2bc-dbc54b5eaec0,completed,2023-03-06 20:43:42.066461,,
ef095169-432e-4933-9cf0-998f15383b89,completed,2023-03-06 20:43:42.066461,,
6be43b31-6a4f-43f8-bb89-757ff3620df4,completed,2023-03-06 20:43:42.066461,,
08bff827-8abe-438b-9195-f4396a6aebd0,completed,2023-03-06 20:43:42.066461,,
7b6a71d9-469a-4aa8-b616-f312a8d9fdd0,completed,2023-03-06 20:43:42.066461,,
6c935bee-9aa1-43cc-96b8-7961bc4a79c8,completed,2023-03-06 20:43:42.066461,,
384790b2-4515-452f-a358-46dbc9ae8499,completed,2023-03-06 20:43:42.066461,,
d582052c-d2ea-462c-a77c-d5dccd043c64,completed,2023-03-06 20:43:42.066461,,
7607ce86-ca41-4852-8120-01e750c76e50,completed,2023-03-06 20:43:42.066461,,
1df912d2-85ec-4924-8b8b-e7a2b4ce99ea,completed,2023-03-06 20:43:42.066461,,
e97def36-eea0-402e-a1e2-6b74c03d9091,completed,2023-03-06 20:43:42.066461,,
a1a50e83-519a-401c-a946-9925c868122b,completed,2023-03-06 20:43:42.066461,,
8e1802d8-2067-4643-b04c-b7590414216e,completed,2023-03-06 20:43:42.066461,,
32f32072-e74a-49dd-b145-e440294cf2fa,completed,2023-03-06 20:43:42.066461,,
2daa6208-3f83-431a-b10f-abb4b633f475,completed,2023-03-06 20:43:42.066461,,
28d49288-ad81-403c-9062-8dfe9ffe42db,completed,2023-03-06 20:43:42.066461,,
bb80c131-7f00-4278-869d-d88b022667ab,completed,2023-03-06 20:43:42.066461,,
296a97b0-4f31-446c-a114-9dfa7c6bb0bc,completed,2023-03-06 20:43:42.066461,,
0bc737eb-3179-448b-9c63-052b5bd6711f,completed,2023-03-06 20:43:42.066461,,
e6ac53b9-3ccd-4463-9e8a-dfc47f77c07d,completed,2023-03-06 20:43:42.066461,,
58541243-5037-4651-95c8-0abd0c13552a,completed,2023-03-06 20:43:42.066461,,
ab9f0b41-9409-45ca-83dc-029ad82e6479,completed,2023-03-06 20:43:42.066461,,
52e8d96c-4b1e-47dd-9bab-be091655bf15,completed,2023-03-06 20:43:42.066461,,
3005b769-fa7b-4cfb-ac68-7938ea548fd2,completed,2023-03-06 20:43:42.066461,,
29eed127-48ee-4555-9bea-d4273d229e6b,completed,2023-03-06 20:43:42.066461,,
cc0ad195-cb50-4b4d-8ac5-20609465556e,completed,2023-03-06 20:43:42.066461,,
307bba68-d68c-4b90-a075-7eac075ca089,completed,2023-03-06 20:43:42.066461,,
222aa884-6463-4986-8e15-3783dcf05fff,completed,2023-03-06 20:43:42.066461,,
81da99f1-38c8-4172-acdf-173aac067675,completed,2023-03-06 20:43:42.066461,,
369a4321-2c48-4fa8-a685-c480f957b8b2,completed,2023-03-06 20:43:42.066461,,
f33b7569-19a9-4226-b905-9e5b53fb65d5,completed,2023-03-06 20:43:42.066461,,
b304b7e5-0009-4a56-af4b-9680ec72073e,completed,2023-03-06 20:43:42.066461,,
1f32be69-c8e2-4d66-bb83-c6f0cd72ea4e,completed,2023-03-06 20:43:42.066461,,
1bc702ee-5575-47d7-a090-ca50e640a5da,completed,2023-03-06 20:43:42.066461,,
f1f88118-ff58-41f8-b16b-f6f6a8e72832,completed,2023-03-06 20:43:42.066461,,
a3dbd7f5-0de6-4f49-be63-23c24f0f2615,completed,2023-03-06 20:43:42.066461,,
dbbc3d73-c05a-4d0e-97a7-54f4debaefd5,completed,2023-03-06 20:43:42.066461,,
cb8b2f95-1fad-4a05-abd9-83d5d4f85580,completed,2023-03-06 20:43:42.066461,,
9b0bff40-de89-494f-8359-f4cde58e084b,completed,2023-03-06 20:43:42.066461,,
42e318be-186b-4819-b62d-760053cf2c39,completed,2023-03-06 20:43:42.066461,,
8204c33e-8665-4c8a-957c-74ac35fea2ca,completed,2023-03-06 20:43:42.066461,,
7d65a5e3-63f9-4cb0-a02f-8942f24508e9,completed,2023-03-06 20:43:42.066461,,
c07b7507-8f4c-4daf-9b64-6fe5933f54ce,completed,2023-03-06 20:43:42.066461,,
a4f38d0a-3fd4-4f4f-a633-14fbef0fa15b,completed,2023-03-06 20:43:42.066461,,
14595a58-a2d7-4ab1-bd70-a86824cf20b2,completed,2023-03-06 20:43:42.066461,,
49fd7a61-e599-4ce9-a6f4-424451527516,completed,2023-03-06 20:43:42.066461,,
2186a471-dec1-46f3-83f2-65529a756d93,completed,2023-03-06 20:43:42.066461,,
9942540f-1b9c-4446-a4d1-b36ab46c8b6b,completed,2023-03-06 20:43:42.066461,,
1ee86d7e-17c2-448f-a893-f82fbfab3b89,completed,2023-03-06 20:43:42.066461,,
362dccda-a2b3-49a1-b45b-9ca372c0702a,completed,2023-03-06 20:43:42.066461,,
f7f7e554-48a2-4ae5-8ade-0b1664b5f6df,completed,2023-03-06 20:43:42.066461,,
e6489510-f7de-41db-9852-8b94730e45bc,completed,2023-03-06 20:43:42.066461,,
f9b194e0-bf76-4b72-8e6d-fbf1dc000f4e,completed,2023-03-06 20:43:42.066461,,
184e009e-4354-455d-804e-76c987472bc4,completed,2023-03-06 20:43:42.066461,,
68480ed3-a997-4718-8306-393b489da010,completed,2023-03-06 20:43:42.066461,,
5522cbe1-1f22-487b-850d-8992f0d16316,completed,2023-03-06 20:43:42.066461,,
1463a213-ce91-415b-85a8-ef118ac105d1,completed,2023-03-06 20:43:42.066461,,
d143095c-5bc3-4358-9eba-9b76a18dff96,completed,2023-03-06 20:43:42.066461,,
af281d8e-440d-41f2-bdcb-5090056eb4a3,completed,2023-03-06 20:43:42.066461,,
cb02a958-a327-4def-8fe3-3076055ee2b8,completed,2023-03-06 20:43:42.066461,,
175ca944-4f85-4ab3-8440-bd36be099be0,completed,2023-03-06 20:43:42.066461,,
d7549919-0055-4587-a902-3e745761e632,completed,2023-03-06 20:43:42.066461,,
89829909-2ad5-4741-9c72-844bbd3aa0f3,completed,2023-03-06 20:43:42.066461,,
333f94b4-6fe8-4f1b-91ae-73ca43d549b2,completed,2023-03-06 20:43:42.066461,,
b899a14a-7ae0-4ca9-98ac-00c412788ca6,completed,2023-03-06 20:43:42.066461,,
7a913532-2e35-413f-9548-37d825242528,completed,2023-03-06 20:43:42.066461,,
318eca32-ef46-4e38-9cad-db890c9382b1,completed,2023-03-06 20:43:42.066461,,
a6e12edf-319a-4151-a680-452c90836554,completed,2023-03-06 20:43:42.066461,,
112e766a-9566-4c4d-904b-a4a67a29869e,completed,2023-03-06 20:43:42.066461,,
0b38c0c0-4b18-4b2b-87b2-ba13d5cbc32e,completed,2023-03-06 20:43:42.066461,,
0504fcb8-60a7-402c-8042-f177295aa4e3,completed,2023-03-06 20:43:42.066461,,
22ea8b34-5504-45a9-aaf6-ebccd8f365f5,completed,2023-03-06 20:43:42.066461,,
a5e15111-5ec2-4066-8c10-04233d1f54af,completed,2023-03-06 20:43:42.066461,,
9aff21d2-5c8e-411e-8dfb-ecc188efd323,completed,2023-03-06 20:43:42.066461,,
7986ba1d-f93b-4fc8-9941-4369be9c04f8,completed,2023-03-06 20:43:42.066461,,
009242fe-6752-427c-81a1-7702d474a1ab,completed,2023-03-06 20:43:42.066461,,
8898f774-3a1a-4cfb-aff4-49ed8a27c802,completed,2023-03-06 20:43:42.066461,,
e75e5ec8-642b-4c43-90fb-0c893684dc96,completed,2023-03-06 20:43:42.066461,,
ebed5a61-c428-4134-8217-2231a3776ee5,completed,2023-03-06 20:43:42.066461,,
ee24198f-97c0-4d46-8c71-469cee5a7708,completed,2023-03-06 20:43:42.066461,,
c0601622-d59a-4b6b-afe1-fc4b13aed698,completed,2023-03-06 20:43:42.066461,,
2d655125-61d3-40b0-8bd5-1d0bdd6b5d1e,completed,2023-03-06 20:43:42.066461,,
0ab5778c-4114-4aaf-a19a-c41c65d09346,completed,2023-03-06 20:43:42.066461,,
9453c5d9-d5f9-4f61-bc48-6ed966bbcc19,completed,2023-03-06 20:43:42.066461,,
3a921be6-02a5-4f0f-9b7e-47f8fb97c8cb,completed,2023-03-06 20:43:42.066461,,
02dda945-16d6-4eed-b46c-49e1e913311b,completed,2023-03-06 20:43:42.066461,,
c014462c-79a0-4487-a8e7-09cf24e60bee,completed,2023-03-06 20:43:42.066461,,
76fb6eef-e4df-456e-a53f-16e295d2c09e,completed,2023-03-06 20:43:42.066461,,
3faa933b-28c6-4c51-b67a-5494aea1222e,completed,2023-03-06 20:43:42.066461,,
11b06311-8c9d-4acd-a28b-b930b27b5a29,completed,2023-03-06 20:43:42.066461,,
78ebec81-03ea-4c17-a060-2d5d0261093f,completed,2023-03-06 20:43:42.066461,,
6e275d9e-8872-4f37-9b54-293b114286bf,completed,2023-03-06 20:43:42.066461,,
7b637c14-b29b-49bd-909e-9907fd6026cc,completed,2023-03-06 20:43:42.066461,,
3adf6d4f-b041-4b0b-ac6d-2a92b1d07187,completed,2023-03-06 20:43:42.066461,,
589163d7-7131-4575-bb63-31794cd06d41,completed,2023-03-06 20:43:42.066461,,
67fe8be3-1d40-48cc-9b62-463441e9341a,completed,2023-03-06 20:43:42.066461,,
7b1d8d4f-3846-4e18-a09c-bf1a1000c9c6,completed,2023-03-06 20:43:42.066461,,
73eb029a-f087-4c7d-9bf4-d0a74dc3d3ab,completed,2023-03-06 20:43:42.066461,,
b8a3e3c5-3485-4778-819d-6348d372ed43,completed,2023-03-06 20:43:42.066461,,
4e15bf1e-6205-45ce-855e-5367cf146cf3,completed,2023-03-06 20:43:42.066461,,
b3b18066-80cf-4c60-9d16-d918698d90c9,completed,2023-03-06 20:43:42.066461,,
c5687d0d-ae9c-43ee-a870-128ecd88978c,completed,2023-03-06 20:43:42.066461,,
0cec0ad0-da06-4db6-9564-dd77903b459d,completed,2023-03-06 20:43:42.066461,,
c79693de-fbff-4091-996b-724cc4ad87c3,completed,2023-03-06 20:43:42.066461,,
b011a072-c1ed-4cdb-8c84-16d7d1577c7a,completed,2023-03-06 20:43:42.066461,,
630185fb-4f97-4ebd-b0d9-3b7a56ef07f6,completed,2023-03-06 20:43:42.066461,,
85901432-4075-4575-80d2-8468a6af6263,completed,2023-03-06 20:43:42.066461,,
1fabc9c8-382e-485c-a95b-034d2078cd5e,completed,2023-03-06 20:43:42.066461,,
a646bb6b-9e08-4197-aa55-744dd9318a57,completed,2023-03-06 20:43:42.066461,,
9e999680-308e-413e-801f-005ec1545594,completed,2023-03-06 20:43:42.066461,,
f9cb9df6-1bb3-43ed-84ff-5b905eb6acb3,completed,2023-03-06 20:43:42.066461,,
5d6ac9fc-c6fe-4565-bc8b-bdf25260504d,completed,2023-03-06 20:43:42.066461,,
6860e4bf-a64c-4f68-9430-99657f925e73,completed,2023-03-06 20:43:42.066461,,
5d258215-ce66-4e44-8738-76a5d48561aa,completed,2023-03-06 20:43:42.066461,,
38d07235-56d8-4148-8910-f6075dec4ea7,completed,2023-03-06 20:43:42.066461,,
3c30cef1-5bb9-4c9e-a00e-d56dd2804c74,completed,2023-03-06 20:43:42.066461,,
cadcfc67-5f58-447f-8f93-3f90d572062d,completed,2023-03-06 20:43:42.066461,,
86504d46-d504-469c-ba40-7dade11fd213,completed,2023-03-06 20:43:42.066461,,
730e2e69-8f97-4fd1-a29c-f02e00e012d4,completed,2023-03-06 20:43:42.066461,,
eb330bcf-f401-4f18-bba3-01ca02ac7671,completed,2023-03-06 20:43:42.066461,,
19bcdc71-6766-428a-8eda-3a2d7ce0c616,completed,2023-03-06 20:43:42.066461,,
7a9a0494-caf9-4884-a87a-8656943b9066,completed,2023-03-06 20:43:42.066461,,
e0a5c299-b13e-4535-8274-ac92520ef293,completed,2023-03-06 20:43:42.066461,,
6f0f2dbd-d2b2-4d32-ba74-cad7d8d96bef,completed,2023-03-06 20:43:42.066461,,
692ef090-581d-4cd3-98b3-db5ccfb38fa0,completed,2023-03-06 20:43:42.066461,,
9a5955c4-cfe4-4d48-a0bf-61a72980f259,completed,2023-03-06 20:43:42.066461,,
17fd0378-95fb-4e5b-a251-337dc4d34687,completed,2023-03-06 20:43:42.066461,,
f820aea4-2121-4cf6-8d18-070ca164e651,completed,2023-03-06 20:43:42.066461,,
fd4179ae-b4ae-488c-ad13-7a6d44c65377,completed,2023-03-06 20:43:42.066461,,
e625e1a5-04c4-4957-97fe-e147b97c54a6,completed,2023-03-06 20:43:42.066461,,
a3bc2ebd-38dc-4621-ba71-d70e2c16581a,completed,2023-03-06 20:43:42.066461,,
d8231d5b-988c-4ed5-9e1c-b2fb2e132b37,completed,2023-03-06 20:43:42.066461,,
195f7822-caaf-40f3-b518-034b506abdeb,completed,2023-03-06 20:43:42.066461,,
2484ec2f-fae4-40af-9e5b-e3d56f8f419d,completed,2023-03-06 20:43:42.066461,,
de0892c6-baa5-46d6-929c-ab4f750f612c,completed,2023-03-06 20:43:42.066461,,
e9ed007d-5e5f-46cd-b319-508beca48ef0,completed,2023-03-06 20:43:42.066461,,
952081b0-52c0-4401-80ef-a28396c363ba,completed,2023-03-06 20:43:42.066461,,
f1ef9289-9b9f-4869-b440-43f711645836,completed,2023-03-06 20:43:42.066461,,
62cbd587-24da-4ce5-bcd4-9326b0085beb,completed,2023-03-06 20:43:42.066461,,
32c300e0-f40a-41af-aa4a-933ff71ec81f,completed,2023-03-06 20:43:42.066461,,
00853cc0-9a87-405f-bd76-f3b195fe7394,completed,2023-03-06 20:43:42.066461,,
f5163b13-598e-4332-a52c-0ef9015435c8,completed,2023-03-06 20:43:42.066461,,
a93c3112-ea0c-469a-9519-66034a7da246,completed,2023-03-06 20:43:42.066461,,
5a8aedd4-0b78-4188-a84e-2675baa035bd,completed,2023-03-06 20:43:42.066461,,
cd43a762-34a2-4103-9800-a70b2cce951f,completed,2023-03-06 20:43:42.066461,,
e117f78b-5d8b-45fc-a659-5eb6d71aa22a,completed,2023-03-06 20:43:42.066461,,
4ae19ea0-d276-4625-b15d-492a9d963480,completed,2023-03-06 20:43:42.066461,,
17b63fcc-c201-42fd-b70c-06cfd68767f5,completed,2023-03-06 20:43:42.066461,,
71746c3d-62f1-49d3-a8d9-b0a13fb93128,completed,2023-03-06 20:43:42.066461,,
6179bbb9-ba06-4f01-8681-139ee6618401,completed,2023-03-06 20:43:42.066461,,
724f6ed7-e405-4071-9707-e7143bd1cc38,completed,2023-03-06 20:43:42.066461,,
c4f2c4fc-9f9b-450b-9f11-a679984a1196,completed,2023-03-06 20:43:42.066461,,
7ec277b2-9dc2-47c0-b889-c960b9713617,completed,2023-03-06 20:43:42.066461,,
e2facae6-258a-4be8-a101-b87234c24c87,completed,2023-03-06 20:43:42.066461,,
970db78e-5779-4f52-8c75-3dfd5a48b0a2,completed,2023-03-06 20:43:42.066461,,
e8a5c214-643c-4a8b-bde3-dcdf16d5b853,completed,2023-03-06 20:43:42.066461,,
8ff4ec3f-9209-4984-9b4a-d75c7bd70c44,completed,2023-03-06 20:43:42.066461,,
fd443126-29fa-4af8-b13a-bc652572bb0c,completed,2023-03-06 20:43:42.066461,,
04602281-cc51-4ee2-8922-badb6c3d6ee6,completed,2023-03-06 20:43:42.066461,,
6e7e7f8e-5a74-4eaa-b265-783d7ed91ff6,completed,2023-03-06 20:43:42.066461,,
f5f3c986-868e-4e38-ab2f-0aa9d1fea451,completed,2023-03-06 20:43:42.066461,,
c588a832-0d7e-4144-94ea-bb288d0ffdd7,completed,2023-03-06 20:43:42.066461,,
bd57d3b8-fdb7-4521-8565-c6edde034213,completed,2023-03-06 20:43:42.066461,,
4839a1df-a34b-4ec3-a005-a6e0dccce735,completed,2023-03-06 20:43:42.066461,,
ffb5e3e8-a30f-4491-acc1-6ea078e5b230,completed,2023-03-06 20:43:42.066461,,
c1a24fa9-5ab9-4333-8463-e33e673c6066,completed,2023-03-06 20:43:42.066461,,
4fbea899-cf53-4ffe-bae1-93dac4968a92,completed,2023-03-06 20:43:42.066461,,
e5444a0d-185c-4fd1-bb6a-eabd95309228,completed,2023-03-06 20:43:42.066461,,
035d6343-2118-46b2-aea3-4928d4d2ca59,completed,2023-03-06 20:43:42.066461,,
64b54ace-324b-4e97-8354-5258bc262c8a,completed,2023-03-06 20:43:42.066461,,
08014e04-127b-46c5-9175-77a216930149,completed,2023-03-06 20:43:42.066461,,
c074f0ef-467a-4034-ace2-a6658b1059a8,completed,2023-03-06 20:43:42.066461,,
c0719f7b-87c8-41bb-a8ec-28779be46eb6,completed,2023-03-06 20:43:42.066461,,
fa808d48-679e-4fed-a77a-be90a2afa83a,completed,2023-03-06 20:43:42.066461,,
228ad135-fb83-4185-b405-8c8b03694ded,completed,2023-03-06 20:43:42.066461,,
7645b3e5-627f-4ea9-8d14-f57794760ead,completed,2023-03-06 20:43:42.066461,,
9bc2124b-0cf9-422e-9254-aed7c3590daf,completed,2023-03-06 20:43:42.066461,,
9fa96fd0-484a-405b-b670-27a97776a272,completed,2023-03-06 20:43:42.066461,,
b843bb34-7cf0-48a5-a4e3-8280fb6183dd,completed,2023-03-06 20:43:42.066461,,
22b3dcf2-7a06-412d-a101-5c9f8e975a6c,completed,2023-03-06 20:43:42.066461,,
96293eb4-4b0a-4a55-89a8-6e438ef31724,completed,2023-03-06 20:43:42.066461,,
3eb61738-6254-499d-a5da-4aa4c9abfbec,completed,2023-03-06 20:43:42.066461,,
d2909a46-24ff-4794-912b-f7e4770313f7,completed,2023-03-06 20:43:42.066461,,
34be41d4-6532-474b-a0c4-c914201d1651,completed,2023-03-06 20:43:42.066461,,
85d824b3-7c54-4dac-b9b8-266ae3cb03c0,completed,2023-03-06 20:43:42.066461,,
9624b848-aac8-493f-9c3b-624f22955598,completed,2023-03-06 20:43:42.066461,,
939fb068-405b-4a39-a362-c24d9f033d0f,completed,2023-03-06 20:43:42.066461,,
3e79449d-d67b-4878-993c-105b4c352d3f,completed,2023-03-06 20:43:42.066461,,
7607daef-83f7-41f6-b0dd-a8ca9cc13373,completed,2023-03-06 20:43:42.066461,,
943f4e0a-d15a-4730-b05c-e04c55b4872a,completed,2023-03-06 20:43:42.066461,,
25a68664-bf48-4db2-a188-b2701fe27275,completed,2023-03-06 20:43:42.066461,,
f2d0efd7-cba2-498b-a933-e08403e25c30,completed,2023-03-06 20:43:42.066461,,
dd4bd27f-9d3a-4689-b411-8cc844152c20,completed,2023-03-06 20:43:42.066461,,
6515678f-bab5-4032-96c9-174853e612e5,completed,2023-03-06 20:43:42.066461,,
1279161d-630a-4e7f-b02a-dacd6c5a6df1,completed,2023-03-06 20:43:42.066461,,
1d2ed7cc-2950-4f86-bfbc-abd682d86f9b,completed,2023-03-06 20:43:42.066461,,
2de17265-66e6-44ab-b3b3-97974164ea72,completed,2023-03-06 20:43:42.066461,,
b194665c-b719-46c6-abfe-553c2cc1cdb9,completed,2023-03-06 20:43:42.066461,,
e28228bc-e96f-489c-8bab-54951c7ba38c,completed,2023-03-06 20:43:42.066461,,
ea1e74f7-d304-42d7-be80-a55b12a056cd,completed,2023-03-06 20:43:42.066461,,
4e041f9b-023d-4fde-8bfd-d007565702ec,completed,2023-03-06 20:43:42.066461,,
3d9eab49-c64f-402c-83b8-901eb74a4f5a,completed,2023-03-06 20:43:42.066461,,
b06996d8-8c51-40ca-ba7b-d1416cdb331f,completed,2023-03-06 20:43:42.066461,,
83c1a71a-6dad-405e-98e0-b536f81b9fe9,completed,2023-03-06 20:43:42.066461,,
413bd84b-05d9-4ce6-aeb2-d17a5eb6658e,completed,2023-03-06 20:43:42.066461,,
2988f28a-ce8b-46ae-9854-1013ac74bd2f,completed,2023-03-06 20:43:42.066461,,
cc7f5b40-2b28-4fe7-9220-4ca976d665f9,completed,2023-03-06 20:43:42.066461,,
bc5b6a21-157e-42df-a897-3aef4f9295e1,completed,2023-03-06 20:43:42.066461,,
12ede42a-9016-425c-8eac-9b75a58e6f58,completed,2023-03-06 20:43:42.066461,,
1df68b92-2394-4f20-9a9b-e402824f2101,completed,2023-03-06 20:43:42.066461,,
dde0aa06-9cd1-49e8-a00f-fbb2848303ea,completed,2023-03-06 20:43:42.066461,,
98acc5d9-bc0f-4456-a336-83f1727bdcd9,completed,2023-03-06 20:43:42.066461,,
df933263-b489-4b05-bd40-5204b12bf54c,completed,2023-03-06 20:43:42.066461,,
4d64906a-590b-4598-9c64-f830b5ce9973,completed,2023-03-06 20:43:42.066461,,
b2978635-3d16-4f6f-8da2-382d28d89c72,completed,2023-03-06 20:43:42.066461,,
803c065b-4b14-4eb1-a328-276d8b5899cc,completed,2023-03-06 20:43:42.066461,,
85544d5a-318f-41dc-abd5-e1e842a2ef2f,completed,2023-03-06 20:43:42.066461,,
d446f406-a435-46aa-8211-921148c796cd,completed,2023-03-06 20:43:42.066461,,
0d57f517-0642-4fac-b9dc-a595c9574966,completed,2023-03-06 20:43:42.066461,,
ab99243b-a56d-40ad-a6ed-f55db1de20bd,completed,2023-03-06 20:43:42.066461,,
e12df3b6-4026-48bd-91f0-846c9fd771c9,completed,2023-03-06 20:43:42.066461,,
27937ef2-de80-4e19-856a-2237b2a1d9b6,completed,2023-03-06 20:43:42.066461,,
13f7505a-f5dd-4d24-8fb9-e6d4a3f30fb5,completed,2023-03-06 20:43:42.066461,,
b9a53e6f-433b-40b9-94b3-6f80b3298ebe,completed,2023-03-06 20:43:42.066461,,
c8404b1b-2676-4806-8eb4-8ef385d387f9,completed,2023-03-06 20:43:42.066461,,
36a8c6eb-b33c-4b7d-98bb-eb3a306e64e2,completed,2023-03-06 20:43:42.066461,,
49e57435-b864-4f65-aa20-888a73d1b12f,completed,2023-03-06 20:43:42.066461,,
bd5c90cb-2749-4002-ba54-f72f2e46eb54,completed,2023-03-06 20:43:42.066461,,
1a33c631-9445-48cd-96ad-b79a67934de9,completed,2023-03-06 20:43:42.066461,,
7edb2d87-050e-4749-b519-d9427f1f05a0,completed,2023-03-06 20:43:42.066461,,
df706286-0f02-43ba-8231-02d346cc6dfe,completed,2023-03-06 20:43:42.066461,,
46f97069-ca73-4652-a6e8-ff3945a87cfb,completed,2023-03-06 20:43:42.066461,,
0fd7f739-a7f1-47c5-88c6-e335ca735b40,completed,2023-03-06 20:43:42.066461,,
0008280f-9d04-4be7-82e0-134392770251,completed,2023-03-06 20:43:42.066461,,
270ba472-252d-4134-8e70-47707ff44d17,completed,2023-03-06 20:43:42.066461,,
8cee7ab8-7e51-40d6-8ec4-dbdb314a2176,completed,2023-03-06 20:43:42.066461,,
0cdf4a2a-ac3c-40af-a4a8-f0d4fa7bc558,completed,2023-03-06 20:43:42.066461,,
b58e818a-fb43-4f76-8aff-df3f978f3fc0,completed,2023-03-06 20:43:42.066461,,
5a73a170-6d64-406a-8cb1-1e4f5294123c,completed,2023-03-06 20:43:42.066461,,
978983b8-81db-4872-9c62-3593612f0530,completed,2023-03-06 20:43:42.066461,,
7e5aa353-b4f1-4d30-a893-87a681ae3118,completed,2023-03-06 20:43:42.066461,,
7aebc655-a291-4609-9ab5-82cf5e8a9a0c,completed,2023-03-06 20:43:42.066461,,
5f8105fc-1eee-49a9-bd39-0d39dd6a35fd,completed,2023-03-06 20:43:42.066461,,
91616541-bea3-4e66-9de5-da071ee890df,completed,2023-03-06 20:43:42.066461,,
4b640ad3-91a5-4196-af1e-9d98ab952662,completed,2023-03-06 20:43:42.066461,,
de860da0-25ff-48ab-8a33-e398371065ff,completed,2023-03-06 20:43:42.066461,,
f4b85407-1963-4c06-8ff9-a8ec14ee9a60,completed,2023-03-06 20:43:42.066461,,
55dfd06d-476b-4547-a8a3-16425bbb780c,completed,2023-03-06 20:43:42.066461,,
a1760142-10cd-4e7a-b601-6fde9631040d,completed,2023-03-06 20:43:42.066461,,
19f29fd9-b7d5-4b39-aa02-7ae65df6aece,completed,2023-03-06 20:43:42.066461,,
4bef613a-6193-4c27-953e-1a65ba559736,completed,2023-03-06 20:43:42.066461,,
8617067d-ce67-467c-a843-9eee654d038e,completed,2023-03-06 20:43:42.066461,,
b0e2c570-a5e3-48e0-b834-dd1d835df7d2,completed,2023-03-06 20:43:42.066461,,
ba2d7c68-ef34-4854-ae8b-c924f7692c13,completed,2023-03-06 20:43:42.066461,,
d1520258-ca99-4521-8f05-cb764c856a47,completed,2023-03-06 20:43:42.066461,,
19b69d6b-af67-4c3b-8e7a-39634c011abc,completed,2023-03-06 20:43:42.066461,,
53103f77-c3c2-4cf3-8156-2df763717b68,completed,2023-03-06 20:43:42.066461,,
f9524c6e-e22d-4341-98e9-a428b909c0c7,completed,2023-03-06 20:43:42.066461,,
ad6e3f34-f9e3-48a7-be6f-378d40ba257f,completed,2023-03-06 20:43:42.066461,,
545140a4-dbc0-4085-af05-81111b8fb840,completed,2023-03-06 20:43:42.066461,,
4460093a-82be-4f5a-91f6-81d31bdf0cfe,completed,2023-03-06 20:43:42.066461,,
31ed4b56-a8ad-4d40-8578-8bb4195329c2,completed,2023-03-06 20:43:42.066461,,
6902b44b-af8d-4483-a69e-7e76f5f8e7dd,completed,2023-03-06 20:43:42.066461,,
a1ee4087-17e9-4b04-98ee-f154350d89fc,completed,2023-03-06 20:43:42.066461,,
7364cce8-f53d-4cae-b98b-e6d5783b7dbd,completed,2023-03-06 20:43:42.066461,,
67d8c922-cb6a-4659-b138-7f1f925f0289,completed,2023-03-06 20:43:42.066461,,
32da1790-b50a-4f64-8ab1-768d48d27cc8,completed,2023-03-06 20:43:42.066461,,
edcaf801-b7b3-49bc-81b3-a476188fe335,completed,2023-03-06 20:43:42.066461,,
ccbcab4e-2f8a-4f2c-83d7-a3dacb020726,completed,2023-03-06 20:43:42.066461,,
2c9d084c-dd69-4aff-8b85-a50d0f657372,completed,2023-03-06 20:43:42.066461,,
784ee340-cf04-49f7-bcfa-8489cdbf3e70,completed,2023-03-06 20:43:42.066461,,
4c659db2-9e0d-4028-b3e3-dadaa0bd8af4,completed,2023-03-06 20:43:42.066461,,
974da767-63c6-40ce-90b9-60011446e9a4,completed,2023-03-06 20:43:42.066461,,
bbc7dba7-28c4-4874-8ac7-a3afef08d8a3,completed,2023-03-06 20:43:42.066461,,
74f72220-f235-48eb-8a8c-fb979857692b,completed,2023-03-06 20:43:42.066461,,
88f45c59-5e34-4446-980f-5b46fe789560,completed,2023-03-06 20:43:42.066461,,
e29c1944-036a-495e-8040-d7b4081c1dfa,completed,2023-03-06 20:43:42.066461,,
161c8cce-b024-40f1-b746-5d42dd915447,completed,2023-03-06 20:43:42.066461,,
b92643c2-7a9e-442f-891e-6b6dbf6fe1d5,completed,2023-03-06 20:43:42.066461,,
01b67b7d-48a9-4439-ac28-63b65ba4c1b9,completed,2023-03-06 20:43:42.066461,,
af72a5f2-c8f5-4ac2-81b6-9bd6c1dd9132,completed,2023-03-06 20:43:42.066461,,
2918f801-5f4a-46e6-8e52-2a0ffc74dfe7,completed,2023-03-06 20:43:42.066461,,
5bcb6318-3b73-4563-ae40-ced81d125fff,completed,2023-03-06 20:43:42.066461,,
c3d8c24a-bfae-4760-b13f-8cc87bb83ee1,completed,2023-03-06 20:43:42.066461,,
f1df695c-87c5-4bc7-8b39-30134a9e5694,completed,2023-03-06 20:43:42.066461,,
66e29798-e72b-42d7-80cf-8cd8dd4f3dee,completed,2023-03-06 20:43:42.066461,,
6767e29f-5e73-4b80-9520-0dfd7f54ccec,completed,2023-03-06 20:43:42.066461,,
c906b94a-066b-4117-abe7-2955b87fb9da,completed,2023-03-06 20:43:42.066461,,
2ea1d67f-9695-43c8-a31a-29a5844e91b8,completed,2023-03-06 20:43:42.066461,,
61fedeaf-6ada-43a6-b6df-9494c060a500,completed,2023-03-06 20:43:42.066461,,
6797fae4-6a73-42ce-8627-443cc4c362f4,completed,2023-03-06 20:43:42.066461,,
c06f5f9d-b9fe-4808-aade-e3b7b1413482,completed,2023-03-06 20:43:42.066461,,
139f363a-e23b-4829-b12e-a00782b2000d,completed,2023-03-06 20:43:42.066461,,
f5deb1d7-0c04-4d42-a2ff-b6aa5e33d480,completed,2023-03-06 20:43:42.066461,,
4a40e09b-7866-4b56-8dc6-4cc9a84bb1e3,completed,2023-03-06 20:43:42.066461,,
b03f0f76-28c9-48f9-8d4f-6b991911ac54,completed,2023-03-06 20:43:42.066461,,
33d72b3f-95b8-455c-bfea-66010734dfd6,completed,2023-03-06 20:43:42.066461,,
5ec47e92-8c0c-46a4-bcf0-7efd76fcf295,completed,2023-03-06 20:43:42.066461,,
ee3ac95a-0c06-4b3d-ab95-9f6bca519fb5,completed,2023-03-06 20:43:42.066461,,
820d5e7e-1392-4dfb-84b4-1094ed22576b,completed,2023-03-06 20:43:42.066461,,
71e15e07-9f4c-4bb6-89ce-9397a0074ffb,completed,2023-03-06 20:43:42.066461,,
a186ff14-e0ea-4cc0-be5d-3ba4417de2e3,completed,2023-03-06 20:43:42.066461,,
93999847-65b9-45e5-af0c-2b73dc8bd7d9,completed,2023-03-06 20:43:42.066461,,
bb41e2fd-5abf-4a59-8d1a-03ae01602790,completed,2023-03-06 20:43:42.066461,,
67c237fe-e106-4670-ae50-551819e6a8a6,completed,2023-03-06 20:43:42.066461,,
74bfa589-51f6-4631-8515-76c8e135bd1e,completed,2023-03-06 20:43:42.066461,,
2d6297df-5ce1-4e42-92f6-d64f3dc4f6c6,completed,2023-03-06 20:43:42.066461,,
2cb1710e-e304-4444-a17f-368f2a0908db,completed,2023-03-06 20:43:42.066461,,
c4612bdf-6bf2-4996-be3f-c565cb772690,completed,2023-03-06 20:43:42.066461,,
9fa7150c-0b91-4313-afa7-ea276603ca92,completed,2023-03-06 20:43:42.066461,,
f9b26aac-e963-4c0f-99af-44f6cd8e6a24,completed,2023-03-06 20:43:42.066461,,
18f1ffe0-bc2e-4629-9757-28d414a9f818,completed,2023-03-06 20:43:42.066461,,
9baeb837-730a-4bd0-882c-a47a7fa4f382,completed,2023-03-06 20:43:42.066461,,
de2f3039-f2db-4d66-8bf2-d44d55fb6995,completed,2023-03-06 20:43:42.066461,,
aeb9d357-f090-4e38-a9cc-0150e0de2844,completed,2023-03-06 20:43:42.066461,,
17a0cbe3-da6f-4533-ab34-d1f6735a199c,completed,2023-03-06 20:43:42.066461,,
3686845a-167d-414d-8087-0e0322dc594d,completed,2023-03-06 20:43:42.066461,,
fa6e227b-4809-4903-b9b6-ca7693c3a709,completed,2023-03-06 20:43:42.066461,,
4f7e2ced-280c-401b-b1ab-ea9b5d297b99,completed,2023-03-06 20:43:42.066461,,
ed08dfdb-aac2-4e7e-9359-524ae512164f,completed,2023-03-06 20:43:42.066461,,
a8a7fbe1-0f25-464e-b0bc-1b73772ff21b,completed,2023-03-06 20:43:42.066461,,
92360751-4e0b-4f5c-a3cf-8ab336b156ff,completed,2023-03-06 20:43:42.066461,,
b92b1251-19d7-485a-803a-3a43c4a3cd3b,completed,2023-03-06 20:43:42.066461,,
27bc9b91-497b-4d0d-8013-033e3f321429,completed,2023-03-06 20:43:42.066461,,
6ff35d60-310f-46f7-9e13-1d414f07232f,completed,2023-03-06 20:43:42.066461,,
a245bec6-9d5f-4c40-812a-1ea6ff227768,completed,2023-03-06 20:43:42.066461,,
38d81d34-c04d-493a-bf1f-3533c0a4a1ee,completed,2023-03-06 20:43:42.066461,,
df7ffc5a-9adc-40df-96b3-96f01c062401,completed,2023-03-06 20:43:42.066461,,
bc7a5fd4-b927-4efe-b61c-2c5284449933,completed,2023-03-06 20:43:42.066461,,
13f0ad3a-5fa8-4752-82bb-f4ad74f2f2dd,completed,2023-03-06 20:43:42.066461,,
564a84d8-9a65-4d40-b7ba-ac1e834202a2,completed,2023-03-06 20:43:42.066461,,
42bb9ab5-db60-4718-9b5c-0bc72f94b97a,completed,2023-03-06 20:43:42.066461,,
b0fec3c1-dad9-4125-861b-4270aa82d571,completed,2023-03-06 20:43:42.066461,,
71a79aac-89d8-4dbb-b2a8-16535583c66b,completed,2023-03-06 20:43:42.066461,,
e30935cd-579b-4c92-8ff7-239f933453ec,completed,2023-03-06 20:43:42.066461,,
afd6cf4c-0fcb-4335-853d-2e3fe3c30c8b,completed,2023-03-06 20:43:42.066461,,
61377043-44a2-4e59-9b6e-b8d9c272196e,completed,2023-03-06 20:43:42.066461,,
90da6989-75a8-4e78-8c60-fd8c7faee3e0,completed,2023-03-06 20:43:42.066461,,
12cce3d7-5859-41a9-b5c9-b5d020c8d1ef,completed,2023-03-06 20:43:42.066461,,
e18787d4-53cf-47bd-b344-bf52ac438772,completed,2023-03-06 20:43:42.066461,,
0fa42839-2264-40b4-abe1-ca7047db02fe,completed,2023-03-06 20:43:42.066461,,
033b0fbb-cab3-4b8f-8e79-703aa7a2185d,completed,2023-03-06 20:43:42.066461,,
005f2412-8514-4f40-855e-073fc282bde1,completed,2023-03-06 20:43:42.066461,,
0cde3c77-2e26-45fb-919b-475d893fab84,completed,2023-03-06 20:43:42.066461,,
f34450b3-ebac-4c3d-bf63-0bd3610a14cf,completed,2023-03-06 20:43:42.066461,,
3d95dd48-7014-4748-a0af-e82f41131729,completed,2023-03-06 20:43:42.066461,,
ae7ed73a-5234-4914-99c0-19e74ff37b4d,completed,2023-03-06 20:43:42.066461,,
0b7a72eb-ae91-418b-8a78-3880420b4250,completed,2023-03-06 20:43:42.066461,,
3b57a5f3-94fd-4623-aad4-c0178367023a,completed,2023-03-06 20:43:42.066461,,
136c3626-4750-4986-ab51-190ea134d8da,completed,2023-03-06 20:43:42.066461,,
352898c7-6512-42ab-85a9-7965b9bdd5a9,completed,2023-03-06 20:43:42.066461,,
adc7015b-eeb4-48b7-b308-fc303d8b615e,completed,2023-03-06 20:43:42.066461,,
111dff49-0956-49a8-8071-eb30234250dd,completed,2023-03-06 20:43:42.066461,,
2b46e821-b182-4d28-8b50-117643af9542,completed,2023-03-06 20:43:42.066461,,
89b0b2bb-f249-4d20-944d-ad632d42a9b9,completed,2023-03-06 20:43:42.066461,,
04ea4daa-4b12-4604-bf5a-0ce388223f35,completed,2023-03-06 20:43:42.066461,,
abd20387-1704-4a31-9a8e-13dbfc7651cf,completed,2023-03-06 20:43:42.066461,,
6cd44ab6-99f7-4a63-a9b1-ba5613c8f231,completed,2023-03-06 20:43:42.066461,,
48549cd9-9aa5-4456-8258-897114269092,completed,2023-03-06 20:43:42.066461,,
800fba1d-d758-47a3-be6d-d896ada62e55,completed,2023-03-06 20:43:42.066461,,
ba6e811b-187f-45f0-add2-85cd0c05edee,completed,2023-03-06 20:43:42.066461,,
2418abac-49a0-409d-a6c6-aa4e2fe0f8a7,completed,2023-03-06 20:43:42.066461,,
6afb809f-f91b-4d44-b71b-54841296e2d4,completed,2023-03-06 20:43:42.066461,,
22d00468-4874-4a98-be0e-4006ab9e7c3c,completed,2023-03-06 20:43:42.066461,,
eea12cbe-700f-4298-ba2c-39e656552259,completed,2023-03-06 20:43:42.066461,,
07f6b3d4-2af8-4343-b666-7357482927be,completed,2023-03-06 20:43:42.066461,,
e3f897c4-28d6-4628-a669-0118f9863b5c,completed,2023-03-06 20:43:42.066461,,
35ec3c29-f77a-46a7-98a4-cded0f7f7b1d,completed,2023-03-06 20:43:42.066461,,
4d5bfd59-b7df-4468-a36a-a1431294bada,completed,2023-03-06 20:43:42.066461,,
e5c2c355-1611-4815-9fd1-98661eb27375,completed,2023-03-06 20:43:42.066461,,
98a865ad-f166-4fd3-a352-961b65860418,completed,2023-03-06 20:43:42.066461,,
0e642c0f-1f8d-47c1-8a7d-c2af95f68b16,completed,2023-03-06 20:43:42.066461,,
bcd9f220-8860-4dab-9b42-af84a057c658,completed,2023-03-06 20:43:42.066461,,
de22a2a7-b187-46a8-aaa0-3f4d2fb000e9,completed,2023-03-06 20:43:42.066461,,
c7ccf39e-69af-4c93-b1a8-3ee7af66093e,completed,2023-03-06 20:43:42.066461,,
3bec29c0-4014-4191-9c96-4a9d9b023b51,completed,2023-03-06 20:43:42.066461,,
f4168474-917e-4ba3-9cca-d1aa523edffc,completed,2023-03-06 20:43:42.066461,,
7bfd67ee-da9e-4821-b4fc-40060843ea9d,failed,2023-03-06 20:43:42.066461,,
eb739402-b838-482a-94c0-13e561bc023e,completed,2023-03-06 20:43:42.066461,,
80e47142-df94-4bfe-a9cb-4359853232bb,completed,2023-03-06 20:43:42.066461,,
deb3c4fc-06fe-4231-a43b-d41880b7de2e,completed,2023-03-06 20:43:42.066461,,
02d9dd42-3070-482d-9a2e-8aa56c627777,completed,2023-03-06 20:43:42.066461,,
0f972f6b-d37b-47b7-bf63-0b80f1b6eb45,completed,2023-03-06 20:43:42.066461,,
44505700-1a7b-4816-ade4-3a13c83448b6,completed,2023-03-06 20:43:42.066461,,
f786156c-4587-4bd5-916e-eed7dbe31e84,completed,2023-03-06 20:43:42.066461,,
a6f927f8-d66c-4381-b798-8c402e03f917,completed,2023-03-06 20:43:42.066461,,
46a0565a-51f3-4763-8c90-5434dfef3012,completed,2023-03-06 20:43:42.066461,,
1e3ef093-191d-4bd0-a09c-ceca89f4e8bb,completed,2023-03-06 20:43:42.066461,,
f06c1cc5-066e-44ca-9ef4-b4f79e7ea7b5,completed,2023-03-06 20:43:42.066461,,
fe0d2155-b63d-4709-abb7-b8e81d3b4425,completed,2023-03-06 20:43:42.066461,,
17401bcf-bc9f-4d6e-9bc5-6d04de4593b8,completed,2023-03-06 20:43:42.066461,,
eef6bfa1-ec50-48de-9ee5-5635413fe313,completed,2023-03-06 20:43:42.066461,,
132b2c08-12b5-477a-87d0-458dc385111d,completed,2023-03-06 20:43:42.066461,,
47bf7429-576f-47f1-988a-6f7aca0a85d9,completed,2023-03-06 20:43:42.066461,,
4c765af3-204c-4265-987e-3c21324ebc7b,completed,2023-03-06 20:43:42.066461,,
7e4f9db9-8bc2-44f0-8a7e-ac483ab4d94e,completed,2023-03-06 20:43:42.066461,,
83953969-73f1-4a32-9acb-42262508ce60,completed,2023-03-06 20:43:42.066461,,
9bda6aef-e141-4508-aea2-cffbc1e35645,completed,2023-03-06 20:43:42.066461,,
73cf0e7f-9edb-48e1-aae3-98414add8784,completed,2023-03-06 20:43:42.066461,,
96a61176-f726-4408-b0c7-a826013b9f43,completed,2023-03-06 20:43:42.066461,,
ec355176-1cc8-4431-95e8-afb1887fd310,completed,2023-03-06 20:43:42.066461,,
0ba0922a-79fe-454b-bb0f-83f12557815c,completed,2023-03-06 20:43:42.066461,,
79b9d67c-5a4c-4798-9a76-e7933ecf0140,completed,2023-03-06 20:43:42.066461,,
ccb59a49-d195-4e05-832c-3df9badd8701,completed,2023-03-06 20:43:42.066461,,
cd67d9c0-a4c0-4fdd-89d2-5da69a4fc1f9,completed,2023-03-06 20:43:42.066461,,
944c8cfb-17c9-44e8-95b8-7f3d1f47c7a6,completed,2023-03-06 20:43:42.066461,,
963ba1d5-14a3-477d-96dd-f1579778fea1,completed,2023-03-06 20:43:42.066461,,
47c599de-fc9b-4033-8446-514bbdcce01b,completed,2023-03-06 20:43:42.066461,,
c460b14a-5351-4800-abfd-572f2969338f,completed,2023-03-06 20:43:42.066461,,
dabdd1c1-4480-4f3f-bf25-9e2099a2adde,completed,2023-03-06 20:43:42.066461,,
b1ad4de1-78c0-4199-9d5b-419834c12005,completed,2023-03-06 20:43:42.066461,,
ebcedf02-60dc-4cf0-8120-0c32d188c33e,completed,2023-03-06 20:43:42.066461,,
879c2ad4-a967-4bb8-aa91-ede207317b49,completed,2023-03-06 20:43:42.066461,,
362966da-ea74-49bb-ab6a-3f69e3d9b48d,completed,2023-03-06 20:43:42.066461,,
1f78a308-f5c2-4acd-9d98-e835819682f8,completed,2023-03-06 20:43:42.066461,,
f119fde0-033b-450a-a630-5697bfe0264d,completed,2023-03-06 20:43:42.066461,,
480b44fb-33e9-4a69-862d-747ac01020d8,completed,2023-03-06 20:43:42.066461,,
8b386206-e53e-4a10-b117-23bd62c2e785,completed,2023-03-06 20:43:42.066461,,
841b15e2-69ab-4ea1-9152-3b9ff7b3a360,completed,2023-03-06 20:43:42.066461,,
8ef33521-395f-4a20-b07a-4a21a83c33c8,completed,2023-03-06 20:43:42.066461,,
e1555260-2732-46af-8592-5bf1d4352ab5,completed,2023-03-06 20:43:42.066461,,
7e78126a-8bcf-45c4-bcb1-32fa95efef33,completed,2023-03-06 20:43:42.066461,,
e8a92075-fc2e-4b0e-80c8-fe691099d5ef,completed,2023-03-06 20:43:42.066461,,
c8d08746-14be-4352-b33e-83bb0d497a5c,completed,2023-03-06 20:43:42.066461,,
29be34f0-18fa-47bf-a57a-ad536df4076c,completed,2023-03-06 20:43:42.066461,,
6fb11a97-e6bb-4c3e-96f5-9ef960bca56d,completed,2023-03-06 20:43:42.066461,,
fe0db26e-ffe2-499a-9320-7ec2752d0184,completed,2023-03-06 20:43:42.066461,,
9dc6306e-9250-46c1-8638-b813f0116d2f,completed,2023-03-06 20:43:42.066461,,
f5a53f1d-32a8-4e65-913d-0e87bc73ec65,completed,2023-03-06 20:43:42.066461,,
06fb44ec-d1a3-4442-be35-29a1bea4f37e,completed,2023-03-06 20:43:42.066461,,
3edae849-a231-4ff0-a6ca-b2ab98a97b87,completed,2023-03-06 20:43:42.066461,,
4b7dbac0-ed1d-4c50-b1ee-4ce07af3fc28,completed,2023-03-06 20:43:42.066461,,
34454de9-7d00-4bb3-ba83-432dd82caa51,completed,2023-03-06 20:43:42.066461,,
c73fcdd1-19e9-4f2e-990f-df9d38b4f03a,completed,2023-03-06 20:43:42.066461,,
d2db1a2d-60e9-4bcf-a963-ab56d87d7ddd,completed,2023-03-06 20:43:42.066461,,
4af64c2f-01c1-4088-9edc-6d5c7e336791,completed,2023-03-06 20:43:42.066461,,
ef8ac679-cdca-46c5-bcb7-4f790d7478d4,completed,2023-03-06 20:43:42.066461,,
da71833d-3b7f-469f-83eb-8dd2fd1c5bf4,completed,2023-03-06 20:43:42.066461,,
36b5923f-5bda-4bd4-b3ec-b517ce0773d8,completed,2023-03-06 20:43:42.066461,,
9a355079-171e-43ad-a798-4243ce407649,completed,2023-03-06 20:43:42.066461,,
1c01ebff-d35d-4d71-9a07-04b1d1dabafc,completed,2023-03-06 20:43:42.066461,,
de940f15-a7b0-4aab-a932-dda91f4e7d5d,completed,2023-03-06 20:43:42.066461,,
58b65093-cb21-4bf5-84cb-b1ad3555d26d,completed,2023-03-06 20:43:42.066461,,
99e97008-0379-4d31-9f69-1fafa755ca85,completed,2023-03-06 20:43:42.066461,,
eb5ad7c7-1bc3-4bd9-b761-d925c885df15,completed,2023-03-06 20:43:42.066461,,
9c4a650d-a3e0-44ce-96ef-62ed53ffd560,completed,2023-03-06 20:43:42.066461,,
c38354a3-937f-40d8-9d20-9072d3b3f870,completed,2023-03-06 20:43:42.066461,,
c635bd4d-f367-4919-a79d-93d72f390a19,completed,2023-03-06 20:43:42.066461,,
fdd0dc7d-0775-4f28-b479-70ba157e65e2,completed,2023-03-06 20:43:42.066461,,
bd8b9ec8-6822-40f4-8e71-9bab5bfa761e,completed,2023-03-06 20:43:42.066461,,
d1dceac3-7192-49dd-8779-fb1cf8fc751d,completed,2023-03-06 20:43:42.066461,,
b35e1c54-c2c7-4101-88e6-65e0b10ed3be,completed,2023-03-06 20:43:42.066461,,
9a679860-6f43-4cb3-9851-9ff32725b7a2,completed,2023-03-06 20:43:42.066461,,
16a0fe5d-b5b0-4fcc-a29c-caee61cb4a3e,completed,2023-03-06 20:43:42.066461,,
bcb282b7-c3bf-46d6-93e9-af7060f01909,completed,2023-03-06 20:43:42.066461,,
d41b9546-1384-43a9-b4ea-c042b256ba48,completed,2023-03-06 20:43:42.066461,,
ca6f8801-45e2-458f-86cc-a08cbffebc7d,completed,2023-03-06 20:43:42.066461,,
01e82b7d-7693-42a8-832d-45ada724361f,completed,2023-03-06 20:43:42.066461,,
74740b70-91b2-4bda-95e9-bed366809844,completed,2023-03-06 20:43:42.066461,,
18538b30-e3ae-4bb3-b15e-69231adc0d92,completed,2023-03-06 20:43:42.066461,,
43adf813-8dd5-4ce7-9fe3-d481cbc86302,completed,2023-03-06 20:43:42.066461,,
da77cc2a-b539-44dd-8dd4-49a9e849930e,completed,2023-03-06 20:43:42.066461,,
51a16c8e-9f69-4e98-b9ff-675c44dfd8da,completed,2023-03-06 20:43:42.066461,,
c392e3a0-11ef-4134-a998-a7055283afca,completed,2023-03-06 20:43:42.066461,,
84a8fca5-1d6e-47b1-863f-3dd4cc6f0089,completed,2023-03-06 20:43:42.066461,,
9de380fd-4de5-4b5c-a80a-1edad06336ad,failed,2023-03-06 20:43:42.066461,,
073f203e-0fb0-4fbb-a50e-c0b1ab5479ad,completed,2023-03-06 20:43:42.066461,,
247afc71-9dba-4e2e-bc90-95b0242c67ed,completed,2023-03-06 20:43:42.066461,,
dbfeede9-4ba9-4e21-b36d-a649a9c802db,completed,2023-03-06 20:43:42.066461,,
d937681f-d462-45c6-8277-4f07a27826b4,completed,2023-03-06 20:43:42.066461,,
55f4393a-2c11-40ae-bbbe-03d9940d4197,completed,2023-03-06 20:43:42.066461,,
d51abd94-2b4f-4bc9-83ff-e44ba338a6ec,completed,2023-03-06 20:43:42.066461,,
f396f069-dc4d-4c03-b2e4-74aa0a5c2772,completed,2023-03-06 20:43:42.066461,,
b9962750-322a-4dfe-b177-790771d9e53e,completed,2023-03-06 20:43:42.066461,,
558261d8-18c5-4aad-8eb0-269c3bfae570,completed,2023-03-06 20:43:42.066461,,
cb4af2eb-69b7-4b0a-bb81-add8df3a40d1,completed,2023-03-06 20:43:42.066461,,
6ba8fc4e-050c-4313-8f52-f0a4e9d6d056,completed,2023-03-06 20:43:42.066461,,
81d14264-dd93-4955-9ef0-8d73f7eeaff2,completed,2023-03-06 20:43:42.066461,,
38a03cc3-70f2-4ade-8f5c-903d59eb75f4,completed,2023-03-06 20:43:42.066461,,
162aa565-3731-436a-96e6-a84be0b6367e,completed,2023-03-06 20:43:42.066461,,
2b1c0c2d-a398-4ba0-a730-9bdee311c71f,completed,2023-03-06 20:43:42.066461,,
2fcab733-a12e-41c8-912f-78ab37c19a0c,completed,2023-03-06 20:43:42.066461,,
5b1e94b0-5102-44da-a3af-63e27f52f08c,completed,2023-03-06 20:43:42.066461,,
84af7c6f-a132-48be-8609-8ef1f8000fd2,completed,2023-03-06 20:43:42.066461,,
97f9d36d-c7eb-45bf-b73a-6cf169666371,completed,2023-03-06 20:43:42.066461,,
f8c68d18-1c2b-496c-bbf7-d49791835e5d,completed,2023-03-06 20:43:42.066461,,
5fbff101-ed91-4184-9d3f-ee8cefdf2607,completed,2023-03-06 20:43:42.066461,,
3995363e-8324-49e8-8776-a57a25a728bf,completed,2023-03-06 20:43:42.066461,,
8daf46e7-01c6-48fe-a6a8-831669e1db92,completed,2023-03-06 20:43:42.066461,,
2081aa1e-c6ce-4af9-a4af-99113414a4a4,completed,2023-03-06 20:43:42.066461,,
18acf8b4-1f08-445f-bc79-9b17f002b018,completed,2023-03-06 20:43:42.066461,,
373deb0b-1521-4a3d-a5b1-d113c39fa3f7,completed,2023-03-06 20:43:42.066461,,
726dd997-483f-45b5-96bc-29a315eece88,completed,2023-03-06 20:43:42.066461,,
b262073a-e1d4-48ee-98bc-d52daea289fd,completed,2023-03-06 20:43:42.066461,,
b24d4936-93f0-4037-8371-8269492da2f4,completed,2023-03-06 20:43:42.066461,,
68f38d46-934f-425d-af1a-d9af17233b61,completed,2023-03-06 20:43:42.066461,,
69ce20f4-0c4b-45b3-9c5f-3eebf0c871fd,completed,2023-03-06 20:43:42.066461,,
f72aa206-950c-4719-8e2d-e29cbedb350e,completed,2023-03-06 20:43:42.066461,,
b2c8a107-6492-425f-88a7-0f024fa24ce3,completed,2023-03-06 20:43:42.066461,,
ad4cecd3-a4a8-4ee9-82bb-b124f119cd80,completed,2023-03-06 20:43:42.066461,,
3d9fa8ba-2268-4e08-a97b-59ddae578f25,completed,2023-03-06 20:43:42.066461,,
68fa736c-9379-49c4-b3a1-b72cffd6c735,completed,2023-03-06 20:43:42.066461,,
5d56951e-67b6-4179-b590-a1e1a7213543,completed,2023-03-06 20:43:42.066461,,
5a0ebae2-2606-4384-b5ac-479ce9b6beaf,completed,2023-03-06 20:43:42.066461,,
8f4bacb2-c5f5-439c-b9db-9ff1aeddd4ab,completed,2023-03-06 20:43:42.066461,,
2112d97f-39d1-4dfa-ba1a-83367244089f,completed,2023-03-06 20:43:42.066461,,
e84fcf99-32d7-4072-b54b-83d9ee8171c6,completed,2023-03-06 20:43:42.066461,,
acde05a7-bccb-40f8-a8ea-b3b476131dfb,completed,2023-03-06 20:43:42.066461,,
49fbc806-360b-4f92-8043-7d0d547f4f95,completed,2023-03-06 20:43:42.066461,,
97730cd9-c11d-4c84-b80c-0e03c8d9360e,completed,2023-03-06 20:43:42.066461,,
4c19ae5a-475b-4797-9c33-a61085f70b1d,completed,2023-03-06 20:43:42.066461,,
3a2679a8-a799-4171-a762-3fbacc0a2d55,completed,2023-03-06 20:43:42.066461,,
2ab87847-0df1-4010-8844-91e0acd9f2e4,completed,2023-03-06 20:43:42.066461,,
efb4cbfa-681d-435a-8ae6-6ca9b41d45db,completed,2023-03-06 20:43:42.066461,,
6029094f-71d6-442a-a63e-f0a8a2fb0f93,completed,2023-03-06 20:43:42.066461,,
d13159af-ceea-4514-924f-069d0794c68a,completed,2023-03-06 20:43:42.066461,,
af96c566-54b5-4070-8292-1a8f58f0fbdb,completed,2023-03-06 20:43:42.066461,,
3f08fc18-8250-457c-8f8a-aa7c5703f1b8,completed,2023-03-06 20:43:42.066461,,
e20e3e9e-cf16-4647-bde5-7bdbaffb0628,completed,2023-03-06 20:43:42.066461,,
be8d7c6a-b288-4471-8112-086852ea43c0,completed,2023-03-06 20:43:42.066461,,
5aea8d4b-10aa-4dec-86f2-8f17600402ee,completed,2023-03-06 20:43:42.066461,,
27dffc69-9b98-4f75-a34a-f030d00a5225,completed,2023-03-06 20:43:42.066461,,
878b8b8c-bf15-44ce-803a-8ba4dd4a89c4,completed,2023-03-06 20:43:42.066461,,
3e2fce06-fa2d-4197-a6c3-2764d7f540ad,completed,2023-03-06 20:43:42.066461,,
59b2113f-8ce3-4830-9057-e1a4f66bf6dc,completed,2023-03-06 20:43:42.066461,,
51421baf-a9b1-4f3c-9cc4-0f2eb6b904c6,completed,2023-03-06 20:43:42.066461,,
de4845e0-abf5-4ecf-991f-2a318cb59150,completed,2023-03-06 20:43:42.066461,,
bdebfc8e-b722-4076-8611-3b8b050d6c50,completed,2023-03-06 20:43:42.066461,,
8b557881-38ab-4b77-951c-e1e38e01c7b5,completed,2023-03-06 20:43:42.066461,,
f97d2ee6-d67e-45a7-b01d-1e810877ce6a,completed,2023-03-06 20:43:42.066461,,
09817040-3fc6-4909-bb8a-b584cfc3fc82,completed,2023-03-06 20:43:42.066461,,
ad551ba0-1470-4e11-9074-af1acb5a92ad,completed,2023-03-06 20:43:42.066461,,
61cb2a3d-2e37-4aad-ad2a-d6d017480664,completed,2023-03-06 20:43:42.066461,,
96b53c8a-d932-479d-ac7e-9fce835918c7,completed,2023-03-06 20:43:42.066461,,
0e31b241-66a2-4429-a526-662e0851f6cc,completed,2023-03-06 20:43:42.066461,,
d4d8252c-9c04-4f06-971f-a90411b14ff7,completed,2023-03-06 20:43:42.066461,,
a2c14b40-e674-4c7c-82f9-8427df23c68c,completed,2023-03-06 20:43:42.066461,,
e16eb5a5-2b60-48a5-98ae-173acceaf1c3,completed,2023-03-06 20:43:42.066461,,
15a75fc0-d9b7-4130-9a61-e91138f8a3cb,completed,2023-03-06 20:43:42.066461,,
1d953c4e-1768-47c5-bc4d-fa1d9c608fad,completed,2023-03-06 20:43:42.066461,,
3ad6aadd-541a-4cf4-9158-d552cfd297b1,completed,2023-03-06 20:43:42.066461,,
f365d8ec-4765-4a09-8e2c-150150d03ed0,completed,2023-03-06 20:43:42.066461,,
6544a440-aed3-4e05-9d7c-ff408b1cfeaa,completed,2023-03-06 20:43:42.066461,,
eacf1d78-a2c6-4162-9428-f6f81dbf7acf,completed,2023-03-06 20:43:42.066461,,
c5ce6fd0-3d6b-4c07-8a95-a6729b7d3110,completed,2023-03-06 20:43:42.066461,,
063f64c8-2b05-4f79-958f-94d380e37a3c,completed,2023-03-06 20:43:42.066461,,
a761a0d8-069f-42b4-ad72-c6f2cf60d76a,completed,2023-03-06 20:43:42.066461,,
a007f7b4-ae2f-4efb-a746-75d6c42cf71f,completed,2023-03-06 20:43:42.066461,,
c9e7a9d7-819c-4e4d-a25e-d4531256fbbe,completed,2023-03-06 20:43:42.066461,,
4994f80e-9634-4409-8102-677c5d35f6a8,completed,2023-03-06 20:43:42.066461,,
3dfe9fba-2771-4e7c-8586-252dac54df64,completed,2023-03-06 20:43:42.066461,,
cbd9b3e0-47a6-466f-a36b-2616ef285c71,completed,2023-03-06 20:43:42.066461,,
c65f7268-d20f-40ad-9334-a35570422818,completed,2023-03-06 20:43:42.066461,,
096ffc7e-fcf7-4e13-aba9-6c2f839c54e6,completed,2023-03-06 20:43:42.066461,,
ccc12731-e70f-4530-849e-d986a1002499,completed,2023-03-06 20:43:42.066461,,
0069e8f1-2128-4fd8-8266-00edc4182106,completed,2023-03-06 20:43:42.066461,,
c49bb9fb-a680-4048-8198-f3d23a29c2dc,completed,2023-03-06 20:43:42.066461,,
b39d3a1a-7a2c-4746-a574-c90e387f3b3f,completed,2023-03-06 20:43:42.066461,,
a055ef25-48cc-4e6f-a258-fa564f6e3b56,completed,2023-03-06 20:43:42.066461,,
e09d3602-f01b-4b68-85e2-004b3c6e0ee6,completed,2023-03-06 20:43:42.066461,,
75925778-2103-4e58-b7f0-04df441d95ad,completed,2023-03-06 20:43:42.066461,,
313d8423-e17b-4b81-8119-72474c2f1949,completed,2023-03-06 20:43:42.066461,,
b456393c-3acd-4d80-9bb6-de11abce77e2,completed,2023-03-06 20:43:42.066461,,
620e12d3-5648-4348-8420-65bcf6d77807,completed,2023-03-06 20:43:42.066461,,
c45ba161-1abd-49a5-803b-0d56d9521fcb,completed,2023-03-06 20:43:42.066461,,
7faedebf-0442-41f1-a95b-ca02b557ff7f,completed,2023-03-06 20:43:42.066461,,
4a85a7ec-3e31-4a62-bf3a-d47be6fe482e,completed,2023-03-06 20:43:42.066461,,
044dc30b-80bc-4fa0-b3b0-4c82e027382a,completed,2023-03-06 20:43:42.066461,,
73b2c1aa-ee07-488f-80be-62bbc956d491,completed,2023-03-06 20:43:42.066461,,
ac42e0b6-e82c-43d6-bd7f-2037429e7545,completed,2023-03-06 20:43:42.066461,,
26cf1738-554d-4ba4-9e6a-ecca0fb6aca6,completed,2023-03-06 20:43:42.066461,,
5df1a152-a1e3-4e8c-918d-b8f415ce1d17,completed,2023-03-06 20:43:42.066461,,
4c5443df-4784-490c-b27d-ae83793b2d81,completed,2023-03-06 20:43:42.066461,,
005141b2-7610-4397-8fbe-70c9812efb3e,completed,2023-03-06 20:43:42.066461,,
2ac06d30-dc46-4f75-8cf9-9866a4771653,completed,2023-03-06 20:43:42.066461,,
603b9fa3-88d4-4e60-ad40-1a5f5489fc8e,completed,2023-03-06 20:43:42.066461,,
59ee369f-18f5-4ff2-a00f-55529a27817e,completed,2023-03-06 20:43:42.066461,,
01f566e3-62b0-44d5-b308-533f86f39e8d,completed,2023-03-06 20:43:42.066461,,
185ad63f-c401-4a23-86af-1e2c3a80584d,completed,2023-03-06 20:43:42.066461,,
fb43927d-8690-43d1-9e29-bbc43a205b37,completed,2023-03-06 20:43:42.066461,,
c19b5b06-a13f-4bad-9f73-b65cc9313757,completed,2023-03-06 20:43:42.066461,,
16f50832-385f-42e3-927f-b7700f7488bc,completed,2023-03-06 20:43:42.066461,,
945d83ec-53e4-4435-bb6d-2cb4324b95e7,completed,2023-03-06 20:43:42.066461,,
6e7cc1ea-295e-4325-b959-b6c6b3f3a05d,completed,2023-03-06 20:43:42.066461,,
97b0c947-e1fe-45de-8ace-534dfe7f638c,completed,2023-03-06 20:43:42.066461,,
1bd4ff24-936e-449b-aa96-9853ab378641,completed,2023-03-06 20:43:42.066461,,
56b2e80d-caeb-4a58-9252-6734c925b4a7,completed,2023-03-06 20:43:42.066461,,
61839fa2-443f-4224-bc2c-0e6e21b520c7,completed,2023-03-06 20:43:42.066461,,
b96cbc96-dd48-4bff-9613-cd30be31ae48,completed,2023-03-06 20:43:42.066461,,
5e53cdf7-0ef5-416f-b90e-3b0a4bac1b82,completed,2023-03-06 20:43:42.066461,,
8cf8067e-4f96-4cff-a17e-54dea1c0054a,completed,2023-03-06 20:43:42.066461,,
39f89c32-83eb-4380-bcd6-0a443bf48172,completed,2023-03-06 20:43:42.066461,,
d88a20ab-b68a-4d60-8e43-ce00deaa9d64,completed,2023-03-06 20:43:42.066461,,
d978d828-ce8a-4f44-a600-2a329f13d3a1,completed,2023-03-06 20:43:42.066461,,
bc5f51bc-ac2b-4258-9b8e-96fc2e7417be,completed,2023-03-06 20:43:42.066461,,
f6de46d3-74b3-4c96-bfca-a258f52db928,completed,2023-03-06 20:43:42.066461,,
e93e7c5f-76a6-46b1-aab0-cf1ce75e9d3e,completed,2023-03-06 20:43:42.066461,,
67db0514-f924-49c4-ad28-9e39dfbf77f2,completed,2023-03-06 20:43:42.066461,,
72c4f59e-61f5-483b-ad4e-c677464cc8ca,completed,2023-03-06 20:43:42.066461,,
34e7f55a-599d-4128-a835-8b533fc37d05,completed,2023-03-06 20:43:42.066461,,
f23f331a-c434-4605-896f-0bdd427c3517,completed,2023-03-06 20:43:42.066461,,
4e65ef5a-f79a-412a-bc30-4c18d0020f4f,completed,2023-03-06 20:43:42.066461,,
ec56bfa0-6249-4043-8490-76c8a7270845,completed,2023-03-06 20:43:42.066461,,
eaf546bf-15ec-4192-80ba-b7efd4908bbc,completed,2023-03-06 20:43:42.066461,,
140f9ae1-a9ba-40ac-9164-40adf13792ea,completed,2023-03-06 20:43:42.066461,,
9ba7230e-8cb4-49d4-9e1d-5519f8d617c8,completed,2023-03-06 20:43:42.066461,,
c094c8c9-0112-4425-a219-f3874170096a,completed,2023-03-06 20:43:42.066461,,
915a15d6-ea67-4cbc-bb67-0d255dc58bc0,completed,2023-03-06 20:43:42.066461,,
d8480d33-2cc9-4e28-97ee-52dc505fcb1a,completed,2023-03-06 20:43:42.066461,,
ec5248a2-fc5a-462d-81a3-752ce3b60e60,completed,2023-03-06 20:43:42.066461,,
e1858e1a-87c9-4d36-bd99-55f0a17e514d,completed,2023-03-06 20:43:42.066461,,
66f7189b-c9f9-450e-86a2-4f354dd807cb,completed,2023-03-06 20:43:42.066461,,
884ac8df-87ef-43e7-bbbc-03b1509b641e,completed,2023-03-06 20:43:42.066461,,
2d732c77-d7a7-46ce-8e54-0fcfe68ad9eb,completed,2023-03-06 20:43:42.066461,,
97aca843-3afe-476d-966d-dfe352967f0f,completed,2023-03-06 20:43:42.066461,,
89c24266-f334-4240-9853-94cbbe83629d,completed,2023-03-06 20:43:42.066461,,
f7c8508f-f633-4c09-bfff-1cf5690e3aca,completed,2023-03-06 20:43:42.066461,,
7bc7d6e8-ee81-4eaa-b289-56768a88dfad,completed,2023-03-06 20:43:42.066461,,
82dd80fa-62b7-4513-82ea-df077ee5f3a7,completed,2023-03-06 20:43:42.066461,,
efc6a174-9f0a-4bc3-95fd-ea76318f4270,completed,2023-03-06 20:43:42.066461,,
abc9898f-d7ea-472b-a061-7473708eb8ef,completed,2023-03-06 20:43:42.066461,,
8d86ca51-63a0-44bf-9545-abf340ea5a6b,completed,2023-03-06 20:43:42.066461,,
fb35c6d9-a08c-4c12-a708-a22dbd67e886,completed,2023-03-06 20:43:42.066461,,
4c0f1556-02de-4748-9e44-042695ee5b7f,completed,2023-03-06 20:43:42.066461,,
b442ccbc-df64-4cac-acf7-d4bbd726d063,completed,2023-03-06 20:43:42.066461,,
54f00c42-2b1c-43bc-a0fa-12358a1e07b0,completed,2023-03-06 20:43:42.066461,,
8c38db15-3fe7-4cdb-b66a-6395670ea93a,completed,2023-03-06 20:43:42.066461,,
32ae0f96-d817-45e0-8320-869a58166abc,completed,2023-03-06 20:43:42.066461,,
94c2fd96-e775-4b89-bc84-1e635b5da827,completed,2023-03-06 20:43:42.066461,,
6653622d-5e88-4464-8222-30a860d5ae2c,completed,2023-03-06 20:43:42.066461,,
58cadafe-0c4e-4fbb-bdce-7f32d2a5cb5b,completed,2023-03-06 20:43:42.066461,,
bc38dbb0-b0f6-44fb-bb78-6a25d9c9d41a,completed,2023-03-06 20:43:42.066461,,
9c19f01e-420d-46f2-b05b-d83fea38e50b,failed,2023-03-06 20:43:42.066461,,
8cf8e41a-6300-40e3-a3df-9066c6342a62,completed,2023-03-06 20:43:42.066461,,
9f2d9c7c-4fc2-4236-83e1-b745c2d2beae,completed,2023-03-06 20:43:42.066461,,
b6358a4b-7994-49f6-b789-8f9b0377f5c0,completed,2023-03-06 20:43:42.066461,,
06474019-1558-4d0f-b012-a48c9a833a63,completed,2023-03-06 20:43:42.066461,,
46485039-0b97-4b65-8328-6858cd420758,completed,2023-03-06 20:43:42.066461,,
0eef2f94-4ebc-4bf4-b7fc-598fc1833e29,completed,2023-03-06 20:43:42.066461,,
ce5f7845-6d42-479d-acac-9a40fb564e8c,completed,2023-03-06 20:43:42.066461,,
f563d03a-b2cb-4141-a32c-b8e0b9619761,completed,2023-03-06 20:43:42.066461,,
6c36bccd-c5bc-4371-a787-91c36d4bf58e,completed,2023-03-06 20:43:42.066461,,
df4a480a-1bf2-476f-9bcc-d2d9715a02b9,completed,2023-03-06 20:43:42.066461,,
5066a378-13fb-498c-8541-2e225205670e,completed,2023-03-06 20:43:42.066461,,
fc229aa6-59f1-4cc1-ab92-da1578f89c7e,completed,2023-03-06 20:43:42.066461,,
db1e2e32-f433-4d9e-8538-d1771e4d5e9d,completed,2023-03-06 20:43:42.066461,,
df1241ed-9ad7-491a-b67a-0c1bacd29605,completed,2023-03-06 20:43:42.066461,,
f12838f2-db63-4955-a888-67e6eea00cfd,completed,2023-03-06 20:43:42.066461,,
1d04e3df-b379-4658-8ce7-d4a0d748dc3d,completed,2023-03-06 20:43:42.066461,,
810f00d5-9012-43cb-9ea2-12444118b017,completed,2023-03-06 20:43:42.066461,,
f94354f8-559c-4c06-ad70-8f4046c53696,completed,2023-03-06 20:43:42.066461,,
3e1a1291-f9af-4b69-a7ff-a23cce056813,completed,2023-03-06 20:43:42.066461,,
da93f78d-c933-4312-bf97-84d05397d682,completed,2023-03-06 20:43:42.066461,,
b6b1d833-4e8f-45e0-82aa-03b4f37716eb,completed,2023-03-06 20:43:42.066461,,
091331a3-9fb8-4417-a874-ed738ee9c14b,completed,2023-03-06 20:43:42.066461,,
f5b842ba-b108-4674-897a-73a19aec0c08,completed,2023-03-06 20:43:42.066461,,
769fdb80-1cb4-4534-b9c9-ed564c0e5b12,completed,2023-03-06 20:43:42.066461,,
255dba2b-8bf5-472e-a737-c8f95a4a4af4,completed,2023-03-06 20:43:42.066461,,
a7e86699-3558-4668-856a-7096e56a24d9,completed,2023-03-06 20:43:42.066461,,
0ecb01bb-028b-4ad6-a022-d6fe40b31a56,completed,2023-03-06 20:43:42.066461,,
534a574c-ee51-419f-83b8-6727f122b274,completed,2023-03-06 20:43:42.066461,,
3fcc0ed0-4060-4a32-a1ca-4fb91ece460b,completed,2023-03-06 20:43:42.066461,,
2f3085c1-d038-4e2b-a178-d793cc955658,completed,2023-03-06 20:43:42.066461,,
460639ea-d94d-4fbd-a910-541313d80f5a,completed,2023-03-06 20:43:42.066461,,
48398e23-66ab-4fe4-a385-b13a52b195b0,completed,2023-03-06 20:43:42.066461,,
cc40f918-33a7-4058-ae71-2f9eaf6cf67e,failed,2023-03-06 20:43:42.066461,,
942e14df-c096-46ea-af4b-9294ef04b81f,completed,2023-03-06 20:43:42.066461,,
39dbed28-f860-4703-9670-e9c64e212a9a,completed,2023-03-06 20:43:42.066461,,
8c736446-7bed-41b8-80a7-0091050744f0,completed,2023-03-06 20:43:42.066461,,
f1e3bf6a-a65a-4afb-8fc7-b253162bb20f,completed,2023-03-06 20:43:42.066461,,
a8df5f00-1e8c-4891-b513-eab1f0b65e30,completed,2023-03-06 20:43:42.066461,,
b793bf51-7128-44ee-b33f-e34204019d70,completed,2023-03-06 20:43:42.066461,,
c5c349e5-d381-421c-af28-b1a21bfa44a7,completed,2023-03-06 20:43:42.066461,,
1c7c0050-0b46-4d4c-b216-19e90ed78a8b,completed,2023-03-06 20:43:42.066461,,
bba24a95-6cbd-4e87-8f5e-effc0fb65f8e,completed,2023-03-06 20:43:42.066461,,
dc4ce6d0-a48b-4d1e-98ee-d8716a21feac,completed,2023-03-06 20:43:42.066461,,
ebecbd5e-38ea-47c9-9e47-b0b4e3782015,completed,2023-03-06 20:43:42.066461,,
32fe7fff-0f6c-4d2f-8565-fffcda89d836,completed,2023-03-06 20:43:42.066461,,
fa299e6b-bc05-4078-b9bf-0a4198a18571,completed,2023-03-06 20:43:42.066461,,
89e3b7a7-7bfd-41e7-b0b8-e437ceb3dd6e,completed,2023-03-06 20:43:42.066461,,
98ef31fd-286b-4a88-a3a4-efec05f7b607,completed,2023-03-06 20:43:42.066461,,
90f84100-95a3-4e24-be06-83e855dd1776,completed,2023-03-06 20:43:42.066461,,
f7712a75-2e3d-4e56-8179-66c6613b0c53,completed,2023-03-06 20:43:42.066461,,
ea2114ec-0201-4264-8836-17217d26fe8c,completed,2023-03-06 20:43:42.066461,,
189915bf-d283-4bc3-9781-645be522e7c6,completed,2023-03-06 20:43:42.066461,,
1a9f0bed-0902-4d2e-be73-8000a49f4cc7,completed,2023-03-06 20:43:42.066461,,
f002775c-51d2-4dad-b68c-fc964380c6bb,completed,2023-03-06 20:43:42.066461,,
0a0824b1-0ffa-410f-b32f-c2fd78f083f2,completed,2023-03-06 20:43:42.066461,,
f9f9f05c-4a57-4c6c-9657-5927489bc0b1,completed,2023-03-06 20:43:42.066461,,
6ab45038-0ffe-41b1-a234-7b4916a80683,completed,2023-03-06 20:43:42.066461,,
16a9128e-5feb-456c-9445-055567fdeffb,completed,2023-03-06 20:43:42.066461,,
b59e150e-459a-4908-a663-24d5b4b3316d,completed,2023-03-06 20:43:42.066461,,
1bd27475-bcf6-4110-840e-647d9fab5a53,completed,2023-03-06 20:43:42.066461,,
e53f93fd-4a8b-4d23-97ca-330eef91d366,completed,2023-03-06 20:43:42.066461,,
0c1395a0-3839-48bc-8d1f-bc851a526c25,completed,2023-03-06 20:43:42.066461,,
c7e70e78-8235-40a8-9a30-6c0757eeb008,completed,2023-03-06 20:43:42.066461,,
4d8e78d9-035f-4d20-96bc-f5bcaa8c6afa,completed,2023-03-06 20:43:42.066461,,
1bcaffdc-2bd3-4251-bb02-c560576088ea,completed,2023-03-06 20:43:42.066461,,
4dca11b8-8f72-444b-afc0-cade3dd32532,completed,2023-03-06 20:43:42.066461,,
5d007e06-2180-4149-8d84-2904a4c6cfdf,completed,2023-03-06 20:43:42.066461,,
cef8073c-9dee-47b4-b51f-03780e6bad9d,completed,2023-03-06 20:43:42.066461,,
459c41da-6687-47ad-b39f-37f9e6f840c4,completed,2023-03-06 20:43:42.066461,,
9b9abc8e-a115-4f17-b0fa-a63afde6120c,completed,2023-03-06 20:43:42.066461,,
2ecaf727-a7bb-46fd-8c94-440395cb64b9,completed,2023-03-06 20:43:42.066461,,
7c8ea761-9844-4079-9557-c69943477a3e,completed,2023-03-06 20:43:42.066461,,
24975e7e-3302-42f7-8c2f-ebd2b625d4e0,completed,2023-03-06 20:43:42.066461,,
48f23d93-2885-40e1-8407-aad6d68f4f76,completed,2023-03-06 20:43:42.066461,,
5248ca6e-847b-489e-a335-5b4280484f19,completed,2023-03-06 20:43:42.066461,,
e1bc5f8c-67ad-4bbc-bf32-57e966ad840c,completed,2023-03-06 20:43:42.066461,,
7adcd316-87bc-44a9-8357-d26f17d5bc49,completed,2023-03-06 20:43:42.066461,,
ced29756-80ea-4b89-8a7d-4da68e83eb82,completed,2023-03-06 20:43:42.066461,,
cafb5a03-ece6-45e7-9175-1a2f9bed9510,completed,2023-03-06 20:43:42.066461,,
a590d8c3-7694-4fcc-ab06-e5aaa7e2495a,completed,2023-03-06 20:43:42.066461,,
fca6b2be-c0c1-43a8-a5df-e6800ef5697c,completed,2023-03-06 20:43:42.066461,,
e964d739-0b72-4a14-8925-7e8ca126cff7,completed,2023-03-06 20:43:42.066461,,
364ee512-aa33-44a8-b581-c7ac07b99325,completed,2023-03-06 20:43:42.066461,,
be8aa9ea-583d-4f8d-90c2-b048a827ca7a,completed,2023-03-06 20:43:42.066461,,
46e7e247-d454-4623-b7d3-bca65f46865c,completed,2023-03-06 20:43:42.066461,,
d4e1f1f9-2ae6-46e0-b114-7c5ff0ac5dc2,completed,2023-03-06 20:43:42.066461,,
293eda38-5c74-4662-b719-83a762e7b762,completed,2023-03-06 20:43:42.066461,,
41813f89-969d-4ef9-ba0f-77de5b8b5097,completed,2023-03-06 20:43:42.066461,,
c24622b7-4be8-4e2d-924a-eb64420b31fc,completed,2023-03-06 20:43:42.066461,,
6913fa54-4631-4be3-a4a2-8f5669ce8183,completed,2023-03-06 20:43:42.066461,,
c275150d-d3d4-418f-b646-71eee014ac7d,completed,2023-03-06 20:43:42.066461,,
262b9820-437a-4f88-a6a1-d1871f173930,completed,2023-03-06 20:43:42.066461,,
1d644b0a-c1be-43f1-83ef-c711b7dbffff,completed,2023-03-06 20:43:42.066461,,
5bd22537-66d7-41df-9072-777830a0c012,completed,2023-03-06 20:43:42.066461,,
5cca4bc3-a78c-48de-bdf8-48f758debfa2,completed,2023-03-06 20:43:42.066461,,
64445098-b660-4d6e-a127-cacca03d27da,completed,2023-03-06 20:43:42.066461,,
77de1f38-3b12-4889-80e0-ef5f242036c5,completed,2023-03-06 20:43:42.066461,,
389f1678-c367-48d7-9854-2eed1e2f4ce0,completed,2023-03-06 20:43:42.066461,,
90ddf976-8666-4b44-bed3-101064e0eb8c,completed,2023-03-06 20:43:42.066461,,
1fae031a-c999-4489-873b-d44cbeeff1ca,completed,2023-03-06 20:43:42.066461,,
c77fbc1c-94e4-414a-ba38-4a514bfef076,completed,2023-03-06 20:43:42.066461,,
4fc4b117-42a8-4c6a-8f92-745b81492304,completed,2023-03-06 20:43:42.066461,,
a5b307b0-379f-4323-9ea5-7b03e0c86e4d,completed,2023-03-06 20:43:42.066461,,
1ad98fbf-2c54-46ad-a5c8-4a8bd9ea6087,completed,2023-03-06 20:43:42.066461,,
5ef510b6-9095-4331-b96e-6f672a68117f,completed,2023-03-06 20:43:42.066461,,
13d05453-8e55-4965-a74a-05247121a25b,completed,2023-03-06 20:43:42.066461,,
ef3505bb-618e-4ee7-989c-ec5e0e53708e,completed,2023-03-06 20:43:42.066461,,
bae76ed5-43a4-4f79-8a09-f79e7a5e6f1a,completed,2023-03-06 20:43:42.066461,,
cc2ea9de-4237-419e-9146-b484c2d9359e,completed,2023-03-06 20:43:42.066461,,
7407cef6-d45b-412d-8fe0-8fe4a1bbb318,completed,2023-03-06 20:43:42.066461,,
2809dbc0-6632-4c39-a26b-74fe31357ff6,completed,2023-03-06 20:43:42.066461,,
98071149-fd50-422f-b0ef-1021dc9256dd,completed,2023-03-06 20:43:42.066461,,
71128540-3107-4d8b-8d2c-43c4f2f6a9ef,completed,2023-03-06 20:43:42.066461,,
be9d7140-cb70-4694-89e5-e5bbab9bfbc4,completed,2023-03-06 20:43:42.066461,,
9ca249ca-0dfb-43d6-b2b1-6acd83fd66b4,completed,2023-03-06 20:43:42.066461,,
c84001d9-e5dd-48ec-958b-b2d314f1e493,failed,2023-03-06 20:43:42.066461,,
7706d509-48b2-45e1-8576-de81432a6a39,completed,2023-03-06 20:43:42.066461,,
b57c373d-1486-4548-8bfb-d7b520607f5b,completed,2023-03-06 20:43:42.066461,,
90f82eea-b877-4bee-a0c1-fdb0a99b261b,completed,2023-03-06 20:43:42.066461,,
a9fc5aee-ce08-4dda-a7f0-d78321b0a074,completed,2023-03-06 20:43:42.066461,,
0b1ba5a7-41af-478f-b2bb-e5c52de3b846,completed,2023-03-06 20:43:42.066461,,
15024036-6462-40b5-9c06-da2d73ea41ec,completed,2023-03-06 20:43:42.066461,,
09117a55-c02c-4c79-a2c8-e7bf1d549d8f,completed,2023-03-06 20:43:42.066461,,
54bc7f21-5abe-4314-99a2-f345d6f84e65,completed,2023-03-06 20:43:42.066461,,
f4fac8d7-a5e3-45fc-8cfc-3202a9244c59,completed,2023-03-06 20:43:42.066461,,
85638d09-91ba-4a0a-a67b-2f36340459ed,completed,2023-03-06 20:43:42.066461,,
39403393-8f1f-4cad-ac8e-8ae26d71fd69,completed,2023-03-06 20:43:42.066461,,
7ee88d99-c1db-4496-95f9-7bf8da6b4b18,completed,2023-03-06 20:43:42.066461,,
5bfc1b54-3650-4e79-b1ff-1bb5d4f41070,completed,2023-03-06 20:43:42.066461,,
625444f0-1b70-459c-9182-ee80e4fb461c,completed,2023-03-06 20:43:42.066461,,
10784713-ad30-436f-991b-1f9ed5bbeb27,completed,2023-03-06 20:43:42.066461,,
35feea16-cb39-4b5c-b0e3-9be7887b4c3c,completed,2023-03-06 20:43:42.066461,,
7d5a6675-4315-4479-8d48-22e170727119,completed,2023-03-06 20:43:42.066461,,
410d84db-12cf-491a-a790-bd4ce5d1f833,completed,2023-03-06 20:43:42.066461,,
7ea8c4a3-1a5a-4098-a16d-60e737df8096,completed,2023-03-06 20:43:42.066461,,
f0439027-4ead-4eb7-902c-17642f5b7f06,completed,2023-03-06 20:43:42.066461,,
6474d7b3-dbe8-41ea-84dc-159cbd9a98ac,completed,2023-03-06 20:43:42.066461,,
a6909b32-6cc6-40c4-9e53-21d474a5e46d,completed,2023-03-06 20:43:42.066461,,
d239ab11-4929-4f60-8421-b87d16eaad6f,completed,2023-03-06 20:43:42.066461,,
fcf087f2-1c40-4f36-8de9-16444b49132e,completed,2023-03-06 20:43:42.066461,,
376ad458-6e35-410f-9040-a2a2690a9b81,completed,2023-03-06 20:43:42.066461,,
1bf70fd5-aa94-48e6-8a64-63cf07ebca4e,completed,2023-03-06 20:43:42.066461,,
a66e1a63-939c-474e-a568-c988be303293,completed,2023-03-06 20:43:42.066461,,
afc4fb6d-9e50-4b0c-bc83-c0a77cdeeb47,completed,2023-03-06 20:43:42.066461,,
b933d2ba-af94-4e35-9f9f-02cf27b2c256,completed,2023-03-06 20:43:42.066461,,
279df96a-dc21-470a-8aca-8fc17a5d0a1b,completed,2023-03-06 20:43:42.066461,,
d4962601-40c1-4d92-951c-330566c30979,completed,2023-03-06 20:43:42.066461,,
933bd302-01a0-45ad-af7e-edc4c50014f8,completed,2023-03-06 20:43:42.066461,,
bd62985a-6ac5-4fb6-b19f-3d893f1c8cc0,completed,2023-03-06 20:43:42.066461,,
36e86180-58ec-4dc9-b0d6-b8f5d3a20808,completed,2023-03-06 20:43:42.066461,,
1c211b69-6b3e-4d3c-9c8e-2d30050b48ec,completed,2023-03-06 20:43:42.066461,,
040101da-0c1a-4503-bc62-3287f938dab5,completed,2023-03-06 20:43:42.066461,,
4d39cda9-6ed6-477b-8e16-4d7c1fcbd69b,completed,2023-03-06 20:43:42.066461,,
c9a9fe52-1711-409b-9621-2701b4a1dbce,completed,2023-03-06 20:43:42.066461,,
3b1d307e-a8a1-4df5-a928-5ffe11c5096f,completed,2023-03-06 20:43:42.066461,,
0cb3fd4e-8034-4fc1-b1fb-e8b5d5c23a8d,completed,2023-03-06 20:43:42.066461,,
dde48fed-8d06-479f-96f6-6105425e3833,completed,2023-03-06 20:43:42.066461,,
ce5c5aa3-336c-46ba-b1bf-a20dbfb22ee8,completed,2023-03-06 20:43:42.066461,,
74c7b9cb-8264-441f-9874-8d0773f74dae,completed,2023-03-06 20:43:42.066461,,
214daaf8-be9b-4151-a2e2-b77174abf3a5,completed,2023-03-06 20:43:42.066461,,
238e8be6-387b-4ed4-9729-b5cef2e9bca9,completed,2023-03-06 20:43:42.066461,,
282b5dd4-5e1b-4d55-a76f-27615800900c,completed,2023-03-06 20:43:42.066461,,
56971f93-5b29-42eb-b1bc-e340909a422c,completed,2023-03-06 20:43:42.066461,,
a3b18e33-62fe-491d-a99b-2b370bc5083e,completed,2023-03-06 20:43:42.066461,,
281b98ea-d4f4-4025-8386-703d0d3205af,completed,2023-03-06 20:43:42.066461,,
d61b9e6b-4703-498b-b73f-7738f8afa764,completed,2023-03-06 20:43:42.066461,,
095ff7a5-5499-4289-a41f-5b376c21e678,completed,2023-03-06 20:43:42.066461,,
7902fdf2-816f-4f41-826b-0d56a6ae26b8,completed,2023-03-06 20:43:42.066461,,
0a35c60c-bcee-4d4e-855c-23fdaa698597,completed,2023-03-06 20:43:42.066461,,
9223fc05-e293-43e1-bf72-1e7dd16ff0fe,completed,2023-03-06 20:43:42.066461,,
dab4abbf-02cc-47c0-b163-0884ea7d4fc8,completed,2023-03-06 20:43:42.066461,,
fef002e9-cb72-426c-aac0-41b35b2a0685,completed,2023-03-06 20:43:42.066461,,
7052d99a-d377-4c6c-9328-32d16b296640,completed,2023-03-06 20:43:42.066461,,
bcc13042-1414-4e7d-a560-c2a3069a1f91,completed,2023-03-06 20:43:42.066461,,
ed179973-3a55-4e87-a717-d79ca20f7dc8,completed,2023-03-06 20:43:42.066461,,
ed914496-2f8a-4d81-87b6-139008401ff4,completed,2023-03-06 20:43:42.066461,,
17cc3279-cbca-44ff-bef4-fa846c9314b6,completed,2023-03-06 20:43:42.066461,,
bc64d4c2-fd32-4eb8-aaf4-4dbe5f245ed6,completed,2023-03-06 20:43:42.066461,,
2866b243-1a7f-45a0-ae78-763fc50b5474,completed,2023-03-06 20:43:42.066461,,
3a25b231-436b-47fd-84d4-53be8df27a72,completed,2023-03-06 20:43:42.066461,,
ad6c4c81-a014-40e8-8ee2-c905dcc53751,completed,2023-03-06 20:43:42.066461,,
9792e80a-581d-4569-b623-28677a148b94,completed,2023-03-06 20:43:42.066461,,
a037eaa9-13a2-4f89-a19f-596003dddb3a,completed,2023-03-06 20:43:42.066461,,
69821f1a-8b7d-4e2e-9c83-0981fbb4c0a9,completed,2023-03-06 20:43:42.066461,,
42d13e42-e933-45df-be7d-50af26bdd5ea,completed,2023-03-06 20:43:42.066461,,
c0df00c5-84c0-46cd-9677-0bbc62eccdd8,completed,2023-03-06 20:43:42.066461,,
488de6ce-012e-466b-b864-e029bd4e1b34,completed,2023-03-06 20:43:42.066461,,
58d616e9-846a-4057-a390-0c5dd22ce26c,completed,2023-03-06 20:43:42.066461,,
c75e9cbf-0ee9-4bdf-a2c2-e70ce8a56616,completed,2023-03-06 20:43:42.066461,,
0cca7b54-2da2-4082-add9-6c5299d4c62f,completed,2023-03-06 20:43:42.066461,,
696de483-2057-4849-918d-2ff7276de35c,completed,2023-03-06 20:43:42.066461,,
ef15455c-505e-470c-9c95-33dc608221b5,completed,2023-03-06 20:43:42.066461,,
cd89e983-8124-4cb9-9312-e75c95a4fc7e,completed,2023-03-06 20:43:42.066461,,
41619152-e6a8-4697-981d-0ed254460153,completed,2023-03-06 20:43:42.066461,,
1bf58d26-9bc3-44c1-96c0-a9ba604462a2,completed,2023-03-06 20:43:42.066461,,
d6761175-ac0a-4b4e-927a-8e4983c6d5be,completed,2023-03-06 20:43:42.066461,,
6087dd53-bd24-4d94-9b48-bc4e80e3d7b2,completed,2023-03-06 20:43:42.066461,,
e62aa65b-05c9-49fa-ba5e-0597c044ef01,completed,2023-03-06 20:43:42.066461,,
39dbcd12-e586-41ef-933e-e241aec14286,completed,2023-03-06 20:43:42.066461,,
5a8ec01e-4e1b-4932-8b71-85d90742b2b0,completed,2023-03-06 20:43:42.066461,,
0f67f702-8725-41d7-8ba8-e24fc08ac457,completed,2023-03-06 20:43:42.066461,,
a4a6c672-a331-4762-9543-cf964f54c4c5,completed,2023-03-06 20:43:42.066461,,
2ccd44f4-273f-4211-9e9c-5eb58ac5e572,completed,2023-03-06 20:43:42.066461,,
cd634f78-cf95-484b-a2d6-fd2cd80c0eaa,completed,2023-03-06 20:43:42.066461,,
05364910-cd32-43d4-81c0-d4a49ace2a96,completed,2023-03-06 20:43:42.066461,,
523a0025-1bd7-422b-a65f-c0e8c0b9ef12,completed,2023-03-06 20:43:42.066461,,
8b6d6508-ddb3-484f-8d0e-96d3bea7d55f,completed,2023-03-06 20:43:42.066461,,
d2fd86b4-ed3d-45ee-ace9-1774e58d8de1,completed,2023-03-06 20:43:42.066461,,
240d9eb3-97bc-48a6-a20c-d17fcdd9aa58,completed,2023-03-06 20:43:42.066461,,
29259532-6771-4006-80ea-93cb50cf61dc,completed,2023-03-06 20:43:42.066461,,
01020e7a-9ae6-4873-bf0a-a34d1a162ed7,completed,2023-03-06 20:43:42.066461,,
2e5b874f-0884-4c60-81d3-f41edfb57bff,completed,2023-03-06 20:43:42.066461,,
9a9b94f1-03c5-418a-8304-712ca0e5ef0e,completed,2023-03-06 20:43:42.066461,,
bcb0cb3b-5c3b-42fa-9680-59096a324c52,completed,2023-03-06 20:43:42.066461,,
75e46b64-fd0d-463f-b980-97e41cb5b19f,completed,2023-03-06 20:43:42.066461,,
4b3273a8-2f52-492c-bbb3-c4bf1b86dad0,completed,2023-03-06 20:43:42.066461,,
e27deaa1-6ad2-467f-a3cb-dc6dfc1341d9,completed,2023-03-06 20:43:42.066461,,
cb98d3bc-4109-494e-b8b0-c43e7ff30336,completed,2023-03-06 20:43:42.066461,,
cce6de5e-4409-400a-addb-55a5fe76a896,completed,2023-03-06 20:43:42.066461,,
c05d8d2e-f477-4010-9b86-9efc4c229221,completed,2023-03-06 20:43:42.066461,,
6e5a5d7c-e0cb-4de8-be57-f3b27e5a4c56,completed,2023-03-06 20:43:42.066461,,
4daf1185-8ddb-48a3-81a5-b49c6eb5e6fb,completed,2023-03-06 20:43:42.066461,,
15a38520-0287-479a-97e1-d9def943359b,completed,2023-03-06 20:43:42.066461,,
b407cc13-55e1-43e6-b065-1fde8c3ad04a,completed,2023-03-06 20:43:42.066461,,
8ddc93e1-b542-40bb-b67d-d6f720fd6663,completed,2023-03-06 20:43:42.066461,,
d110bd43-7647-49e0-93ff-b94ce6b2e4a6,completed,2023-03-06 20:43:42.066461,,
76f87215-ae18-4ee3-bf91-3a79ad770643,completed,2023-03-06 20:43:42.066461,,
d5c20e6c-342c-43fa-8977-acd094d2ca01,completed,2023-03-06 20:43:42.066461,,
56864e37-519c-4d70-8432-e694f30b6474,completed,2023-03-06 20:43:42.066461,,
61ee748c-df1d-418f-900d-087ac66a6ba6,completed,2023-03-06 20:43:42.066461,,
d5c2cb80-2313-427a-b841-168a56507601,completed,2023-03-06 20:43:42.066461,,
34d3d229-62bc-40d8-bdab-d3cb626eb31b,completed,2023-03-06 20:43:42.066461,,
7f533491-9ccf-4679-a61c-79922528306d,completed,2023-03-06 20:43:42.066461,,
7642fbfa-92c8-4ac7-bff3-fb8591767dcd,completed,2023-03-06 20:43:42.066461,,
7401f65d-3def-42f5-9128-ed50a82e235d,completed,2023-03-06 20:43:42.066461,,
ca43b1a7-9235-49fe-b175-382cb99ae825,completed,2023-03-06 20:43:42.066461,,
df5ec7da-6a14-4787-9fad-95ba224ccb25,completed,2023-03-06 20:43:42.066461,,
d0cede2f-d917-4fe6-9899-d770529db2c8,completed,2023-03-06 20:43:42.066461,,
75fc72b0-acf1-4abf-bcec-97001642ade1,completed,2023-03-06 20:43:42.066461,,
ad5b2496-0438-43f1-8694-749dfff3365b,completed,2023-03-06 20:43:42.066461,,
fb834a57-8158-4815-90e1-4cb87c50f058,completed,2023-03-06 20:43:42.066461,,
78f1407f-e63d-49f1-af8a-08452c0b34c1,completed,2023-03-06 20:43:42.066461,,
e78363e7-2805-4cfe-b355-b27881ab5e6e,completed,2023-03-06 20:43:42.066461,,
22e1fe7b-0119-4717-b0bb-12987a605748,completed,2023-03-06 20:43:42.066461,,
200495fa-25ae-4b72-90b5-6bc56d21f162,completed,2023-03-06 20:43:42.066461,,
0ee7319d-275e-42a5-9874-f94982e5b9d8,completed,2023-03-06 20:43:42.066461,,
096d1bd3-9e27-48da-a83e-67cba66eb31b,completed,2023-03-06 20:43:42.066461,,
fe13f6d3-6910-46b6-a9a5-88486279cd22,completed,2023-03-06 20:43:42.066461,,
6a919b7c-5978-452f-985e-66dd0f667766,completed,2023-03-06 20:43:42.066461,,
41f0fbea-af37-43eb-ba53-ca16d0aebae1,completed,2023-03-06 20:43:42.066461,,
20c93b61-4a02-46b1-8dd9-f5c8969800d0,completed,2023-03-06 20:43:42.066461,,
4f68ceb3-ef39-4629-a0d6-d3244c509578,completed,2023-03-06 20:43:42.066461,,
4ae65b85-310e-4a38-922a-87bfb0b9e048,completed,2023-03-06 20:43:42.066461,,
bc046e77-1e3f-442d-9cf4-8b5822a820a4,completed,2023-03-06 20:43:42.066461,,
23e9f327-1341-4fdd-bcb9-921fc62c5199,completed,2023-03-06 20:43:42.066461,,
1155e41f-f37e-478a-9991-a7e86df32ddf,completed,2023-03-06 20:43:42.066461,,
4e09a01e-0ff1-41e1-ab0a-0622bab2118c,completed,2023-03-06 20:43:42.066461,,
2a908e88-c677-46b1-87e3-1e96da987270,completed,2023-03-06 20:43:42.066461,,
c75a7c15-0933-4c98-9ef4-3dc4ac338e78,completed,2023-03-06 20:43:42.066461,,
213f6675-565d-4a7b-a854-8db9bdbd90be,completed,2023-03-06 20:43:42.066461,,
54a65908-7f6c-42f1-8115-4b859ee4b9dc,completed,2023-03-06 20:43:42.066461,,
3c08b385-9d85-4218-ad8f-cee2484c8bc8,completed,2023-03-06 20:43:42.066461,,
4c769b81-ee9f-4e0f-bc3f-cb4eabfe5d78,completed,2023-03-06 20:43:42.066461,,
1dd0e9df-2289-4abc-842c-31556949b041,completed,2023-03-06 20:43:42.066461,,
a31d62fe-67e9-434c-916c-6da357d76e38,completed,2023-03-06 20:43:42.066461,,
94dd5dd6-4a26-4402-9644-289515ef46aa,completed,2023-03-06 20:43:42.066461,,
5813342c-4adb-420f-89bc-cb3071e16182,completed,2023-03-06 20:43:42.066461,,
4edc149c-8f2b-4226-960d-ac48704d5cbd,failed,2023-03-06 20:43:42.066461,,
34bc949e-7d42-47a9-a430-e0724d6be35a,completed,2023-03-06 20:43:42.066461,,
ffe95f80-2925-434d-a54a-8cd2fa5ed5cd,completed,2023-03-06 20:43:42.066461,,
82862a7d-8e80-4930-8eec-e1e19217830d,completed,2023-03-06 20:43:42.066461,,
241fa6a9-7b1c-43c0-84f4-8b3f2ae34326,completed,2023-03-06 20:43:42.066461,,
4316f64c-8c93-453a-8b78-f49d22f37822,completed,2023-03-06 20:43:42.066461,,
7cedc875-7b7c-4416-afec-32ed69a81607,completed,2023-03-06 20:43:42.066461,,
48622770-537d-4d18-8f57-d9ca506d24c0,completed,2023-03-06 20:43:42.066461,,
d9427fa8-80c8-480d-abcc-fccd4c67dee9,completed,2023-03-06 20:43:42.066461,,
10e68343-858c-4314-b428-9587084817c6,completed,2023-03-06 20:43:42.066461,,
878c747f-8e0e-49d4-8488-0981cdfe9256,completed,2023-03-06 20:43:42.066461,,
940c06c4-f372-4e43-ac50-fc110eba2fe3,completed,2023-03-06 20:43:42.066461,,
dd8b8cad-b54a-4d4f-a042-3abb853f3564,completed,2023-03-06 20:43:42.066461,,
14fd3d34-931c-4699-95fc-cbbf930f0858,completed,2023-03-06 20:43:42.066461,,
39dbce35-059a-4c42-86c5-81b8aa430e6f,completed,2023-03-06 20:43:42.066461,,
95d3e4ac-be45-4aad-b841-63c955ac5e9c,completed,2023-03-06 20:43:42.066461,,
6e9c4392-470e-4b0d-9604-191d5c5a3c37,completed,2023-03-06 20:43:42.066461,,
596bac37-e271-47f5-a73a-43162eef2ad1,completed,2023-03-06 20:43:42.066461,,
183b8b24-71b3-47dd-899c-880606932cd7,completed,2023-03-06 20:43:42.066461,,
b3602b05-9424-4d1f-9a20-98e0a44a0b39,completed,2023-03-06 20:43:42.066461,,
bddc7d44-1e2a-422b-a5d7-e2703deebad0,completed,2023-03-06 20:43:42.066461,,
93bdbf44-7005-45e1-846e-2e8376326a36,completed,2023-03-06 20:43:42.066461,,
7f46a2e9-ee37-4ec5-8f7a-a29c0fa144ee,completed,2023-03-06 20:43:42.066461,,
9f75b6fb-2dd6-4a19-af53-981589bc4217,completed,2023-03-06 20:43:42.066461,,
2fb394e5-6502-421f-9e39-8cc7e480f9a6,completed,2023-03-06 20:43:42.066461,,
2f5e815a-bde8-4e94-bf49-dd4501d722e8,completed,2023-03-06 20:43:42.066461,,
9ca0f3cd-58a1-4ee4-9cb6-9a6396a6d325,completed,2023-03-06 20:43:42.066461,,
620fdfd4-d7fd-4ddd-b6c1-80269c7b5e02,completed,2023-03-06 20:43:42.066461,,
d023d01d-672d-4426-81d5-c5ac742e5717,completed,2023-03-06 20:43:42.066461,,
cc107696-5269-46bf-b903-7cbdb4aab42a,completed,2023-03-06 20:43:42.066461,,
71ee9a12-fdb4-4276-9e19-48b02042e3b7,completed,2023-03-06 20:43:42.066461,,
8835b3ec-e13b-4035-b4b8-4cfb27018aa1,completed,2023-03-06 20:43:42.066461,,
1e335a64-c684-486f-a1f7-6aac503d176d,completed,2023-03-06 20:43:42.066461,,
d43b78f2-3173-4ef6-b109-2f7ff09149cd,completed,2023-03-06 20:43:42.066461,,
260502eb-aa1e-4ed5-9e5b-7c605e7eaf60,completed,2023-03-06 20:43:42.066461,,
54a3f0f3-db7b-4108-9d73-2a2ef3a9a2c9,completed,2023-03-06 20:43:42.066461,,
3678f90e-656d-4295-bbb0-cc0b2210558e,completed,2023-03-06 20:43:42.066461,,
c78d4e55-3703-43c8-bd36-c70537c1b53f,completed,2023-03-06 20:43:42.066461,,
82934b5e-d9ec-476b-a866-eeae482c0f4f,completed,2023-03-06 20:43:42.066461,,
4254de49-0011-44ec-9391-ea5002ec0c40,completed,2023-03-06 20:43:42.066461,,
0de6ac1d-22cf-4fab-8de0-af42cf5857fa,completed,2023-03-06 20:43:42.066461,,
412548e1-1769-400f-9613-75c69bcd1602,completed,2023-03-06 20:43:42.066461,,
c9c62912-aec4-45c0-a711-8051a4fd1d36,completed,2023-03-06 20:43:42.066461,,
476aeff3-0912-47b1-afb0-04b4d087c748,completed,2023-03-06 20:43:42.066461,,
833b30e7-59f3-4728-a483-0f9c50fb42a2,completed,2023-03-06 20:43:42.066461,,
d7ef1947-6618-452a-917f-d877c8a87499,completed,2023-03-06 20:43:42.066461,,
5c11a1d0-b290-48ee-ad87-693c3f58c671,completed,2023-03-06 20:43:42.066461,,
e3f072c8-fa07-4501-99c2-c6b9bac9a76e,completed,2023-03-06 20:43:42.066461,,
a79cecae-9889-49dc-b87c-fda5f0dea79a,completed,2023-03-06 20:43:42.066461,,
1d4bbc1e-5a20-4ab9-8e0b-77521282eaf4,completed,2023-03-06 20:43:42.066461,,
17bedb69-77a5-4862-884b-b94561d66580,completed,2023-03-06 20:43:42.066461,,
e88f6264-e791-4bb5-b6b7-a6386a1966d3,completed,2023-03-06 20:43:42.066461,,
c1e78087-6951-4f86-beee-6a3aae876a17,completed,2023-03-06 20:43:42.066461,,
bfcacc5e-70c8-4d40-96d7-17235763764e,completed,2023-03-06 20:43:42.066461,,
12bf5625-fb97-40a0-94e1-a0b94cd30ca9,completed,2023-03-06 20:43:42.066461,,
46670051-1b2e-4df2-8753-165cc1c29555,completed,2023-03-06 20:43:42.066461,,
0ab57411-f895-431c-9891-e9db12114cff,completed,2023-03-06 20:43:42.066461,,
c7013f51-0810-469d-bcb4-ed370fc97a9e,completed,2023-03-06 20:43:42.066461,,
6854b1bf-6eea-44af-856c-41cfda0a1d0f,completed,2023-03-06 20:43:42.066461,,
f6b19e31-0303-433d-9deb-953b58a73451,completed,2023-03-06 20:43:42.066461,,
d443c0c8-88ba-4a19-a695-0ad985bad7ab,completed,2023-03-06 20:43:42.066461,,
7658edb8-9200-4ebe-bd50-2507b63a74e1,completed,2023-03-06 20:43:42.066461,,
12b18a12-71c9-4ffc-82e6-d6eb25254924,completed,2023-03-06 20:43:42.066461,,
f7472b30-3ec1-4cf1-ae98-11ba9f0d28e2,completed,2023-03-06 20:43:42.066461,,
b016302a-7638-4329-b4d8-874972bdf226,completed,2023-03-06 20:43:42.066461,,
6d00c8ce-17f8-4982-a835-cfba4d0ccaaf,completed,2023-03-06 20:43:42.066461,,
bd26621a-f6c1-4327-a8ec-7c6642489dd4,completed,2023-03-06 20:43:42.066461,,
82b158f2-cf2e-48dc-b2ef-b3d039181ccc,completed,2023-03-06 20:43:42.066461,,
5f8ba077-bcb5-411f-a597-73961f770b61,completed,2023-03-06 20:43:42.066461,,
24522388-3416-4298-aede-a9bfe2f77a2c,completed,2023-03-06 20:43:42.066461,,
c2e4168a-af51-4404-9c91-4ffe5519442b,completed,2023-03-06 20:43:42.066461,,
1c916137-0ad4-4e36-bcdf-6bdd1a6192af,completed,2023-03-06 20:43:42.066461,,
90102a22-0632-45e5-bb7c-4e30e2f5ddc8,completed,2023-03-06 20:43:42.066461,,
8be92f9d-ead7-4beb-b706-4a81761de92c,completed,2023-03-06 20:43:42.066461,,
6d3b0b42-ba79-404f-9253-f557485217f5,completed,2023-03-06 20:43:42.066461,,
59e2cff4-33fc-4eea-acac-be1c7b9eea60,completed,2023-03-06 20:43:42.066461,,
8ecf8b87-69f2-4409-a7b3-f44013544734,completed,2023-03-06 20:43:42.066461,,
cb108e96-e1a2-420b-b0a3-3a377dc2a6b8,completed,2023-03-06 20:43:42.066461,,
57e2ae32-8675-4183-861e-7e58e7992736,completed,2023-03-06 20:43:42.066461,,
64ff5f48-696c-40a0-aca9-f441d6a3dc31,completed,2023-03-06 20:43:42.066461,,
e706f96d-08b0-4c61-aa6b-bfd16ff811ce,completed,2023-03-06 20:43:42.066461,,
ba8598f9-5f52-4b8b-934f-f2ecea605f09,completed,2023-03-06 20:43:42.066461,,
b596155b-a8a6-45d1-8514-f7bbd44a2194,completed,2023-03-06 20:43:42.066461,,
918fc6b0-ee44-4074-a4b0-b9729b7efa6e,completed,2023-03-06 20:43:42.066461,,
1be2e3a8-fe09-4f2d-a930-317ba7c0bdbe,completed,2023-03-06 20:43:42.066461,,
bb03892b-554c-47cb-8ffb-76ca86d53ade,completed,2023-03-06 20:43:42.066461,,
6aa5885a-09ff-4c14-9412-76359e452822,completed,2023-03-06 20:43:42.066461,,
b0cf1bc9-6b22-459e-8b95-ae213e6bd528,completed,2023-03-06 20:43:42.066461,,
69255348-76cd-437e-a602-d915e28c465d,completed,2023-03-06 20:43:42.066461,,
ebbe5e1b-b5e4-4a4b-a3c1-4720e02a0604,completed,2023-03-06 20:43:42.066461,,
7f4ff7b1-f3b2-4b75-abc6-d69d2efd8cf4,completed,2023-03-06 20:43:42.066461,,
b8b644ee-5df9-4431-a1d8-be1db16ce106,completed,2023-03-06 20:43:42.066461,,
6e15e44f-939e-4d1c-b219-4145aacb87bc,completed,2023-03-06 20:43:42.066461,,
86dd551e-7843-43ab-bcfe-ea709263d9f7,completed,2023-03-06 20:43:42.066461,,
23181502-9b56-42d3-9e8a-82813aba5d53,completed,2023-03-06 20:43:42.066461,,
2f5c9f29-b407-43b2-9edc-b44015164f05,completed,2023-03-06 20:43:42.066461,,
85813d5e-1df3-4b6a-af04-8cfa9103cf6e,completed,2023-03-06 20:43:42.066461,,
1eca8ca7-d720-4c2c-8195-8e1fe06890a4,completed,2023-03-06 20:43:42.066461,,
3cdfd327-bfe5-4775-9b07-7ef47e237ebb,completed,2023-03-06 20:43:42.066461,,
28a6dbd5-a718-4dbb-ae1e-aed58e2d38cc,completed,2023-03-06 20:43:42.066461,,
cf77bef9-0a00-4a65-aed4-3dea03dee1c3,completed,2023-03-06 20:43:42.066461,,
349deb05-d1c9-4d82-8cab-9771f844ff2a,completed,2023-03-06 20:43:42.066461,,
c5e781c3-cd13-46e1-8922-74812a6f7a17,completed,2023-03-06 20:43:42.066461,,
9e4e1c37-e448-489e-8af7-bbd05d0b6a52,completed,2023-03-06 20:43:42.066461,,
6d554f0c-a176-4ff7-aac3-96ccc555d4fe,completed,2023-03-06 20:43:42.066461,,
52f3fa1b-3b92-4490-9bae-4b82d21952e6,completed,2023-03-06 20:43:42.066461,,
ef408be3-1397-41dc-99d4-037beb24276e,completed,2023-03-06 20:43:42.066461,,
24ef0388-83a5-4c05-bdef-0d8547fbc21f,completed,2023-03-06 20:43:42.066461,,
6ae02961-100b-4964-badd-642cd1bd5d8a,completed,2023-03-06 20:43:42.066461,,
57058567-7e57-4971-a2d3-aa179607f72f,completed,2023-03-06 20:43:42.066461,,
a64c2158-adea-43f5-ba04-d3c2f4d08d56,completed,2023-03-06 20:43:42.066461,,
54272bf5-6eb0-4b7a-bb57-f7dad1f1715b,completed,2023-03-06 20:43:42.066461,,
d034c1e6-429c-4900-bb2a-d7615d810522,completed,2023-03-06 20:43:42.066461,,
2b64cacf-a3ba-4dc7-ac5a-9fa283e3efb4,completed,2023-03-06 20:43:42.066461,,
41910cfa-54ed-479e-b1d3-f5bcc6caf01d,completed,2023-03-06 20:43:42.066461,,
e6dd209a-b9e8-4659-a760-007bf42025e7,completed,2023-03-06 20:43:42.066461,,
51cf4d25-55d6-4281-8ad3-c9cf6b1d8018,completed,2023-03-06 20:43:42.066461,,
d5103262-5ea0-4763-971f-2dcbbfc57526,completed,2023-03-06 20:43:42.066461,,
ac63145f-32ca-4012-ae22-8d2957360b60,completed,2023-03-06 20:43:42.066461,,
839bc69a-a3ac-4c7c-b274-2740cc992b3a,completed,2023-03-06 20:43:42.066461,,
6bb4fadb-b2ee-4539-bf89-61d5ce46993b,completed,2023-03-06 20:43:42.066461,,
b9a46f1c-f57e-4f05-8329-90390d43244f,completed,2023-03-06 20:43:42.066461,,
880244d6-fbf1-4078-8b88-f538c66f472a,completed,2023-03-06 20:43:42.066461,,
efa1a846-1746-4241-b7c3-1b86836a083b,completed,2023-03-06 20:43:42.066461,,
c2619624-afb1-4371-95fd-40c6567d108e,completed,2023-03-06 20:43:42.066461,,
78422a1d-11d8-437a-bd2b-8d036bc7b9d4,completed,2023-03-06 20:43:42.066461,,
a990b5e3-53a7-4dbc-a25b-b98503642cc2,completed,2023-03-06 20:43:42.066461,,
a95436aa-7b3e-4887-bd6c-5329d5446dcc,completed,2023-03-06 20:43:42.066461,,
a84b4d54-ba4f-4c5b-94c1-73a82b86c301,completed,2023-03-06 20:43:42.066461,,
53de2844-adf9-4e2b-bc7b-7fdf7f05bbc7,completed,2023-03-06 20:43:42.066461,,
44333532-b15c-48a6-8fa0-8ad36e952480,completed,2023-03-06 20:43:42.066461,,
c5e12367-57f9-425d-b656-a9d666f668a1,completed,2023-03-06 20:43:42.066461,,
59c1bb5b-adfc-480a-b9e5-a46ae010d8e7,completed,2023-03-06 20:43:42.066461,,
5874f710-ce10-4e95-9084-aed192c00380,completed,2023-03-06 20:43:42.066461,,
113e8725-62ea-46c9-9aaf-f787555544e5,completed,2023-03-06 20:43:42.066461,,
17ffebf4-4408-41c7-b8df-ed0f58d24bc4,completed,2023-03-06 20:43:42.066461,,
31a78166-8823-4e61-b14e-964fb3345bc7,completed,2023-03-06 20:43:42.066461,,
91ff66d1-f478-4ad6-ba42-de6bc06d5505,completed,2023-03-06 20:43:42.066461,,
af986c53-c883-434c-aa97-392b5fcd1273,completed,2023-03-06 20:43:42.066461,,
dfaa24bf-4944-453f-87af-e40255818d5c,completed,2023-03-06 20:43:42.066461,,
0ec3a2a9-9c82-4731-8bd3-291228069e85,completed,2023-03-06 20:43:42.066461,,
085659ad-0523-459a-84f0-a88724172b4b,completed,2023-03-06 20:43:42.066461,,
7b533ceb-66e6-4e53-aeb5-2e3838080e98,completed,2023-03-06 20:43:42.066461,,
4ccfe8cd-cd1f-428f-a35b-a90c48b8d0a6,completed,2023-03-06 20:43:42.066461,,
e6038c42-7f0d-488e-bfae-c6f5b7a6a12a,completed,2023-03-06 20:43:42.066461,,
587649b3-9825-45db-b306-270a0813d82a,completed,2023-03-06 20:43:42.066461,,
8c44e168-f913-4802-a2a8-bcd6af03d1d6,completed,2023-03-06 20:43:42.066461,,
2dee9c5b-c58f-4e41-aa40-739183377e26,completed,2023-03-06 20:43:42.066461,,
e29ae5b3-6917-49dd-8c0f-26bfac8ea37d,completed,2023-03-06 20:43:42.066461,,
46cf66fe-eb4d-47b6-a84c-cfaeceadcc68,completed,2023-03-06 20:43:42.066461,,
a3615376-2d26-4616-ad77-1b8e990b2a47,completed,2023-03-06 20:43:42.066461,,
bc4d9e21-1e2d-4a69-acf1-606edabb2f2f,completed,2023-03-06 20:43:42.066461,,
f481fe50-50f8-4d4c-8c75-c085f300b8f2,completed,2023-03-06 20:43:42.066461,,
f8d63741-7ed8-4ff4-947d-99d7ae8e2505,completed,2023-03-06 20:43:42.066461,,
a5990dff-b77e-4c29-8bd0-91abe41ae28f,completed,2023-03-06 20:43:42.066461,,
e5dd629c-bf1a-4cab-9289-f1374856b280,completed,2023-03-06 20:43:42.066461,,
2b183d48-8c86-41b1-b635-438e4bc9c658,completed,2023-03-06 20:43:42.066461,,
0958c321-e4cc-4d35-95e9-1b06194645ba,completed,2023-03-06 20:43:42.066461,,
6f7ce81b-c68a-4f10-b680-02224b0662b7,completed,2023-03-06 20:43:42.066461,,
b39f61bf-e404-4149-847a-a815f64d7344,completed,2023-03-06 20:43:42.066461,,
81444abf-1fa1-481f-b0c1-c8ce1c07cab6,completed,2023-03-06 20:43:42.066461,,
6a58583d-fab7-43e7-b466-f2ff96f6d517,completed,2023-03-06 20:43:42.066461,,
c3b2a10f-1bff-4c00-bb43-91d9d6c7f40c,completed,2023-03-06 20:43:42.066461,,
89542c4a-572a-447f-b47d-ed077c737331,completed,2023-03-06 20:43:42.066461,,
8ff82b78-728e-4c28-b3e8-e2be8646705c,completed,2023-03-06 20:43:42.066461,,
2d5a2315-6fd5-498d-abf4-606546a6f499,completed,2023-03-06 20:43:42.066461,,
2d53ee73-3551-43ac-94a1-177ede068a4b,completed,2023-03-06 20:43:42.066461,,
f58a41d5-05dd-4c6d-9ac5-27a11c544c23,completed,2023-03-06 20:43:42.066461,,
ebd81615-2891-4f5a-b06d-da985668eeb5,completed,2023-03-06 20:43:42.066461,,
6695d952-2360-48f0-87c7-718bdf5fb1ad,completed,2023-03-06 20:43:42.066461,,
58ba3e15-896f-4cad-8473-28b5378790e8,completed,2023-03-06 20:43:42.066461,,
163cd7fc-a57a-4b34-85cf-96a866b27616,completed,2023-03-06 20:43:42.066461,,
a54552dd-a5e9-4a8d-8074-2a0aa244060b,completed,2023-03-06 20:43:42.066461,,
d1128d8d-34fb-4fc9-b637-e160243c641f,completed,2023-03-06 20:43:42.066461,,
436f43e9-e979-464a-a569-87a04f367afa,completed,2023-03-06 20:43:42.066461,,
3e9be511-2ccc-4bcb-ae5e-bfd5d0234ea6,completed,2023-03-06 20:43:42.066461,,
